0
-1200.99
-136.031
178.987
-93.725
-76.163
60.826
-73.453
-47.212
147.17
-56.739
-48.583
82.881
5.484
-130.293
96.409
-52.796
-3.138
91.662
-60.744
89.026
-116.17
-19.536
135.298
-150.77
233.721
-217.946
56.006
-60.49
-6.681
228.048
-233.918
110.363
488.316
-365.682
-114.743
-106.63
6.493
59.562
52.709
37.532
-155.002
59.072
-71.538
74.303
-80.186
66.173
37.745
-123.405
471.465
-350.124
-29.975
181.61
-159.902
-55.17
-0.047
-23.388
237.482
-165.713
-93.206
31.293
275.074
-233.794
132.617
-217.026
91.302
-36.014
-75.321
45.73
96.715
-94.345
134.8
-49.289
-115.089
117.341
-89.508
4.964
-22.752
97.92
-92.181
86.974
-60.948
-75.186
11.184
29.516
162.232
-76.828
-37.327
70.848
-36.348
-74.309
47.078
21.538
-44.112
38.594
-50.097
29.698
54.728
-123.569
33.568
49.043
-55.701
53.235
157.326
139.653
-112.73
-63.35
-52.869
-11.525
-112.315
272.562
-162.767
-115.674
119.866
-50.362
-72.351
91.659
41.709
-35.345
-2.534
78.997
-81.265
-38.936
-51.316
54.836
23.378
63.886
-50.849
-62.111
138.681
91.535
-228.783
68.722
-120.443
356.592
-191.723
-140.293
164.927
-67.649
-74.684
46.27
12.663
-44.488
-7.708
137.104
-64.765
-104.752
51.533
40.298
-9.419
-79.756
141.649
-47.618
-113.263
118.227
-47.333
-25.19
370.664
352.754
80.291
-561.355
2466.2
-2743.68
785.464
-597.113
-55.762
-11.554
-41.324
158.404
579.042
-661.793
-175.355
156.585
-20.963
28.935
-135.184
144.582
-149.447
157.407
-32.865
-118.108
4.446
170.464
-64.326
-15.933
-18.441
-68.157
142.405
-137.393
132.445
-32.538
-53.602
159.174
-15.326
-93.664
-51.033
-58.83
38.952
131.713
-142.447
87.276
-49.652
33.491
-115.636
30.94
106.973
-54.808
39.381
37.623
-165.443
723.416
-507.564
-42.488
-67.563
47.593
147.52
-178.466
-69.479
96.718
-107.864
93.091
-93.125
-2.488
96.07
-15.731
-38.654
-45.853
91.14
-62.532
30.475
20.158
179.516
-221.606
239.953
-169.385
38.456
260.844
339.367
-293.671
-148.65
41.359
-129.653
-46.027
41.047
-8.845
-103.525
144.553
-207.203
110.484
-124.139
-7.859
55.778
141.61
-92.399
2.709
-42.578
-89.108
-29.083
196.854
-154.096
8.355
24.726
69.914
13.345
-128.84
1882.29
-1689.96
-202.617
120.771
-39.859
462.258
-377.082
-20.386
52.157
-178.172
100.26
-45.682
-71.692
112.808
22.621
-115.451
113.132
-88.436
53.837
8.865
259.982
-120.08
662.812
-487.723
-258.079
-146.483
82.284
4.232
-4.037
-290.503
488.185
590.868
-673.597
-129.686
172.869
152.902
-388.825
114.22
168.732
225.793
-428.225
-96.095
95.685
-50.174
95.314
-155.322
121.084
13.669
-44.917
-60.599
211.742
-107.013
-2.617
-13.603
31.696
-124.126
61.317
223.399
-214.754
1577.68
-840.73
-586.091
-212.74
-38.4
2253.41
-2021.58
97.934
-271.429
72.758
65.221
-6.552
-180.659
183.061
-204.284
256.945
-205.737
98.824
-31.588
-113.794
17.262
118.283
-103.222
44.543
81.466
-83.689
106.642
-65.564
-35.912
-67.481
63.082
2.824
12.538
25.75
-124.575
25.209
-9.58
91.663
-104.899
183.527
-53.958
-116.984
50.037
45.223
41.341
8.159
-129.09
53.9
-3.984
14.893
132.036
-51.582
-100.425
324.447
-290.333
104.524
-15.423
785.757
-814.63
-142.276
133.944
-114.28
160.12
-92.854
-73.66
135.523
-153.622
183.166
-153.783
109.99
-50.267
-92.577
121.738
-60.44
15.74
95.727
-170.264
-6.222
108.139
35.137
-98.373
44.648
2.066
1387.61
-1394.6
171.833
-176.841
1136.45
-1161.48
-7.716
-7.24
47.965
23.982
-93.961
250.187
-133.456
-90.182
-46.152
139.762
-78.336
1269.42
-1182.23
-65.132
44.452
45.85
-198.934
151.733
-13.475
-110.06
18.561
129.215
-96.789
32.508
-1.857
69.276
-48.738
313.72
-273.809
164.428
-41.067
-141.7
-44.172
-78.809
47.307
-59.021
198.303
-199.228
176.332
-41.216
-118.187
13.475
163.843
31.766
-179.233
62.699
-16.377
-71.011
259.401
-96.982
-149.082
141.622
-100.079
5.951
101.89
40.256
-186.462
177.116
-113.515
75.058
-45.465
47.81
-141.264
373.253
-406.656
258.921
-105.32
37.524
-159.195
272.021
-153.278
79.133
79.823
-173.965
115.699
-118.832
186.404
-92.897
-181.724
71.09
35.653
-38.624
-73.193
130.941
-79.302
-14.651
-84.489
170.181
-47.54
-6.553
-62.042
4.059
-30.723
110.185
-86.709
161.133
-47.564
-135.721
-34.498
268.122
228.408
-307.455
-12.57
-110.69
180.987
-119.758
-51.217
30.084
514.542
-590.995
534.097
-302.004
-202.185
4.934
112.477
-115.862
94.794
-58
58.475
-62.034
-19.274
56.086
-99.701
192.663
-171.243
177.204
-113.816
85.922
-100.767
39.953
224.06
-192.12
95.768
-109.679
110.497
-138.815
-123.003
145.328
-80.133
153.188
-22.549
-168.19
129.517
-59.713
-80.274
75.327
-42.612
81.39
33.657
-148.837
156.458
28.253
-172.95
285.558
-189.638
64.199
-114.922
-37.189
74.32
-80.445
-8.11
75.405
4.294
4.45
-95.906
401.04
-307.604
12.832
-106.029
140.193
-123.012
45.188
-37.965
171.546
-136.4
239.681
-196.363
40.632
-20.304
1052.38
-989.641
-74.734
22.077
20.885
-129.638
27.919
-5.897
28.153
37.369
236.967
-265.749
53.659
-138.104
62.484
44.691
-110.088
84.963
-46.994
41.086
5.774
498.886
1255.42
-326.642
-925.027
-451.112
43.217
54.891
21.621
-241.973
100.661
-33.259
11.181
15.657
28.822
-79.514
194.677
396.858
-569.272
363.596
-280.214
-79.827
18.437
22.672
122.801
967.777
-1033.77
-32.394
-133.175
115.406
-17.183
-7.808
-88.598
262.279
-106.496
13.262
2030.3
-1716.73
-129.901
-279.65
85.655
-58.161
-72.21
42.162
-65.884
32.292
132.498
-79.528
0.867
1.458
-49.496
71.095
-11.321
-87.335
84.812
34.252
-45.092
-48.589
-1.54
49.231
24.535
-139.514
144.929
-89.989
20.092
3.516
145.406
-105.874
-60.094
143.008
-88.712
-27.278
7.4
166.376
-213.792
98.12
311.536
-335.842
-64.224
125.382
-127.613
107.492
25.182
403.142
-361.349
-62.065
27.404
-85.46
