0.413621 0.412789 0.431308 0.432405 0.428209 0.405215 0.417834 0.426036 0.409595 0.403948 0.423988 0.431395 0.429455 0.41375 0.42386 0.427408 0.420957 0.413964 0.420714 0.430479 0.43112 0.430636 0.423399 0.427614 0.435486 0.441423 0.426485 0.422269 0.433419 0.414004 0.430672 0.446004 0.42964 0.426209 0.426498 0.428173 0.433481 0.418419 0.424821 0.422761 0.423829 0.424584 0.416363 0.422828 0.43586 0.427772 0.430415 0.426472 0.412139 0.419014 0.416374 0.417001 0.418811 0.432859 0.439472 0.434647 0.430089 0.426308 0.43035 0.428306 
0.417283 0.414648 0.431831 0.424255 0.426082 0.407368 0.411002 0.432647 0.422953 0.417903 0.42714 0.42044 0.427742 0.41466 0.437435 0.429824 0.431214 0.411901 0.433799 0.43449 0.432004 0.434707 0.417068 0.427678 0.434262 0.446405 0.425325 0.423467 0.430584 0.414188 0.426371 0.432217 0.435842 0.43005 0.437035 0.420974 0.432486 0.414357 0.424049 0.431098 0.414149 0.433737 0.4341 0.428238 0.440551 0.435203 0.431089 0.434395 0.414532 0.415575 0.418621 0.420315 0.421765 0.441407 0.430553 0.435081 0.43049 0.42875 0.43275 0.433067 
0.412951 0.420566 0.434115 0.42833 0.427184 0.411273 0.42209 0.435073 0.422886 0.409471 0.432799 0.427965 0.429167 0.414764 0.422533 0.422608 0.427706 0.410963 0.427979 0.4299 0.425083 0.437082 0.426815 0.422555 0.438672 0.43943 0.426916 0.428522 0.431442 0.415984 0.432 0.440865 0.430788 0.43024 0.431898 0.425406 0.43869 0.418383 0.423472 0.428296 0.417905 0.429892 0.427584 0.427165 0.435961 0.430984 0.436722 0.436079 0.412147 0.412581 0.428036 0.423879 0.416411 0.429782 0.43097 0.433504 0.438584 0.434212 0.438275 0.43279 
0.403709 0.420085 0.429026 0.425302 0.4253 0.416835 0.418394 0.427474 0.412976 0.406541 0.431188 0.420946 0.424534 0.406621 0.423869 0.429826 0.421836 0.409127 0.427235 0.4269 0.428896 0.431617 0.417104 0.418512 0.429831 0.42865 0.419423 0.429471 0.426154 0.412206 0.426929 0.43253 0.426259 0.426416 0.430299 0.424432 0.43878 0.406182 0.429698 0.430784 0.416109 0.426462 0.423504 0.419734 0.427439 0.4239 0.430321 0.431302 0.41095 0.422383 0.418065 0.41337 0.419711 0.430402 0.425864 0.433257 0.437534 0.425123 0.433872 0.432211 
0.409876 0.422961 0.429551 0.422327 0.42557 0.413002 0.417627 0.439408 0.422469 0.399768 0.425707 0.426812 0.425222 0.404609 0.438718 0.42759 0.426041 0.410293 0.430241 0.425486 0.433875 0.425633 0.40971 0.431258 0.440576 0.439429 0.431781 0.427773 0.428179 0.426531 0.428241 0.436849 0.437987 0.428327 0.430398 0.420363 0.444545 0.413769 0.420818 0.428414 0.427943 0.422038 0.422285 0.42377 0.429743 0.427417 0.431013 0.429666 0.412668 0.418705 0.425233 0.41698 0.426608 0.435523 0.425207 0.435823 0.42529 0.42979 0.434064 0.435891 
0.41244 0.417889 0.433407 0.421219 0.432377 0.41951 0.413289 0.427734 0.41863 0.405089 0.428383 0.426377 0.429872 0.414668 0.427852 0.428119 0.425779 0.421398 0.428791 0.433236 0.430915 0.4405 0.419623 0.418442 0.43545 0.448028 0.425489 0.429635 0.421134 0.422092 0.429209 0.435757 0.428314 0.429775 0.415469 0.43183 0.441174 0.414643 0.425657 0.425665 0.406901 0.431921 0.431433 0.423297 0.441033 0.426333 0.435112 0.423499 0.412179 0.41326 0.417954 0.414102 0.426191 0.430143 0.426177 0.441967 0.438612 0.428538 0.428307 0.433765 
0.408963 0.425934 0.434071 0.424539 0.433434 0.419312 0.428454 0.429695 0.421982 0.408557 0.428201 0.432285 0.428377 0.408295 0.430838 0.428835 0.434095 0.411969 0.4272 0.426649 0.43096 0.437332 0.411353 0.424483 0.430785 0.449352 0.431484 0.429623 0.423899 0.416574 0.424708 0.441172 0.427556 0.429215 0.42253 0.423431 0.439168 0.420485 0.432304 0.437547 0.425801 0.430401 0.425296 0.422605 0.435182 0.432385 0.438016 0.444521 0.40904 0.420067 0.418715 0.422427 0.41751 0.436214 0.431649 0.437175 0.434019 0.431209 0.435375 0.438699 
0.406439 0.425164 0.43151 0.420472 0.419903 0.416733 0.425044 0.425278 0.415526 0.412689 0.43038 0.438334 0.420856 0.412189 0.430137 0.426896 0.421749 0.408658 0.432827 0.422516 0.429583 0.445353 0.421818 0.42993 0.425607 0.437053 0.421458 0.422246 0.428105 0.416166 0.431913 0.441243 0.43204 0.42565 0.428978 0.415393 0.435243 0.409718 0.426408 0.436854 0.418198 0.43068 0.433688 0.418364 0.432187 0.436919 0.431182 0.430668 0.410275 0.419816 0.417628 0.416823 0.424138 0.433659 0.426442 0.427711 0.429966 0.425783 0.43154 0.433002 
0.415249 0.424607 0.428713 0.423958 0.432208 0.414705 0.415519 0.432154 0.413488 0.40071 0.436388 0.430502 0.432202 0.416936 0.430979 0.425827 0.424419 0.420772 0.422903 0.418163 0.429155 0.432227 0.413895 0.420371 0.434533 0.435938 0.424634 0.426482 0.426426 0.422858 0.430516 0.440497 0.421239 0.430881 0.426037 0.42306 0.43383 0.414052 0.419213 0.422992 0.423804 0.435617 0.424741 0.418104 0.443274 0.419409 0.437567 0.42764 0.41196 0.420906 0.423216 0.416634 0.422657 0.434718 0.431668 0.430881 0.436812 0.430555 0.431337 0.429625 
0.409921 0.420466 0.431508 0.416888 0.42057 0.39846 0.416981 0.425321 0.413741 0.400022 0.428195 0.420538 0.425851 0.404859 0.430059 0.421713 0.420327 0.40766 0.427751 0.423755 0.426332 0.435472 0.413876 0.424226 0.433132 0.440373 0.42883 0.420369 0.416053 0.408401 0.423846 0.432522 0.423694 0.421505 0.426386 0.42102 0.431989 0.418197 0.428012 0.427751 0.419123 0.418368 0.423354 0.424027 0.435655 0.424959 0.430665 0.420374 0.405051 0.412026 0.417906 0.418299 0.418339 0.436116 0.430814 0.42686 0.433032 0.427115 0.424719 0.43515 
0.406641 0.422429 0.432462 0.432689 0.433826 0.413446 0.420796 0.429634 0.416582 0.405943 0.429211 0.429672 0.428434 0.419397 0.428615 0.43191 0.430706 0.416442 0.430909 0.421988 0.427397 0.435811 0.423345 0.418363 0.437471 0.435669 0.427715 0.42861 0.433426 0.419464 0.420622 0.441218 0.432109 0.438737 0.430219 0.417521 0.441773 0.415285 0.420904 0.433467 0.423246 0.43476 0.425873 0.429475 0.442445 0.434396 0.437045 0.424146 0.414379 0.424762 0.423632 0.420109 0.424161 0.446503 0.424155 0.444832 0.434362 0.437023 0.433309 0.432763 
0.417366 0.422896 0.439653 0.421216 0.422008 0.411151 0.410055 0.428947 0.413111 0.411729 0.426842 0.424609 0.428825 0.41067 0.430633 0.424392 0.431822 0.409695 0.428237 0.424856 0.438538 0.438635 0.42152 0.420255 0.431457 0.435685 0.423296 0.429524 0.426062 0.420716 0.420107 0.441387 0.432121 0.423703 0.426729 0.419641 0.439017 0.418409 0.418243 0.422396 0.4234 0.432622 0.416214 0.420257 0.440144 0.429298 0.431055 0.436286 0.411598 0.424756 0.420782 0.415332 0.418697 0.42883 0.431225 0.430189 0.434087 0.430172 0.432421 0.428521 
0.404413 0.418376 0.432317 0.422444 0.428164 0.414982 0.41283 0.430268 0.410218 0.404205 0.421199 0.420762 0.424824 0.40609 0.420646 0.421664 0.417434 0.419506 0.421733 0.424813 0.421392 0.424435 0.414711 0.409717 0.432042 0.44027 0.420011 0.421878 0.426554 0.410845 0.420089 0.431113 0.427433 0.423043 0.423116 0.4275 0.435476 0.408514 0.423286 0.432095 0.411195 0.429061 0.428533 0.417108 0.431393 0.423432 0.44546 0.428646 0.409844 0.417218 0.412609 0.421057 0.422443 0.433505 0.428867 0.425987 0.434748 0.421391 0.42492 0.432222 
0.404339 0.413917 0.430551 0.417665 0.42976 0.417472 0.414857 0.424624 0.421492 0.402573 0.43198 0.424988 0.430461 0.412411 0.433858 0.429777 0.424281 0.411911 0.427255 0.425423 0.432211 0.431857 0.422568 0.428377 0.43707 0.44186 0.424841 0.422045 0.420325 0.420434 0.423025 0.438459 0.427203 0.426239 0.42518 0.418676 0.442731 0.419521 0.419204 0.431284 0.420138 0.432066 0.424099 0.41573 0.444267 0.430839 0.434421 0.434504 0.409854 0.418851 0.42169 0.421317 0.414235 0.439169 0.434312 0.438147 0.431842 0.432311 0.428544 0.431794 
0.408418 0.425334 0.43197 0.42117 0.42623 0.416349 0.420029 0.429075 0.42054 0.409644 0.424835 0.423773 0.420816 0.408581 0.425641 0.428389 0.422949 0.412764 0.420755 0.43465 0.431525 0.439497 0.41637 0.427051 0.43988 0.437363 0.427647 0.426093 0.424737 0.418905 0.437183 0.43228 0.427963 0.43045 0.424025 0.419678 0.431405 0.424473 0.424945 0.429812 0.427976 0.424473 0.420634 0.417173 0.441372 0.434163 0.428743 0.435668 0.415271 0.422618 0.416695 0.424105 0.421715 0.435079 0.424417 0.431764 0.433034 0.438909 0.429314 0.436467 
