0
-1200.99
-136.031
178.987
-93.725
-76.163
60.826
-73.453
-47.212
147.17
-56.739
-48.583
82.881
5.484
-130.293
96.409
-52.796
-3.138
91.662
-60.744
89.026
-116.17
-19.536
135.298
-150.77
233.721
-217.946
56.006
-60.49
-6.681
228.048
-233.918
110.363
488.316
-365.682
-114.743
-106.63
6.493
59.562
52.709
37.532
-155.002
59.072
-71.538
74.303
-80.186
66.173
37.745
-123.405
471.465
-350.124
-29.975
181.61
-159.902
-55.17
-0.047
-23.388
237.482
-165.713
-93.206
31.293
275.074
-233.794
132.617
-217.026
91.302
-36.014
-75.321
45.73
96.715
-94.345
134.8
-49.289
-115.089
117.341
-89.508
4.964
-22.752
97.92
-92.181
86.974
-60.948
-75.186
11.184
29.516
162.232
-76.828
-37.327
70.848
-36.348
-74.309
47.078
21.538
-44.112
38.594
-50.097
29.698
54.728
-123.569
33.568
49.043
-55.701
53.235
157.326
139.653
-112.73
-63.35
-52.869
-11.525
-112.315
272.562
-162.767
-115.674
119.866
-50.362
-72.351
91.659
41.709
-35.345
-2.534
