0
-1200.99
-136.031
178.987
-93.725
-76.163
60.826
-73.453
-47.212
147.17
-56.739
-48.583
82.881
5.484
-130.293
96.409
-52.796
-3.138
91.662
-60.744
89.026
-116.17
-19.536
135.298
-150.77
233.721
-217.946
56.006
-60.49
-6.681
228.048
-233.918
110.363
488.316
-365.682
-114.743
-106.63
6.493
59.562
52.709
37.532
-155.002
59.072
-71.538
74.303
-80.186
66.173
37.745
-123.405
471.465
-350.124
-29.975
181.61
-159.902
-55.17
-0.047
-23.388
237.482
-165.713
-93.206
31.293
275.074
-233.794
132.617
-217.026
91.302
-36.014
-75.321
45.73
96.715
-94.345
134.8
-49.289
-115.089
117.341
-89.508
4.964
-22.752
97.92
-92.181
86.974
-60.948
-75.186
11.184
29.516
162.232
-76.828
-37.327
70.848
-36.348
-74.309
47.078
21.538
-44.112
38.594
-50.097
29.698
54.728
-123.569
33.568
49.043
-55.701
53.235
157.326
139.653
-112.73
-63.35
-52.869
-11.525
-112.315
272.562
-162.767
-115.674
119.866
-50.362
-72.351
91.659
41.709
-35.345
-2.534
78.997
-81.265
-38.936
-51.316
54.836
23.378
63.886
-50.849
-62.111
138.681
91.535
-228.783
68.722
-120.443
356.592
-191.723
-140.293
164.927
-67.649
-74.684
46.27
12.663
-44.488
-7.708
137.104
-64.765
-104.752
51.533
40.298
-9.419
-79.756
141.649
-47.618
-113.263
118.227
-47.333
-25.19
370.664
352.754
80.291
-561.355
2466.2
-2743.68
785.464
-597.113
-55.762
-11.554
-41.324
158.404
579.042
-661.793
-175.355
156.585
-20.963
28.935
-135.184
144.582
-149.447
157.407
-32.865
-118.108
4.446
170.464
-64.326
-15.933
-18.441
-68.157
142.405
-137.393
132.445
-32.538
-53.602
159.174
-15.326
-93.664
-51.033
-58.83
38.952
131.713
-142.447
87.276
-49.652
33.491
-115.636
30.94
106.973
-54.808
39.381
37.623
-165.443
723.416
-507.564
-42.488
-67.563
47.593
147.52
-178.466
-69.479
96.718
-107.864
93.091
-93.125
-2.488
96.07
-15.731
-38.654
-45.853
91.14
-62.532
30.475
20.158
179.516
-221.606
239.953
-169.385
38.456
260.844
339.367
-293.671
-148.65
