0
184.816
-37.389
51.123
18.404
-41.766
53.829
-63.526
-42.978
30.804
25.154
-24.881
46.748
28.207
-136.525
82.855
18.273
-38.886
225.888
-151.98
-86.587
12.101
-33.282
13.656
157.133
309.449
-469.886
7.249
15.328
-20.77
78.577
-74.114
54.686
7.219
-81.618
110.352
-37.544
-43.212
43.287
96.295
-156.863
0.716
30.736
-82.483
117.824
225.875
-219.697
-41.152
293.314
134.509
-402.265
49.67
-80.203
678.366
-638.644
-21.946
259.177
360.735
-496.874
-189.232
64.746
63.353
199.133
-218.369
-74.665
119.61
-102.019
-33.732
6.399
73.299
-44.713
-44.636
103.068
-74.046
49.782
-33.012
603.002
-278.398
-338.291
-13.142
104.114
-106.973
172.299
-192.321
108.582
135.538
-190.104
117.874
214.397
-341.738
-26.448
-10.13
72.122
-26.025
-74.4
16.302
9.884
33.355
-66.744
121.772
-34.321
-57.995
71.714
-23.283
-10.618
171.469
14.762
917.51
58.644
-1017.56
-297.094
341.911
-341.912
210.092
-82.694
10.802
20.111
7.321
64.17
107.298
-138.863
40.046
-17.672
-63.039
25.41
-56.452
9.189
989.842
-950.503
-49.981
18.441
-10.777
40.214
-94.135
92.205
70.369
-28.986
46.449
45.583
407.374
-521.195
-71.003
48.278
-10.079
7.143
-8.859
114.509
-54.719
-46.636
48.195
-89.451
141.346
-103.114
20.942
56.614
-103.933
28.671
-55.882
53.751
88.304
641.786
-304.589
-326.384
-146.328
64.696
82.594
-31.204
-46.723
-7.732
39.35
-7.912
-28.354
-63.641
-7.115
74.731
15.948
106.038
-112.226
-110.289
98.782
-56.437
-1.425
83.276
-72.671
381.451
-211.3
639.177
-729.738
-20.426
-68.371
69.276
22.66
69.827
-67.794
46.035
-71.436
-17.894
9.325
33.403
-15.21
180.047
-168.81
-67.886
-67.271
62.101
-5.658
-19.744
-12.25
88.891
11.598
-74.817
685.987
-70.465
576.128
-1125.75
1.703
297.087
-355.995
1083.08
-1018.29
23.022
-75.504
-8.901
1.207
179.121
-134.905
-78.081
101.175
36.803
-135.289
8.171
52.49
-12.718
115.785
-45.25
-95.703
95.156
180.154
-297.075
276.973
-182.186
21.064
184.598
-170.023
-43.852
30.37
-94.788
89.975
-52.565
-45.344
115.383
-95.301
49.689
-11.939
-62.143
11.831
59.957
-48.999
38.106
32.691
-62.749
87.768
24.824
34.66
-103.708
62.495
-44.029
11.711
-68.63
17.689
6.32
-8.517
2.401
-17.232
-15.155
-22.496
89.567
119.497
-104.86
210.334
-238.761
366.271
-279.353
-149.011
70.529
-65.143
19.67
3.189
102.949
-102.723
2.588
238.869
-195.151
18.706
-98.388
79.753
40.153
-151.874
48.128
89.03
48.483
29.074
-149.401
7.377
-10.558
-3.261
-3.027
40.121
77.209
58.13
74.123
-293.235
100.061
-142.123
133.402
13.987
-101.174
27.982
204.324
-21.005
-133.829
23.634
-70.96
16.993
1475.66
-1441.9
-125.267
13.942
59.42
1256.66
-1116.22
-116.95
211.027
-202.817
37.347
23.093
-115.523
3.578
29.466
47.512
-55.417
-31.571
26.628
-72.888
82.486
31.55
-55.711
89.574
-52.359
279.432
-236.399
54.486
-141.673
2.935
23.545
-9.543
-14.225
-8.137
-29.204
29.485
-9.785
374.082
-356.247
34.556
-13.137
-39.285
98.929
36.297
-112.635
59.357
-32.937
-38.337
61.068
-77.793
157.266
-134.278
38.706
336.283
-295.856
27.152
-58.639
293.382
-299.042
-62.531
43.262
53.487
99.136
-162.212
10.04
27.31
-21.14
42.447
63.071
-56.725
-74.122
-19.558
96.036
-92.281
3.491
81.768
-101.932
41.368
-0.293
97.596
-62.347
19.174
-47.356
29.018
-16.105
-18.107
5.851
-59.35
169.272
-136.618
245.897
-167.42
-39.488
-39.845
104.184
-89.577
220.628
-57.838
-165.03
0.431
64.159
1049.64
-928.473
-111.344
-67.076
-39.242
196.376
-295.109
303.282
-182.284
32.88
218.855
-158.496
-95.52
491.697
-148.337
103.149
-353.801
-116.615
33.249
-38.975
19.42
10.362
205.42
-119.028
-40.91
-9.631
-56.113
89.342
-69.759
53.582
-57.065
38.266
608.149
-504.597
-48.187
-83.555
20.471
222.727
437.983
-575.159
-95.818
208.241
-226.9
1120.87
-1025.1
-127.103
33.892
29.222
-28.259
146.647
479.76
-581.123
59.319
-48.01
-68.975
136.098
355.817
-355.959
29.512
902.291
-811.574
-24.919
-205.493
74.712
-39.742
92.471
230.536
-106.512
134.337
-268.48
-3.48
-98.6
30.117
261.414
-124.077
-79.699
55.397
-64.351
-146.675
37.78
31.909
-32.923
-1.486
114.948
-124.356
12.452
31.193
98.59
-35.702
15.891
-102.824
20.579
85.518
-116.984
-6.568
200.269
38.486
-65.636
-143.453
38.529
-87.221
199.48
-183.155
37.067
14.862
14.237
-25.318
-25.208
6.334
16.463
4.089
36.491
-92.49
320.86
-68.311
-171.321
-56.747
51.942
310.55
-314.618
80.281
-74.405
-15.121
-29.112
30.857
-18.795
89.873
39.596
-7.342
-168.309
75.549
20.353
-62.171
14.291
-42
2034.55
-1935.83
-138.139
870.251
-729.749
-103.756
22.73
126.827
-97.114
341.403
-357.769
18.496
-61.19
246.364
35.246
-117.596
-71.576
104.665
-136.162
378.364
-341.388
-40.584
27.791
-56.616
-4.444
41.734
92.44
-75.413
-24.841
438.16
-359.78
-119.167
87.487
23.436
33.356
-28.149
38.949
-111.648
-11.62
5.462
37.365
138.851
-49.721
628.574
-618.622
-180.628
24.141
36.335
-48.071
-3.064
10.239
-10.752
10.279
559.802
524.974
429.912
-1415.13
-64.972
264.691
-254.719
-38.624
339.48
-301.311
5.192
19.88
100.906
-76.918
136.03
-230.12
34.274
22.82
-14.666
45.06
-76.721
-1.878
41.34
-68.816
80.122
-65.069
-12.005
2.595
18.192
147.894
-105.175
78.648
-36.575
-48.472
-70.687
118.632
-33.633
21.679
105.432
-68.609
-60.263
71.181
-37.54
-84.727
47.308
20.548
36.399
