0
184.816
-37.389
51.123
18.404
-41.766
53.829
-63.526
-42.978
30.804
25.154
-24.881
46.748
28.207
-136.525
82.855
18.273
-38.886
225.888
-151.98
-86.587
12.101
-33.282
13.656
157.133
309.449
-469.886
7.249
15.328
-20.77
78.577
-74.114
54.686
7.219
-81.618
110.352
-37.544
-43.212
43.287
96.295
-156.863
0.716
30.736
-82.483
117.824
225.875
-219.697
-41.152
293.314
134.509
-402.265
49.67
-80.203
678.366
-638.644
-21.946
259.177
360.735
-496.874
-189.232
64.746
63.353
199.133
-218.369
-74.665
119.61
-102.019
-33.732
6.399
73.299
-44.713
-44.636
103.068
-74.046
49.782
-33.012
603.002
-278.398
-338.291
-13.142
104.114
-106.973
172.299
-192.321
108.582
135.538
-190.104
117.874
214.397
-341.738
-26.448
-10.13
72.122
-26.025
-74.4
16.302
9.884
33.355
-66.744
121.772
-34.321
-57.995
71.714
-23.283
-10.618
171.469
14.762
917.51
58.644
-1017.56
-297.094
341.911
-341.912
210.092
-82.694
10.802
20.111
7.321
64.17
107.298
-138.863
40.046
-17.672
-63.039
25.41
-56.452
9.189
989.842
-950.503
-49.981
18.441
-10.777
40.214
-94.135
92.205
70.369
-28.986
46.449
45.583
407.374
-521.195
-71.003
48.278
-10.079
7.143
-8.859
114.509
-54.719
-46.636
48.195
-89.451
141.346
-103.114
20.942
56.614
-103.933
28.671
-55.882
53.751
88.304
641.786
-304.589
-326.384
-146.328
64.696
82.594
-31.204
-46.723
-7.732
39.35
-7.912
-28.354
-63.641
-7.115
74.731
15.948
106.038
-112.226
-110.289
98.782
