0
184.816
-37.389
51.123
18.404
-41.766
53.829
-63.526
-42.978
30.804
25.154
-24.881
46.748
28.207
-136.525
82.855
18.273
-38.886
225.888
-151.98
-86.587
12.101
-33.282
13.656
157.133
309.449
-469.886
7.249
15.328
-20.77
78.577
-74.114
54.686
7.219
-81.618
110.352
-37.544
-43.212
43.287
96.295
-156.863
0.716
30.736
-82.483
117.824
225.875
-219.697
-41.152
293.314
134.509
-402.265
49.67
-80.203
678.366
-638.644
-21.946
259.177
360.735
-496.874
-189.232
64.746
63.353
199.133
-218.369
-74.665
119.61
-102.019
-33.732
6.399
73.299
-44.713
-44.636
103.068
-74.046
49.782
-33.012
603.002
-278.398
-338.291
-13.142
104.114
-106.973
172.299
-192.321
108.582
135.538
-190.104
117.874
214.397
-341.738
-26.448
-10.13
72.122
-26.025
-74.4
16.302
9.884
33.355
-66.744
121.772
-34.321
-57.995
71.714
-23.283
-10.618
171.469
14.762
917.51
58.644
-1017.56
-297.094
341.911
-341.912
210.092
-82.694
10.802
20.111
7.321
64.17
107.298
-138.863
40.046
-17.672
-63.039
25.41
-56.452
9.189
989.842
-950.503
-49.981
18.441
-10.777
40.214
-94.135
92.205
70.369
-28.986
46.449
45.583
407.374
-521.195
-71.003
48.278
-10.079
7.143
-8.859
114.509
-54.719
-46.636
48.195
-89.451
141.346
-103.114
20.942
56.614
-103.933
28.671
-55.882
53.751
88.304
641.786
-304.589
-326.384
-146.328
64.696
82.594
-31.204
-46.723
-7.732
39.35
-7.912
-28.354
-63.641
-7.115
74.731
15.948
106.038
-112.226
-110.289
98.782
-56.437
-1.425
83.276
-72.671
381.451
-211.3
639.177
-729.738
-20.426
-68.371
69.276
22.66
69.827
-67.794
46.035
-71.436
-17.894
9.325
33.403
-15.21
180.047
-168.81
-67.886
-67.271
62.101
-5.658
-19.744
-12.25
88.891
11.598
-74.817
685.987
-70.465
576.128
-1125.75
1.703
297.087
-355.995
1083.08
-1018.29
23.022
-75.504
-8.901
1.207
179.121
-134.905
-78.081
101.175
36.803
-135.289
8.171
52.49
-12.718
115.785
-45.25
-95.703
95.156
180.154
-297.075
276.973
-182.186
21.064
184.598
-170.023
-43.852
30.37
-94.788
89.975
-52.565
-45.344
115.383
-95.301
49.689
-11.939
-62.143
11.831
59.957
-48.999
38.106
32.691
-62.749
87.768
24.824
34.66
-103.708
62.495
-44.029
11.711
-68.63
17.689
6.32
-8.517
2.401
-17.232
-15.155
-22.496
89.567
119.497
-104.86
210.334
-238.761
366.271
-279.353
-149.011
70.529
-65.143
19.67
3.189
102.949
-102.723
2.588
238.869
-195.151
18.706
-98.388
79.753
40.153
-151.874
48.128
89.03
48.483
29.074
-149.401
7.377
-10.558
-3.261
-3.027
40.121
77.209
58.13
74.123
-293.235
100.061
-142.123
133.402
13.987
-101.174
27.982
204.324
-21.005
