0
0.00852237
0.00741805
0.00649862
0.00556536
0.00519156
0.00607006
0.00684334
0.00762405
0.00739018
0.00724054
0.00708419
0.00655967
0.00582056
0.00510035
0.0047464
0.00521768
0.00562038
0.00602804
0.00528753
0.00464235
0.00399042
0.00401031
0.00442167
0.00480037
0.00538966
0.00644699
0.00746445
0.0084835
0.00724976
0.00620118
0.00513926
0.00409334
0.00305661
0.00202081
0.000893867
-0.000440118
-0.00175521
-0.0030697
-0.000962365
0.000865618
0.00271317
0.00371992
0.00423566
0.00479004
0.00507682
0.00477005
0.00451136
0.00424924
0.00387592
0.0035121
0.0031481
0.00318713
0.00346201
0.00371765
0.0037484
0.00327009
0.00283303
0.00239339
0.00341225
0.00431374
0.00522311
0.00606906
0.00687781
0.00768823
0.00799849
0.00718496
0.00646141
0.0057319
0.00342544
0.00124678
-0.000938506
-0.00228499
-0.00313912
-0.00403056
-0.00434155
-0.00335434
-0.00247034
-0.00157964
0.000554965
0.00258905
0.00462781
0.0057244
0.00626745
0.00685277
0.007274
0.00733456
0.00742305
0.00750923
0.00487042
0.00244694
1.0544e-05
-0.00158074
-0.00267513
-0.00380623
-0.00438028
-0.00370831
-0.00313344
-0.00255198
0.000661123
0.00366685
0.00668389
0.00832731
0.00916226
0.0100579
0.0102287
0.00877845
0.00745448
0.00612289
0.00341358
0.000813567
-0.00179081
-0.00327495
-0.00409874
-0.00497154
-0.00512515
-0.00366811
-0.00233559
-0.000995639
0.00134076
0.00359813
0.00585806
0.00669249
0.0066862
0.00674343
0.00611858
0.0039672
0.00193411
-0.000104835
-0.00137213
-0.00269554
-0.00401274
-0.00486554
-0.00544353
-0.00604125
-0.00543674
-0.00212553
0.000978276
0.00409295
0.00540804
0.00685547
0.00829087
0.00770466
0.00592394
0.00423474
0.00237701
0.000151608
-0.0020432
-0.00423701
-0.0048496
-0.00557841
-0.00629754
-0.00637282
-0.00606691
-0.0057896
-0.00451764
-0.00100571
0.00233597
0.00568527
0.00606442
0.00666141
0.00724151
0.00638903
0.00468829
0.00305223
0.00130993
-0.000664283
-0.00261864
-0.0045716
-0.00520118
-0.00592644
-0.00664366
-0.00642697
-0.00565677
-0.00492798
-0.00341508
-0.000137685
0.00300681
0.00615639
0.00669348
0.00741911
0.00813003
0.00727753
0.00549776
0.00378756
0.00200327
6.00696e-05
-0.00186887
-0.00379605
-0.00445922
-0.00521236
-0.00595796
-0.00637279
-0.00659078
-0.00682258
-0.0059641
-0.00264588
0.000491522
0.00363737
0.00469023
0.00589109
0.00707966
0.00612751
0.0039037
0.00177363
-0.000204783
-0.00182909
-0.00347625
-0.00511945
-0.00570683
-0.00636826
-0.0070235
-0.00741425
-0.00764727
-0.00789113
-0.0078409
-0.00712842
-0.00646368
-0.0057965
-0.00233241
0.000929839
0.0042017
0.00506804
0.00450316
0.00403958
0.00294562
0.000442597
-0.00195817
-0.00436274
-0.00511144
-0.00597488
-0.0068291
-0.00737061
-0.00772524
-0.0080924
-0.00838888
-0.00852829
-0.00867844
-0.00882764
-0.00691727
-0.00492392
-0.0029391
-0.000921127
0.00111527
0.00314757
0.00448526
0.0042554
0.00413419
0.00400565
0.0019242
-0.000236607
-0.00238897
-0.00389282
-0.00500877
-0.00614986
-0.00707617
-0.0075228
-0.00800174
-0.0084778
-0.00882163
-0.00915941
-0.00949714
-0.00944516
-0.00916056
-0.00889224
-0.00755479
-0.00380088
-0.00021682
0.00337393
0.00421219
0.00493152
0.00565796
0.00428312
0.00165389
-0.000886674
-0.00306905
-0.00443155
-0.00584771
-0.00725833
-0.00790828
-0.00852446
-0.00914208
-0.00954408
-0.00981704
-0.0100983
-0.0103296
-0.0104496
-0.0105769
-0.0107036
-0.00892362
-0.00706231
-0.00520895
-0.00316257
-0.00100195
0.00114812
0.00256047
0.0023051
0.00216148
0.00201059
9.48773e-05
-0.00189666
-0.0038805
-0.00527269
-0.00630964
-0.00736883
-0.00827445
-0.00883768
-0.00942288
-0.0100058
-0.0103035
-0.010588
-0.010873
-0.0110566
-0.0111794
-0.011306
-0.0104175
-0.00723126
-0.00420065
-0.00116379
0.000394772
0.00188488
0.00337753
0.00314424
0.00187613
0.000677583
-0.00075451
-0.00270704
-0.00462294
-0.00653872
-0.00745355
-0.00832175
-0.00919185
-0.00976756
-0.0101664
-0.0105763
-0.0108959
-0.0110135
-0.0111442
-0.0112738
-0.0112885
-0.0112979
-0.0113077
-0.011282
-0.0112351
-0.0111897
-0.0111491
-0.0111198
-0.0110898
-0.0110599
-0.0109659
-0.0108691
-0.0107726
-0.010825
-0.0109668
-0.0111027
-0.0111916
-0.011173
-0.0111613
-0.0111493
-0.0111948
-0.011243
-0.0112909
-0.0113144
-0.0113231
-0.0113327
-0.0113472
-0.0113729
-0.0113978
-0.0114227
-0.0112399
-0.0110475
-0.010856
-0.00833174
-0.00440477
-0.000571908
0.00240536
0.00343543
0.00458768
0.00573072
0.00616341
0.00656174
0.00696173
0.00679452
0.00628585
0.00579938
0.00515243
0.00414406
0.00315973
0.00217513
0.000665567
-0.000867508
-0.00239718
-0.0031885
-0.0035344
-0.0039078
-0.00297549
0.000913481
0.00461245
0.00831867
0.0092055
0.00995493
0.010712
0.0107288
0.0102995
0.00989855
0.00935381
0.00848637
0.00764008
0.00679354
0.00499481
0.00315162
0.00131347
-4.89925e-05
-0.00112364
-0.00221478
-0.00308026
-0.00343795
-0.0038266
-0.00421285
-0.00213543
6.08894e-05
0.00224716
0.00442351
0.00659256
0.00875938
0.0101155
0.00963515
0.00926828
0.0088949
0.0062231
0.00344027
0.000667658
-0.0010828
-0.00221452
-0.00338273
-0.0043356
-0.00480686
-0.00530695
-0.00580467
-0.00612174
-0.00642942
-0.00673729
-0.00701821
-0.00728272
-0.0075479
-0.00776078
-0.00785543
-0.00795715
-0.00805831
-0.0081222
-0.00818827
-0.00825413
-0.00828717
-0.00830032
-0.00831466
-0.00829674
-0.00820579
-0.00811935
-0.00803274
-0.00491577
-0.00164859
0.00160562
0.00273438
0.00257557
0.00249433
0.00173736
-0.000543298
-0.00272981
-0.00491935
-0.0058948
-0.00680727
-0.00772243
-0.00828073
-0.00862279
-0.00897735
-0.00926101
-0.00938597
-0.00952024
-0.0096538
-0.00971979
-0.00978222
-0.0098448
-0.00990188
-0.00995563
-0.0100095
-0.0100601
-0.0101035
-0.0101472
-0.0101909
-0.0100067
-0.00981083
-0.0096159
-0.00716347
-0.00334304
0.00039212
0.00321116
0.00394309
0.00479715
0.00564301
0.00455288
0.00336299
0.00218036
0.000539348
-0.00137888
-0.00327859
-0.00482768
-0.00558054
-0.00637916
-0.00717417
-0.00739786
-0.00759133
-0.00778634
-0.00793962
-0.00806756
-0.00819682
-0.00827265
-0.00822742
-0.00818929
-0.00815079
-0.00478756
-0.00125234
0.00226878
0.00444359
0.00579916
0.00720068
0.00801859
0.00751839
0.0070951
0.00666784
0.00514388
0.00356321
0.00198763
0.000515415
-0.000893225
-0.00230391
-0.00345862
-0.00403392
-0.00464192
-0.00524733
-0.00552626
-0.00578745
-0.00604935
-0.0062201
-0.00633539
-0.00645373
-0.00516442
-0.000675301
0.00362552
0.00793219
0.00862159
0.00911579
0.00962058
0.0090968
0.00794774
0.00683564
0.00540324
0.0032457
0.00113189
-0.000981998
-0.00189073
-0.00273334
-0.00357875
-0.0041888
-0.00465544
-0.00512968
-0.00550303
-0.00564865
-0.00580699
-0.00596443
-0.00262208
0.000907398
0.00442232
0.0065838
0.00791949
0.00930023
0.010066
0.00944088
0.00889476
0.00834481
0.00609979
0.0037642
0.00143631
-0.000171098
-0.00133852
-0.00252929
-0.00349379
-0.00394833
-0.00443091
-0.00491138
-0.00511568
-0.00530455
-0.00549408
-0.00506242
-0.00425216
-0.0034639
-0.00183566
0.00170204
0.00512955
0.00855938
0.00866243
0.00858118
0.00851026
0.00723311
0.00522091
0.00325168
0.00145554
5.59179e-05
-0.0013641
-0.00278142
-0.00336672
-0.0039051
-0.00444548
-0.00481055
-0.00506856
-0.00533219
-0.00555677
-0.00569358
-0.00583508
-0.00597616
-0.00316908
-0.000199697
0.00275751
0.00472322
0.00608224
0.00747303
0.00822585
0.00753261
0.00691928
0.00630224
0.0041982
0.00201249
-0.000166377
-0.00156813
-0.00249429
-0.00344537
-0.00423374
-0.00465627
-0.00509825
-0.00553869
-0.00565779
-0.00575858
-0.00586026
-0.00446144
-0.00214586
0.000117491
0.00226069
0.00412699
0.00600625
0.00788279
0.007183
0.00633734
0.00550047
0.00379028
0.00154688
-0.000665334
-0.00245625
-0.00328706
-0.00416867
-0.0050466
-0.00544441
-0.00581436
-0.00618541
-0.00638707
-0.00648505
-0.00658849
-0.00627845
-0.0050276
-0.00382847
-0.00262786
-7.65247e-05
0.00255
0.00516971
0.00609894
0.00599268
0.00594179
0.0054033
0.00376099
0.00217924
0.000595956
-0.000768275
-0.00211858
-0.00346818
-0.00425799
-0.00470462
-0.00516899
-0.00552415
-0.00563339
-0.00575554
-0.00587688
-0.00601614
-0.0061563
-0.00629627
-0.00445647
-0.00140414
0.00158094
0.00396783
0.00498777
0.0060787
0.00716474
0.00663961
0.00602101
0.00540798
0.00396364
0.00201035
8.58491e-05
-0.00150347
-0.00232819
-0.00319214
-0.00405312
-0.00459667
-0.0051211
-0.00564598
-0.00592209
-0.00604554
-0.00617684
-0.0062999
-0.00640532
-0.00651155
-0.00661762
-0.00294493
0.000946757
0.00482299
0.00666308
0.00725256
0.00790643
0.00803362
0.00696915
0.00596763
0.00496388
0.00297685
0.0009335
-0.00110482
-0.002411
-0.00326711
-0.0041456
-0.00483603
-0.00510171
-0.00538905
-0.00567497
-0.00583672
-0.00599095
-0.0061454
-0.00616113
-0.00609164
-0.00602661
-0.00494763
-0.00155758
0.0017103
0.00498109
0.00562185
0.00610515
0.00659602
0.00592634
0.00454408
0.0031997
0.0018284
0.00039841
-0.00102711
-0.00245141
-0.00315223
-0.00380905
-0.00446745
-0.00487766
-0.00513524
-0.00540032
-0.00561153
-0.00570116
-0.00579688
-0.00589219
-0.0033433
-0.000637577
0.00205744
0.00414913
0.00586871
0.00760541
0.00862955
0.00803304
0.00751912
0.00700154
0.00515662
0.00323311
0.00131551
-7.84782e-05
-0.00114966
-0.00223604
-0.00313935
-0.0036284
-0.00413779
-0.00464565
-0.00479061
-0.0049134
-0.00503718
-0.00508046
-0.00507422
-0.00507047
-0.00404449
-0.000687055
0.00255027
0.00579037
0.00645398
0.00696
0.00747339
0.00705047
0.0060514
0.00508209
-0.00286535
-0.0267299
-0.0497777
-0.0156639
-0.00141064
-0.00287889
-0.0035639
-0.00403956
-0.00436016
-0.00468814
-0.00491604
-0.00491689
-0.00492899
-0.00494052
-0.00251427
5.96358e-05
0.00262369
0.00457693
0.00615279
0.00774575
0.00875725
0.00844605
0.00820041
0.00795178
0.00618303
0.00432205
0.00246744
0.00102773
-0.000155514
-0.00135021
-0.00236865
-0.00298775
-0.00362585
-0.00426239
-0.0045448
-0.00480502
-0.00506607
-0.00521909
-0.00530546
-0.005395
-0.00471673
-0.00228654
5.57007e-05
0.00239995
0.00373336
0.00500278
0.00627409
0.00666598
0.00651523
0.00639105
0.00603067
0.00513401
0.0042643
0.00339413
0.00195031
0.000471936
-0.00100333
-0.0019606
-0.00259774
-0.00324978
-0.00378761
-0.00406725
-0.0043591
-0.00465008
-0.00360072
-0.0024683
-0.00134098
0.000971883
0.00401586
0.00702165
0.00910261
0.00907165
0.00914241
0.00920821
0.00859273
0.00793491
0.00727976
0.00583392
0.00390021
0.00199176
0.000363104
-0.000626334
-0.00164545
-0.00266217
-0.003211
-0.00372982
-0.00424957
-0.00461148
-0.00487576
-0.00514445
-0.00533773
-0.00535964
-0.0053897
-0.00541934
-0.00345544
-0.00136694
0.000713645
0.00288864
0.00512105
0.00734861
0.0088084
0.00851704
0.00830906
0.00809733
0.00571658
0.00319996
0.000692166
-0.00091061
-0.00195294
-0.0030208
-0.00384546
-0.0041188
-0.00441793
-0.00471556
-0.00484649
-0.00496667
-0.00508725
-0.00514514
-0.00516426
-0.00518518
-0.00520371
-0.00521699
-0.00523051
-0.005244
-0.00327237
-0.00117532
0.00091388
0.00306203
0.00524576
0.00742577
0.00905145
0.00941311
0.00983357
0.0102509
0.00931957
0.00830237
0.00729014
0.00698739
0.00712411
0.0072402
0.00678837
0.00503689
0.00334758
0.00165695
0.000461671
-0.000700709
-0.00186354
-0.00260113
-0.00307517
-0.00356101
-0.00394759
-0.00410927
-0.00428122
-0.00445254
-0.00459077
-0.00472674
-0.0048627
-0.00420633
-0.00305932
-0.00193603
-0.000467261
0.00178984
0.00400848
0.00622685
0.00740628
0.00851735
0.00963054
0.00942167
0.0083936
0.00740416
0.00671303
0.00670656
0.00666865
0.00663222
0.00494391
0.00314948
0.00136155
-1.73429e-06
-0.00110115
-0.00221165
-0.00310402
-0.0035004
-0.0039191
-0.00433639
-0.00456098
-0.0047728
-0.00498501
-0.00513397
-0.00524368
-0.00535507
-0.00539931
-0.00529037
-0.0051885
-0.0050864
-0.00363838
-0.00210338
-0.000573715
0.00165004
0.00430354
0.00693514
0.00866711
0.00834335
0.00811302
0.00787868
0.00591833
0.00384612
0.00178085
0.000189756
-0.00110638
-0.00241467
-0.00344028
-0.00382248
-0.00423335
-0.00464255
-0.00490217
-0.00515171
-0.00540149
-0.00563793
-0.00586604
-0.00609431
-0.00628734
-0.00640004
-0.00651625
-0.0066322
-0.00665723
-0.00667622
-0.00669547
-0.00670817
-0.00671681
-0.00672562
-0.00672839
-0.00671737
-0.00670697
-0.00669655
-0.00666278
-0.0066275
-0.00659231
-0.00609976
-0.00532326
-0.00456011
-0.00364527
-0.00238402
-0.00113932
0.00010501
0.00194756
0.00382844
0.00570594
0.00705311
0.00807022
0.00910108
0.00962591
0.00899607
0.00841794
0.00783803
0.0055521
0.00315415
0.000763266
-0.000802729
-0.00185531
-0.00292964
-0.00380401
-0.00422452
-0.00466468
-0.00510359
-0.00531552
-0.00551209
-0.00570916
-0.00581161
-0.00585521
-0.00590136
-0.00576306
-0.00520318
-0.00466231
-0.00412108
-0.00043084
0.00346784
0.00735396
0.0088884
0.00895932
0.00909426
0.00859096
0.00663428
0.00474287
0.00285025
0.00117005
-0.000494547
-0.00215838
-0.00309732
-0.00358496
-0.00409185
-0.00450667
-0.00471337
-0.00492896
-0.00514398
-0.00524044
-0.00532883
-0.00541749
-0.00550291
-0.00558629
-0.00566968
-0.00468994
-0.00127776
0.00202602
0.00533163
0.00641684
0.00735095
0.00829078
0.00832912
0.00780637
0.00730831
0.00659845
0.00540584
0.0042351
0.00306442
0.00223785
0.00143526
0.000632328
-0.000333548
-0.00140063
-0.00246244
-0.00328457
-0.00355887
-0.00385649
-0.00415284
-0.00420804
-0.00424678
-0.0042862
-0.00345077
-0.00207061
-0.000714974
0.00112159
0.00405795
0.00694474
0.00983118
0.0101586
0.0103112
0.0104712
0.00905628
0.00666062
0.00430885
0.00228324
0.00100584
-0.000302356
-0.00160812
-0.00211753
-0.00257207
-0.00302855
-0.00335624
-0.0036036
-0.00385417
-0.00405674
-0.00415004
-0.00424789
-0.00434547
-0.00421804
-0.00407527
-0.00393328
-0.00160062
0.00209724
0.00573421
0.00829593
0.00839424
0.00859654
0.00879427
0.0067609
0.00457559
0.00239854
0.000790959
-0.000460763
-0.00172642
-0.00270759
-0.00304023
-0.00339987
-0.00375808
-0.00399901
-0.00423167
-0.00446448
-0.00364373
-0.00216594
-0.000716953
0.00100173
0.0033367
0.0056439
0.00795033
0.00764453
0.00715838
0.00668017
0.00499346
0.00255328
0.000146609
-0.00172118
-0.00235448
-0.00303875
-0.00372033
-0.00394451
-0.0041368
-0.00433027
-0.00446751
-0.00456965
-0.00467317
-0.00372666
-0.000375861
0.00287226
0.00612196
0.00690826
0.00752283
0.00814402
0.00781161
0.00688405
0.00598191
0.00467378
0.00243732
0.000241129
-0.00195491
-0.00263533
-0.00320968
-0.00378794
-0.00404726
-0.00410743
-0.00417576
-0.00392868
-0.00296009
-0.00202202
-0.00108347
0.00158419
0.00437063
0.00714988
0.00810374
0.00791672
0.00777674
0.00701149
0.00481845
0.0026858
0.000552414
-0.000575183
-0.00163157
-0.00269
-0.00323375
-0.00345577
-0.00369077
-0.00390411
-0.00406935
-0.00423642
-0.00440328
-0.00139316
0.00183767
0.00505686
0.00629851
0.00630339
0.00635866
0.00634088
0.00616058
0.00598705
0.00581339
0.00447489
0.00305545
0.00164044
0.000438357
-0.000630155
-0.00170322
-0.00251374
-0.00272436
-0.00295912
-0.00319271
-0.00183998
-0.000376393
0.00108152
0.00288049
0.00489214
0.00689356
0.00814705
0.00768807
0.00729859
0.00690663
0.00498804
0.00296295
0.000943785
-0.000315804
-0.00109972
-0.00190215
-0.00255238
-0.00285646
-0.00317422
-0.00349117
-0.00362846
-0.00375292
-0.0038778
-0.00168898
0.00194705
0.00552214
0.00767202
0.00655411
0.00556796
0.00457733
0.00311983
0.00163022
0.000143076
-0.000827022
-0.00147317
-0.00213174
-0.00268251
-0.00298809
-0.0033032
-0.00361768
-0.00153971
0.000706982
0.00294516
0.00438645
0.00532821
0.00628909
0.00634779
0.00434162
0.00241909
0.000494762
-0.000477757
-0.00138174
-0.00228772
-0.00282811
-0.00313947
-0.00345965
-0.00335905
-0.00229515
-0.00127021
-0.000244542
0.00215626
0.00465364
0.00714523
0.00671895
0.00446489
0.00228473
0.000477368
-0.00047099
-0.00145246
-0.00243185
-0.00275301
-0.00302681
-0.00330225
-0.00300806
-0.0023571
-0.00172067
-0.000376139
0.00259093
0.00549197
0.00839332
0.00828572
0.00796227
0.00764754
0.00613151
0.00386324
0.0016262
-0.000182994
-0.00101083
-0.0018764
-0.00273982
-0.00301432
-0.00324627
-0.00347969
-0.00216437
0.000121433
0.0023676
0.00440102
0.00594538
0.0075076
0.0090679
0.00783047
0.00639226
0.00496298
0.00331178
0.00152209
-0.000260821
-0.00162674
-0.00203778
-0.00248555
-0.00293156
-0.00319325
-0.00344144
-0.00368996
-0.00213066
0.00056206
0.00320883
0.00500981
0.00486999
0.0048053
0.00473775
0.00366672
0.00252379
0.00138451
0.000343474
-0.000635572
-0.00161625
-0.00240216
-0.00274257
-0.00309988
-0.00345626
-0.00148036
0.000663327
0.00279891
0.00383052
0.00416894
0.00453371
0.004274
0.00258488
0.000951892
-0.000681997
-0.00141586
-0.00208382
-0.00275379
-0.00313569
-0.00333674
-0.00354456
-0.00276545
0.000276297
0.00322926
0.00618336
0.00615205
0.00590338
0.0056632
0.00430645
0.0022493
0.000220408
-0.00133061
-0.00178513
-0.00228104
-0.002775
-0.00186768
-0.000858721
0.000145607
0.0018588
0.00401655
0.00615579
0.00710049
0.00530573
0.00361622
0.001924
0.000847762
-0.000182729
-0.00121417
-0.00181744
-0.00215164
-0.00249577
-0.00202348
0.000320376
0.00259176
0.00486416
0.00577321
0.00658178
0.00739353
0.00703837
0.00595029
0.00489064
0.00370515
0.0022324
0.000771572
-0.000688608
-0.00117872
-0.00159731
-0.00201827
-0.00149354
-0.000374755
0.000720891
0.00197739
0.003602
0.00521158
0.00682052
0.0061972
0.00541014
0.0046298
0.00334082
0.00173263
0.000137583
-0.00107439
-0.00140788
-0.00177394
-0.00213852
0.000197782
0.00273152
0.005256
0.00670715
0.00748297
0.00828337
0.00858592
0.00774912
0.00695533
0.00616054
0.00423035
0.00221762
0.000209453
-0.000907211
-0.00146292
-0.00203903
-0.00178659
0.000364776
0.00244413
0.00452462
0.00546192
0.00631407
0.00716875
0.00642724
0.0046821
0.00297536
0.00150067
0.000560086
-0.000399529
-0.00135773
-0.00174135
-0.00208213
-0.00242425
-0.00130187
0.000741485
0.0027494
0.00440889
0.00526772
0.00615539
0.00704134
0.00529575
0.00335597
0.00142476
0.000219386
-0.000528781
-0.00129318
-0.00151744
-0.000504168
0.00046298
0.00143111
0.00327732
0.00518762
0.00709418
0.00681926
0.00517141
0.00357499
0.00207374
0.000793792
-0.00049331
-0.00177921
-0.00211579
-0.00238144
-0.00264948
-0.00179396
-0.000231462
0.00130414
0.00276512
0.00405404
0.00534828
0.00664139
0.0045425
0.00219182
-0.000147988
-0.00136334
-0.00187017
-0.00240235
-0.00234354
-0.000930798
0.000431811
0.00179525
0.003385
0.00499064
0.00659455
0.00602831
0.00409551
0.00221356
0.000660423
-0.000135394
-0.000958005
-0.00177905
-0.00209189
-0.00236646
-0.00264222
-0.000797176
0.00238325
0.00551325
0.00767109
0.00759589
0.00760116
0.00760353
0.00526848
0.00275956
0.0002587
-0.00100609
-0.00149165
-0.00200485
-0.00213466
-0.00138708
-0.000671516
4.46829e-05
0.00174181
0.00351157
0.00527746
0.00525465
0.00410461
0.00299574
0.00187832
0.000743669
-0.000389556
-0.00152202
-0.000401757
0.000887381
0.00216957
0.00366912
0.00530514
0.00693513
0.0077358
0.00663327
0.00559933
0.00456369
0.00293168
0.00125573
-0.000417469
-0.00132467
-0.0017487
-0.0021896
-0.00195166
-0.000156688
0.00158173
0.00332093
0.00422855
0.00507279
0.00591868
0.00551335
0.00431922
0.00315386
0.00199833
0.000866618
-0.000265133
-0.00139608
-0.00175128
-0.00204757
-0.00234573
-0.000849179
0.00177882
0.00436505
0.00631727
0.00681245
0.00735864
0.00790266
0.00591127
0.00372899
0.00155496
0.000245845
-0.000517199
-0.00129891
-0.00189208
-0.00205453
-0.00223199
-0.0024088
-0.000108307
0.00237879
0.00485761
0.00523373
0.00428297
0.00337936
0.00238192
0.00117198
-2.96722e-05
-0.00123077
-0.00165792
-0.00202597
-0.00239581
-0.00097829
0.00156677
0.00407068
0.00539095
0.00399145
0.0026878
0.00138172
0.000446662
-0.000459569
-0.00136617
-0.00137064
-0.000805711
-0.000260991
0.000700458
0.00261802
0.00450102
0.00638392
0.00501164
0.00339194
0.00178194
0.000598572
-0.000314982
-0.00123726
-0.00194496
-0.00216129
-0.0023945
-0.00262696
-0.00039914
0.00201526
0.00442154
0.00508809
0.00465583
0.00426184
0.00352811
0.00201664
0.000533065
-0.000950453
-0.0014089
-0.00178864
-0.00217082
-0.00106779
0.000972891
0.00297988
0.00459928
0.00532736
0.00608561
0.00684229
0.0051664
0.0033051
0.00145146
0.000298747
-0.000410777
-0.00113502
-0.00174058
-0.00207526
-0.002419
-0.0027622
-0.00051934
0.00192063
0.00435218
0.00492187
0.00431495
0.00374869
0.00293561
0.00155815
0.000200916
-0.00115609
-0.00155878
-0.00188787
-0.00221924
-0.00103909
0.00109586
0.00319681
0.00474259
0.0050119
0.00532448
0.00563538
0.00389208
0.0019917
9.79428e-05
-0.00089122
-0.0013083
-0.00174453
-0.00165002
-0.000337821
0.000932165
0.00220272
0.00328534
0.00435282
0.00542008
0.00461795
0.00263429
0.000691975
-0.00080064
-0.00125831
-0.00175067
-0.00224153
-0.00240033
-0.00253338
-0.00266722
-0.00100423
0.00179438
0.00455278
0.00587881
0.00391232
0.00205813
0.000201411
-0.000579181
-0.0012761
-0.00197536
-0.00197054
-0.00152054
-0.00108581
-0.000182064
0.00179882
0.00374218
0.00568551
0.00581928
0.00581284
0.00581111
0.00459222
0.00260389
0.000642674
-0.000876369
-0.00137877
-0.00191486
-0.00244947
-0.0026056
-0.00273227
-0.00285984
-0.00122928
0.00151307
0.00421646
0.00593162
0.00537467
0.0048939
0.00441091
0.00301901
0.00155733
9.89474e-05
-0.000753521
-0.00122236
-0.00170367
-0.00208824
-0.00225184
-0.00242269
-0.00259319
-0.000357455
0.00206411
0.00447789
0.00508724
0.00455441
0.00405983
0.00332532
0.00204182
0.000777362
-0.000486888
-0.00106954
-0.00159876
-0.0021294
-0.0103585
-0.0234585
-0.0363887
-0.000482218
0.000741825
0.00311083
0.00544045
0.00515596
0.0046676
0.00418629
0.00307661
0.00156956
7.65936e-05
-0.00109204
-0.00151529
-0.00196281
-0.00240923
-0.000797624
0.000973788
0.00273878
0.00381129
0.00444499
0.00509268
0.00502625
0.00331962
0.00166794
1.55494e-05
-0.000668804
-0.00127705
-0.00188738
-0.00146544
-0.000389937
0.000663462
0.00176679
0.00298415
0.00419699
0.00540917
0.00406657
0.00252464
0.000990238
-5.41292e-05
-0.000787732
-0.001531
-0.0017059
-0.000575357
0.000511888
0.00159984
0.00219516
0.0027515
0.00330875
0.00295178
0.00201577
0.00109921
0.000251508
-0.000437186
-0.0011306
-0.00182341
-0.00139621
-0.00088129
-0.000369552
0.000802094
0.00239152
0.00396638
0.00469374
0.00347255
0.00231527
0.00115666
0.000202
-0.000736083
-0.00167409
-0.00218812
-0.00243336
-0.00268713
-0.00217069
0.000116115
0.00234428
0.00457289
0.00350365
0.00217533
0.000856221
-6.08335e-05
-0.000722673
-0.00139231
-0.00163971
-0.000917224
-0.000226424
0.000464951
0.00144374
0.00244464
0.00344419
0.0029755
0.00157618
0.000207634
-0.000881725
-0.00132787
-0.00179436
-0.0022599
-0.00166539
-0.000987529
-0.000312768
0.000730305
0.0020066
0.00327461
0.00372978
0.00231588
0.000962663
-0.00039163
-0.0010405
-0.00163325
-0.0022274
-0.00207053
-0.00143747
-0.00082002
0.000110522
0.00176055
0.00338659
0.00501235
0.00376966
0.0023006
0.000839689
-0.000197546
-0.000965685
-0.00174189
-0.00234392
-0.00254654
-0.00276173
-0.00297638
-0.0019351
-0.000794862
0.000341511
0.00135961
0.00230239
0.00324696
0.00369649
0.00300822
0.00235643
0.00170389
0.000638919
-0.000458191
-0.00155359
-0.00213602
-0.00239285
-0.0026598
-0.00287477
-0.00297112
-0.00307115
-0.00317101
-0.00111867
0.00110353
0.00331897
0.00361702
0.00269826
0.00181841
0.000908938
-6.6565e-05
-0.00103938
-0.00201166
-0.00231065
-0.0025559
-0.00280269
-0.00294129
-0.00301122
-0.00308326
-0.00253121
-0.000543568
0.00139778
0.00333936
0.00319116
0.00287658
0.00256741
0.00163967
0.000319613
-0.000987329
-0.00200139
-0.00234174
-0.00270295
-0.00306329
-0.00317185
-0.00326027
-0.00334926
-0.00266821
-0.00149847
-0.000344709
0.000737216
0.00165366
0.0025747
0.00349502
0.00233127
0.00100175
-0.000321787
-0.00121561
-0.00183629
-0.00246509
-0.00295139
-0.00311094
-0.00328055
-0.00344975
-0.00351857
-0.00357934
-0.00364031
-0.00327633
-0.00264256
-0.00201755
-0.00122789
-5.94686e-05
0.00109649
0.00225212
0.00124352
6.22442e-05
-0.00111296
-0.00186965
-0.00236024
-0.00285876
-0.00325373
-0.00341139
-0.00357629
-0.00374085
-0.00381484
-0.00388153
-0.0039484
-0.00400008
-0.0040421
-0.0040844
-0.00383151
-0.00289941
-0.0019888
-0.00107809
-0.000549484
-5.18271e-05
0.000446476
2.41797e-05
-0.000982883
-0.00197136
-0.00276837
-0.00312423
-0.00349343
-0.00386199
-0.00398549
-0.00408923
-0.00419352
-0.00427097
-0.00433137
-0.00439225
-0.00444576
-0.00448239
-0.0045195
-0.00455658
-0.00452965
-0.00449758
-0.00446569
-0.00448549
-0.00453814
-0.00458975
-0.00462202
-0.00460975
-0.00459885
-0.00458791
-0.00463326
-0.00468313
-0.00473283
-0.00476477
-0.00478542
-0.00480641
-0.00482904
-0.00485553
-0.00488188
-0.00490822
-0.00496185
-0.00501766
-0.00507337
-0.00508045
-0.00505661
-0.00503372
-0.00503377
-0.00508667
-0.00513794
-0.00518923
-0.0051626
