0
-0.0237161
-0.0217743
-0.0219504
-0.0219502
-0.0219127
-0.0217569
-0.0216112
-0.0214649
-0.0215882
-0.021689
-0.0217915
-0.021866
-0.0219242
-0.0219838
-0.0220012
-0.0219243
-0.0218554
-0.0217859
-0.0217158
-0.0216459
-0.0215761
-0.0214636
-0.0213264
-0.0211915
-0.0210714
-0.0209849
-0.0208958
-0.0208071
-0.020661
-0.0205198
-0.0203784
-0.0194187
-0.0179816
-0.0165855
-0.0150824
-0.0133432
-0.0116259
-0.00990963
-0.00883899
-0.00771802
-0.00660291
-0.00626663
-0.00638615
-0.00646885
-0.00657628
-0.00673262
-0.00688479
-0.00703705
-0.00621858
-0.00547908
-0.00473446
-0.00429639
-0.00403771
-0.00376514
-0.00288056
-0.000615655
0.00153584
0.00369293
0.00499976
0.006372
0.00773688
0.00860118
0.00917135
0.00976388
0.0104299
0.0112666
0.0120886
0.0129104
0.0130719
0.0132851
0.0134939
0.0135798
0.0135934
0.0136125
0.013791
0.014329
0.0148381
0.0153486
0.0160095
0.0166577
0.0173059
0.0175036
0.0174368
0.0173906
0.0174929
0.0179332
0.0183466
0.0187614
0.0178772
0.0170951
0.0163064
0.015241
0.0140132
0.0127999
0.0118541
0.0115111
0.0111222
0.0107373
0.0109829
0.0111795
0.0113796
0.0125872
0.0143873
0.0161391
0.0171403
0.0164449
0.0158804
0.0153068
0.0139189
0.0125952
0.0112687
0.00994086
0.00861274
0.00728667
0.00656321
0.00719577
0.00772441
0.00826013
0.00796796
0.00773896
0.00750553
0.00746638
0.00754157
0.00760801
0.00764208
0.00760176
0.0075671
0.00753206
0.00654421
0.00562949
0.00471064
0.00421515
0.00396955
0.00370558
0.00357753
0.00375228
0.00390413
0.00405745
0.00437246
0.00467492
0.00497787
0.0052416
0.00548205
0.00572388
0.00584426
0.0056914
0.00555904
0.00542536
0.004884
0.00437364
0.00386174
0.00350755
0.00324669
0.00297933
0.00272492
0.00249808
0.00226955
0.00204148
0.00298305
0.00383723
0.00469657
0.00491296
0.00474897
0.0046131
0.0038853
0.00182606
-0.000132773
-0.00209608
-0.00275894
-0.00351575
-0.00426461
-0.00466981
-0.00487085
-0.00508645
-0.0052134
-0.00514313
-0.00508728
-0.00503047
-0.00268482
-0.000508437
0.00167705
0.00334478
0.00470516
0.00608577
0.00601627
0.00267836
-0.000419089
-0.0035294
-0.00460306
-0.00582171
-0.00702817
-0.00785115
-0.00844558
-0.00905554
-0.00953514
-0.00972405
-0.0099335
-0.0101412
-0.0103966
-0.0106482
-0.0108998
-0.0109446
-0.0108667
-0.0107976
-0.0107661
-0.0108211
-0.0108698
-0.0109188
-0.0099307
-0.00901752
-0.00810032
-0.00597589
-0.0031346
-0.000348021
0.00150241
0.0012337
0.00111493
0.00098575
-0.00134179
-0.00351123
-0.00568875
-0.00702789
-0.00786796
-0.0087419
-0.0094234
-0.00967713
-0.00996048
-0.0102414
-0.007897
-0.0057395
-0.00357196
-0.00241739
-0.0018661
-0.00127352
-0.000985946
-0.0013801
-0.00172627
-0.00207529
-0.00284699
-0.00363528
-0.00442132
-0.00320416
-0.000793587
0.001531
0.00393833
0.00652318
0.00909218
0.0116587
0.0111197
0.0104512
0.00979257
0.00950353
0.00943554
0.00935245
0.0094671
0.0100264
0.0105544
0.0110839
0.01103
0.0109514
0.0108746
0.0108003
0.0107276
0.0106548
0.0109014
0.0118703
0.0127885
0.013709
0.0121228
0.0104311
0.00874882
0.00677424
0.00462633
0.0024931
0.00191803
0.00486698
0.00757334
0.0102925
0.0103092
0.010209
0.0101168
0.00875191
0.00662713
0.00455642
0.00265169
0.00112739
-0.000420455
-0.00196463
-0.0020335
-0.00203768
-0.0020462
-0.00113435
0.000327586
0.00175075
0.00353597
0.00613722
0.00868048
0.0112242
0.00890627
0.00637608
0.00386339
0.00168094
-0.000302035
-0.00229563
-0.00390657
-0.00465631
-0.00546221
-0.00626332
-0.00673283
-0.00718694
-0.00764147
-0.00807012
-0.00848309
-0.00889655
-0.00919775
-0.00924554
-0.00930997
-0.00937321
-0.00953003
-0.00969088
-0.00985125
-0.0100329
-0.0102273
-0.0104206
-0.0106917
-0.0111391
-0.0115744
-0.01201
-0.0123151
-0.0126139
-0.0129127
-0.0131257
-0.0132871
-0.0134516
-0.0136204
-0.0137997
-0.0139781
-0.0141563
-0.0143078
-0.0144579
-0.0146078
-0.014681
-0.014708
-0.0147379
-0.0147599
-0.0147641
-0.0147695
-0.0147748
-0.0148827
-0.0149951
-0.0151072
-0.0152296
-0.0153583
-0.0154864
-0.015596
-0.015664
-0.0157346
-0.0158049
-0.0159054
-0.0160073
-0.0161089
-0.016122
-0.0160818
-0.016045
-0.0160241
-0.0160396
-0.0160528
-0.0160661
-0.0160435
-0.0160193
-0.0159952
-0.0159711
-0.0159471
-0.0159231
-0.0159362
-0.0160335
-0.0161254
-0.0162174
-0.0161465
-0.0160679
-0.0159899
-0.0159498
-0.0159327
-0.0159142
-0.0159097
-0.0159371
-0.0159624
-0.0159878
-0.0160176
-0.0160476
-0.0160775
-0.0160503
-0.0159887
-0.0159293
-0.0157701
-0.0153851
-0.0150146
-0.0146438
-0.0141247
-0.0135991
-0.0130745
-0.0124371
-0.0117318
-0.0110317
-0.0104513
-0.0101421
-0.00981645
-0.00949221
-0.00865396
-0.00779156
-0.00693173
-0.00672812
-0.00692068
-0.00708846
-0.00671505
-0.00511053
-0.00358413
-0.00205479
-0.00129528
-0.000574432
0.000147909
0.000482539
0.000582985
0.000697728
0.00125889
0.00283528
0.00434733
0.00586148
0.0056278
0.00530777
0.00499342
0.00514591
0.00558064
0.00599756
0.00610405
0.00550413
0.00494811
0.00439008
0.00247063
0.00048528
-0.00149364
-0.00279509
-0.00368616
-0.00460111
-0.00517196
-0.00496661
-0.00480863
-0.00464797
-0.000604308
0.00319912
0.00701248
0.00799518
0.00726544
0.00664011
0.00552194
0.00329854
0.00114453
-0.00101106
-0.00203275
-0.0029959
-0.00396142
-0.00430972
-0.00428436
-0.00428149
-0.00309393
0.000780579
0.00448925
0.00820342
0.00952167
0.0107163
0.0119169
0.0124523
0.012585
0.0127415
0.0128991
0.0130628
0.0132259
0.0133888
0.0138911
0.0144103
0.0149278
0.0145834
0.0137165
0.0128817
0.0122239
0.0119713
0.011695
0.0114205
0.0113483
0.0112867
0.0112245
0.0111646
0.011106
0.0110475
0.0110655
0.0112573
0.0114387
0.0116205
0.0128878
0.0142103
0.015528
0.0159129
0.0157315
0.0155835
0.0153352
0.0148632
0.0144049
0.0139463
0.0130587
0.0121496
0.0112428
0.0104697
0.00977811
0.00908258
0.00838475
0.0076801
0.00697666
0.00627397
0.00567565
0.00508345
0.00449159
0.0047113
0.00542393
0.00610714
0.00675876
0.00733566
0.00791622
0.00849589
0.00798289
0.00741238
0.00684585
0.006496
0.00627812
0.00605289
0.00625658
0.00743398
0.00855397
0.00967597
0.00882632
0.00787216
0.00692511
0.00589628
0.00481839
0.00374454
0.00366062
0.00582625
0.00786064
0.00990021
0.00881033
0.00755329
0.00630723
0.00631041
0.00707414
0.00779365
0.00879768
0.0104439
0.0120517
0.0136599
0.0119498
0.0100618
0.00818616
0.00745833
0.00743007
0.00736218
0.0078256
0.00949202
0.0110885
0.0126871
0.0129393
0.0131181
0.0133008
0.0127987
0.0118797
0.0109853
0.0104702
0.0108195
0.0111199
0.0114226
0.0115789
0.011727
0.0118755
0.011887
0.0118151
0.011748
0.0114316
0.0105487
0.00969848
0.0088474
0.0070964
0.00529759
0.00350345
0.00310615
0.00356092
0.00396769
0.00479953
0.00659288
0.00833071
0.0100697
0.00946311
0.00872724
0.00799937
0.00684607
0.00543395
0.00403774
0.00343095
0.00462055
0.00570943
0.00680267
0.00732897
0.00782322
0.00831869
0.00756129
0.00603945
0.00456143
0.0031445
0.00187005
0.000589167
-0.000689954
-0.00115892
-0.00158207
-0.00200727
-0.000411129
0.00241881
0.005178
0.00695166
0.00647703
0.00612598
0.00576856
0.00423564
0.002638
0.00104565
-0.000153238
-0.00111108
-0.00208101
-0.00288778
-0.00332606
-0.00378391
-0.00424021
-0.00442897
-0.0046024
-0.00477648
-0.00482103
-0.0047864
-0.0047561
-0.00373973
-0.000478764
0.00265715
0.00579643
0.0046903
0.00334379
0.00201172
0.000428984
-0.00130598
-0.00303086
-0.00442824
-0.00508111
-0.00577336
-0.00646275
-0.00668291
-0.00687602
-0.00707037
-0.0072332
-0.00737673
-0.00752114
-0.00766681
-0.00781567
-0.00796419
-0.00811258
-0.00828416
-0.00845691
-0.00862941
-0.00881437
-0.00900688
-0.00919878
-0.00939621
-0.00960644
-0.00981576
-0.0100249
-0.0102197
-0.0104134
-0.010607
-0.0107164
-0.0107741
-0.0108344
-0.0108781
-0.010884
-0.010892
-0.0108998
-0.0110149
-0.011136
-0.0112567
-0.0112976
-0.0112895
-0.0112839
-0.0113025
-0.0113762
-0.0114469
-0.0115178
-0.0116453
-0.011776
-0.0119064
-0.0119611
-0.0119695
-0.0119803
-0.012013
-0.012096
-0.0121763
-0.0122567
-0.0122837
-0.0123076
-0.0123316
-0.0123499
-0.0123647
-0.0123796
-0.0123777
-0.0123376
-0.0122995
-0.0122613
-0.0122592
-0.0122593
-0.0122592
-0.0122714
-0.0122912
-0.0123106
-0.0123279
-0.0123404
-0.0123532
-0.012366
-0.0124358
-0.012509
-0.0125819
-0.01265
-0.0127152
-0.0127804
-0.0128012
-0.0127206
-0.0126453
-0.0125698
-0.0126176
-0.0126727
-0.0127273
-0.0127539
-0.0127631
-0.0127732
-0.0127432
-0.0126218
-0.0125052
-0.0123885
-0.0124157
-0.0124515
-0.0124867
-0.012481
-0.0124501
-0.0124205
-0.0123473
-0.0121748
-0.0120076
-0.0118402
-0.0115529
-0.0112586
-0.010965
-0.0105985
-0.0101872
-0.00977868
-0.00947428
-0.00940715
-0.00932803
-0.0092496
-0.0093076
-0.00937376
-0.00943945
-0.00958807
-0.00978763
-0.00998441
-0.0101243
-0.0101344
-0.0101511
-0.0101674
-0.0101858
-0.0102042
-0.0102226
-0.0102116
-0.0101825
-0.0101544
-0.0101274
-0.0101029
-0.0100784
-0.0100538
-0.00995195
-0.00984547
-0.00973933
-0.00954749
-0.00930297
-0.00906133
-0.00871673
-0.00813727
-0.00757014
-0.00700297
-0.00689775
-0.00682077
-0.00674246
-0.0066534
-0.0065577
-0.00646243
-0.0126212
-0.0330473
-0.0527422
-0.0190757
-0.00510361
-0.00587911
-0.0059205
-0.00613841
-0.00644066
-0.00673843
-0.00670097
-0.00589856
-0.00513487
-0.00437002
-0.00353554
-0.00269751
-0.00186049
-0.0016393
-0.00179772
-0.00193722
-0.00181522
-0.00109449
-0.000404002
0.000287292
0.000367227
0.000409384
0.000453359
0.000775477
0.00126902
0.00175365
0.00208547
0.00206814
0.00206798
0.00206697
0.00250071
0.00296099
0.00341952
0.00402817
0.00472913
0.0054249
0.00602274
0.0063974
0.00678259
0.00716689
0.00784944
0.00854994
0.00924888
0.0101147
0.0110831
0.0120456
0.0128168
0.0131522
0.0135084
0.0138632
0.0140625
0.014252
0.0144417
0.014417
0.0142599
0.0141094
0.013972
0.0138651
0.0137569
0.0136488
0.0137369
0.0138373
0.013937
0.01379
0.0134908
0.0131992
0.0129543
0.0128168
0.0126742
0.012532
0.0125068
0.0124888
0.0124706
0.0125022
0.0125645
0.0126253
0.0126566
0.0126209
0.0125884
0.0125557
0.0119649
0.0113393
0.010716
0.0101479
0.00961427
0.00907947
0.00857287
0.00812988
0.00768429
0.00723924
0.00751999
0.00784647
0.00817047
0.00841902
0.00862078
0.00882457
0.00868579
0.00776513
0.00688244
0.00599879
0.00595342
0.00596137
0.00596678
0.00589225
0.00576822
0.00564665
0.0056263
0.00583727
0.00603711
0.00623729
0.00590378
0.00553651
0.00517117
0.00471956
0.00421476
0.00371295
0.00361096
0.00442198
0.00518932
0.00595798
0.00577046
0.00552189
0.00527643
0.00492274
0.00450229
0.00408536
0.00360181
0.00296596
0.00233782
0.00170992
0.00130058
0.000905616
0.000510353
0.00133608
0.00291743
0.00446205
0.00563561
0.0059593
0.00632228
0.0066831
0.00567963
0.00458906
0.00350355
0.00261821
0.00185726
0.00109124
0.00068453
0.00109733
0.00147175
0.0018476
0.0032936
0.00480763
0.0063171
0.00628557
0.00529924
0.00435794
0.00364541
0.00345936
0.00324919
0.00304033
0.00280304
0.00256412
0.00232549
0.00264708
0.00331578
0.00396789
0.00422955
0.00359788
0.00300782
0.0024164
0.000870045
-0.000737207
-0.00234019
-0.00339778
-0.00411681
-0.00485068
-0.00544315
-0.00571494
-0.00600115
-0.00628643
-0.00604895
-0.00577753
-0.0055079
-0.00569796
-0.00617309
-0.00663479
-0.00700758
-0.00717626
-0.00735408
-0.00753132
-0.00759574
-0.00765272
-0.00770999
-0.00779279
-0.00789141
-0.00798922
-0.00807484
-0.00813263
-0.00819163
-0.00825052
-0.0084667
-0.00869304
-0.00891872
-0.00906203
-0.00915416
-0.00924851
-0.00932146
-0.00934582
-0.00937234
-0.00939875
-0.00952801
-0.00966395
-0.00979947
-0.00986942
-0.00989864
-0.00992967
-0.00998127
-0.0100802
-0.0101769
-0.0102736
-0.0103425
-0.0104095
-0.0104765
-0.0104873
-0.0104631
-0.0104405
-0.0104315
-0.0104535
-0.0104741
-0.0104948
-0.010515
-0.0105351
-0.0105552
-0.010598
-0.0106548
-0.010711
-0.0107423
-0.0107164
-0.0106932
-0.0106698
-0.0105914
-0.0105094
-0.0104276
-0.0104314
-0.0104885
-0.0105432
-0.0106005
-0.0106636
-0.0107265
-0.0107893
-0.0108817
-0.0109761
-0.0110702
-0.0111362
-0.0111846
-0.0112337
-0.0112585
-0.0112278
-0.0111996
-0.0111712
-0.0111302
-0.0110884
-0.0110467
-0.0109882
-0.0109193
-0.0108509
-0.0108013
-0.0107949
-0.0107865
-0.0107783
-0.0107352
-0.0106899
-0.0106447
-0.0106489
-0.0106839
-0.0107175
-0.0107569
-0.0108097
-0.0108618
-0.0109139
-0.0109449
-0.0109745
-0.0110042
-0.0109838
-0.0109323
-0.0108822
-0.0105853
-0.00972387
-0.00888772
-0.0080512
-0.00728426
-0.0065226
-0.00576138
-0.00525671
-0.00491186
-0.00456037
-0.0041346
-0.00353779
-0.0029489
-0.00236018
-0.00205999
-0.00177956
-0.00149851
-0.000342462
0.00135802
0.00303351
0.00366106
0.00189003
0.000224043
-0.00144503
-0.00107485
-0.000566569
-6.46776e-05
0.000387726
0.000808998
0.00123125
0.00178089
0.00262266
0.00345116
0.00427951
0.00567176
0.00710131
0.00852804
0.00959969
0.0104498
0.0113086
0.0122272
0.0132843
0.0143346
0.0153843
0.0153636
0.0152698
0.0151793
0.0152191
0.0153403
0.0154578
0.0157263
0.01634
0.0169385
0.0175371
0.0175452
0.0175129
0.0174824
0.0176581
0.0179626
0.0182612
0.0180839
0.0168166
0.0155967
0.0143758
0.0141227
0.0139361
0.0137468
0.0130491
0.0120343
0.0110339
0.0103618
0.0104417
0.0104899
0.0105393
0.0104716
0.0103959
0.0103205
0.0103058
0.0103289
0.0103504
0.0101792
0.00956695
0.00897372
0.00838019
0.00777156
0.00716234
0.00655366
0.00540658
0.00392394
0.00245662
0.00122424
0.000529601
-0.00018698
-0.000902041
-0.000439347
0.000104429
0.000644359
0.00130106
0.00203033
0.00275596
0.00275569
0.00109369
-0.000497592
-0.0020905
-0.00261428
-0.00306359
-0.00351563
-0.00385817
-0.00413235
-0.00440915
-0.00463169
-0.00473053
-0.00483443
-0.00493804
-0.00517363
-0.00541821
-0.00566222
-0.00587364
-0.00606463
-0.00625631
-0.00644967
-0.00664717
-0.00684434
-0.00704135
-0.0071052
-0.00715973
-0.0072146
-0.00723864
-0.00724341
-0.00724898
-0.00691932
-0.00582196
-0.00475714
-0.00369185
-0.00382001
-0.00403139
-0.00423918
-0.00432135
-0.00432491
-0.00433171
-0.00394947
-0.00267647
-0.00144107
-0.000205142
0.00146401
0.00316226
0.00485793
0.00518384
0.00465361
0.00415885
0.00379822
0.00374768
0.00368451
0.00362191
0.00317339
0.00269814
0.00222436
0.00221361
0.00249233
0.00275903
0.00291536
0.00281799
0.00273103
0.00264371
0.0030376
0.00346505
0.00389078
0.00360285
0.00286872
0.00215331
0.00154951
0.00120244
0.000845245
0.000488749
-2.45027e-05
-0.000548432
-0.0010715
-0.000403398
0.00100954
0.00239123
0.00311296
0.00232113
0.00159104
0.000859045
-0.000370486
-0.0016343
-0.00289571
-0.00273872
-0.00169438
-0.000686601
-9.36182e-05
-0.000453433
-0.000774647
-0.00109715
-0.0020454
-0.00303729
-0.00402662
-0.00360567
-0.00230226
-0.00103529
0.000119719
0.00101608
0.00192208
0.00282698
0.00306604
0.00325768
0.00345106
0.00230201
0.000313077
-0.00164073
-0.00317278
-0.00373711
-0.00433959
-0.00494007
-0.00320496
-0.00130493
0.000587026
0.00213616
0.00347004
0.00481142
0.00541395
0.00432524
0.00330459
0.00228204
0.00189945
0.00156275
0.00122449
0.00268745
0.00527796
0.00782175
0.0096543
0.00985505
0.0101202
0.0103826
0.0100151
0.0096029
0.00919276
0.00709896
0.00395112
0.000847358
1.50219e-05
0.00439002
0.0085563
0.0127275
0.012674
0.012318
0.0119741
0.0106373
0.008679
0.00674666
0.00601961
0.00805588
0.00998205
0.011911
0.0127654
0.0135421
0.0143213
0.0131184
0.0106737
0.00827951
0.00656021
0.00639017
0.00615967
0.00593171
0.00614719
0.00639442
0.00664022
0.00672621
0.00671195
0.00670161
0.00698877
0.0079583
0.0089005
0.00984302
0.00932746
0.00870718
0.00809145
0.00692604
0.00541639
0.00392129
0.00321831
0.00433131
0.00537297
0.0064166
0.00578956
0.00504229
0.00430027
0.00339525
0.00238837
0.00138621
0.00109595
0.00243744
0.00371482
0.0049937
0.00409667
0.00304279
0.00199578
0.00191662
0.00244483
0.00294921
0.00338999
0.00368327
0.003982
0.00428029
0.00407163
0.00382634
0.00358265
0.00282899
0.00175556
0.000695237
-0.000165045
-0.000566488
-0.000985223
-0.00140297
-0.000780674
-8.3215e-05
0.000610832
0.000166373
-0.000992619
-0.00212339
-0.0030176
-0.0033679
-0.00373872
-0.00410846
-0.00369185
-0.00321826
-0.0027472
-0.00197822
-0.00102249
-7.4595e-05
0.000509573
0.000259769
4.19013e-05
-0.000177016
-0.00120796
-0.00229747
-0.00338392
-0.00394327
-0.00417142
-0.00441198
-0.00463493
-0.00481886
-0.00500413
-0.00518921
-0.00236073
0.000686144
0.00372244
0.00381899
0.00206886
0.000389896
-8.78341e-06
0.00253396
0.00496367
0.00739581
0.00838247
0.0092626
0.0101461
0.00929835
0.00736333
0.00547073
0.00360125
0.00178665
-2.86574e-05
-0.00184257
0.000405449
0.00295009
0.00548166
0.00626809
0.00595742
0.00568815
0.00541569
0.00513925
0.00486317
0.00458728
0.00585497
0.00723533
0.00861044
0.00915251
0.00917076
0.00920857
0.0096081
0.0108392
0.0120384
0.0132379
0.0124182
0.0114502
0.0104885
0.0108303
0.0119915
0.0131214
0.0133437
0.0114821
0.00969939
0.00791511
0.00806368
0.00835481
0.00864042
0.00873084
0.00869836
0.00867047
0.0090064
0.0101775
0.0113168
0.0124565
0.0124443
0.012347
0.0122529
0.0116171
0.0106408
0.00967783
0.00904024
0.00914959
0.00923126
0.0093139
0.00870119
0.00803738
0.00737593
0.00635018
0.00509557
0.00385031
0.00311131
0.00353371
0.00391307
0.00429372
0.00460561
0.00491219
0.00521874
0.0046821
0.00361506
0.00256827
0.00215082
0.00317847
0.00415236
0.00512752
0.00625444
0.00739191
0.00852816
0.00726312
0.00448711
0.0017684
0.00014876
0.00105392
0.00186617
0.00268123
0.00381735
0.00497666
0.00613427
0.00578392
0.00448436
0.00322034
0.00195818
0.000702069
-0.000553345
-0.00180787
-0.00242433
-0.00299276
-0.00356253
-0.00393628
-0.00418655
-0.00444112
-0.00433719
-0.00341093
-0.00251517
-0.00161896
-0.000644733
0.000334696
0.00131323
0.000798091
-0.000657577
-0.00207816
-0.00320932
-0.00367448
-0.00416336
-0.00465104
-0.00486364
-0.0050555
-0.00524797
-0.0053419
-0.00537374
-0.00540779
-0.00545286
-0.00552344
-0.00559305
-0.00566264
-0.00576561
-0.00587102
-0.00597626
-0.00501614
-0.00338506
-0.00177925
-0.000457016
0.000213564
0.000907044
0.0015992
0.000109294
-0.00154365
-0.00318958
-0.00410521
-0.00456028
-0.0050315
-0.0054271
-0.00565085
-0.00588058
-0.00610993
-0.00619172
-0.00626235
-0.00633332
-0.00413183
-0.000498584
0.00308101
0.00535232
0.00461855
0.00399236
0.00336278
0.00212282
0.000837605
-0.000445087
-0.00152652
-0.00248076
-0.00343883
-0.00392375
-0.00332338
-0.00276196
-0.00219955
-0.00225445
-0.00235594
-0.0024557
-0.00251294
-0.0025433
-0.00257458
-0.00213421
-0.000610798
0.000873223
0.00235759
0.00283778
0.00324169
0.00364802
0.00357952
0.00321165
0.0028546
0.00208082
0.000350545
-0.00134479
-0.00304017
-0.00359773
-0.00406873
-0.00454243
-0.00358138
-0.00171559
0.000117077
0.00211214
0.00447919
0.00683151
0.00918269
0.00642366
0.00327845
0.000148992
-0.00144816
-0.00207782
-0.00274093
-0.00203436
0.00181478
0.00555123
0.00928901
0.00905734
0.00852402
0.00800162
0.00736486
0.00665632
0.00595079
0.00499367
0.00345827
0.00194411
0.000430263
0.00157257
0.00291645
0.00425237
0.0047735
0.00478007
0.00480454
0.00536706
0.007167
0.00892267
0.0106787
0.00846366
0.00594714
0.00344284
0.00170321
0.000446987
-0.000825123
-0.000663256
0.00279025
0.00612735
0.00946618
0.0085742
0.00735956
0.00615693
0.00481263
0.00337947
0.00195037
0.000675653
-0.000245384
-0.00117799
-0.00210956
0.00226262
0.00703793
0.0117961
0.0120323
0.00941252
0.00689285
0.00501954
0.00463695
0.00420334
0.00377179
0.00226705
0.000680987
-0.000901188
0.000660698
0.00420826
0.00768525
0.00968001
0.0082668
0.00697139
0.00567283
0.00374637
0.00177287
-0.00019767
0.00038422
0.00257859
0.00471632
0.00592941
0.00501544
0.00417476
0.00333214
0.0045168
0.00585656
0.00719012
0.0077007
0.007691
0.00769904
0.00771088
0.0077329
0.00775455
0.0077762
0.00884897
0.010002
0.0111515
0.0117077
0.0118887
0.0120823
0.0120534
0.0115142
0.0109926
0.0104708
0.00987004
0.00926354
0.00865764
0.00927534
0.0106664
0.0120303
0.0124131
0.0105403
0.00874504
0.00694838
0.00698912
0.00717171
0.00734938
0.00772966
0.00823785
0.00874138
0.00927403
0.00987371
0.0104707
0.0110674
0.0106757
0.0102078
0.00974277
0.009259
0.00876354
0.0082688
0.00778539
0.0073276
0.00686925
0.00641123
0.00633342
0.00628509
0.00623581
0.00645487
0.00684358
0.00722635
0.00757391
0.00784046
0.00810954
0.00837835
0.00743745
0.00640329
0.00537294
0.00480378
0.00452656
0.00423978
0.00403536
0.00401924
0.00399684
0.00397467
0.0037564
0.00352303
0.00329032
0.00353016
0.00406893
0.0045974
0.00470466
0.00384339
0.00301491
0.00218589
0.00252146
0.0029474
0.00337007
0.0035843
0.00366652
0.00375306
0.00337445
0.001927
0.000515939
-0.000895397
0.00192018
0.00506331
0.00819353
-0.00100825
-0.0180135
-0.0347495
0.00255784
0.000380322
-0.000491336
-0.00140555
-0.00181853
-0.00219234
-0.0025672
-0.00103964
0.00169187
0.00438189
0.00576546
0.00414471
0.00262395
0.0011009
0.000111315
-0.000836033
-0.00178415
-0.00157568
-0.000634977
0.000281049
0.000945525
0.00103058
0.0011346
0.00123792
0.00170817
0.00220685
0.00270427
0.00202721
0.000606524
-0.000788882
-0.00186909
-0.00222387
-0.00260216
-0.00297943
-0.00120064
0.000745975
0.00268584
0.00260043
0.00123216
-9.33583e-05
-0.00120264
-0.00181262
-0.00243849
-0.00306344
-0.00223401
-0.001291
-0.000352301
0.00025804
0.000660148
0.00106877
0.000986532
-0.000223538
-0.00139617
-0.00256925
-0.00301461
-0.00340255
-0.00379211
-0.00197972
0.00122735
0.00438712
0.00593421
0.00377206
0.00173146
-0.00031175
-0.00132596
-0.00225868
-0.00319343
-0.00372354
-0.00399716
-0.00427889
-0.00450856
-0.00461939
-0.00473398
-0.00484837
-0.00494308
-0.00503618
-0.00512928
-0.00323474
-8.08495e-05
0.00303043
0.00480385
0.00349999
0.00229601
0.00108959
-0.000134986
-0.0013603
-0.00258481
-0.00333356
-0.00378056
-0.00423695
-0.0045835
-0.00467851
-0.00478153
-0.00488423
-0.00401834
-0.00307647
-0.00213763
-0.00103973
0.000158721
0.00135319
0.00187685
0.000858403
-0.000110074
-0.00107953
-0.00199716
-0.00291018
-0.00382277
-0.00436383
-0.00466919
-0.00498187
-0.00522906
-0.00532643
-0.00542851
-0.00553038
-0.00565856
-0.00578875
-0.00591879
-0.00603082
-0.00613139
-0.00623226
-0.00631193
-0.00634292
-0.00637543
-0.00640788
-0.00643088
-0.00645312
-0.00647537
-0.00645434
-0.00640587
-0.0063583
-0.00633212
-0.00635517
-0.00637665
-0.00639816
-0.00646349
-0.00653226
-0.00660088
-0.0066361
-0.00665013
-0.00666483
-0.00668882
-0.00673426
-0.00677899
-0.00682371
-0.00677592
-0.0067208
-0.00666595
-0.00662947
-0.00660465
-0.00657948
-0.00656623
-0.00658032
-0.00659354
-0.00660678
-0.00668136
-0.00676077
-0.00683998
-0.00687
-0.00686881
-0.00686859
-0.00686916
-0.0068716
-0.00687398
-0.00687636
-0.00686861
-0.00686005
-0.00685152
-0.00687717
-0.00692451
-0.00697115
-0.00700739
-0.0070197
-0.00703276
-0.00704579
-0.00705753
-0.00706916
-0.00708079
-0.00705891
-0.00701576
-0.00697331
-0.00694636
-0.00695513
-0.00696277
-0.00697045
-0.00695885
-0.00694571
-0.00693263
-0.00695183
-0.00699151
-0.00703053
-0.00703102
-0.00694285
-0.00685749
-0.0067721
-0.00618116
-0.00555012
-0.00492072
-0.00418162
-0.00337305
-0.00256713
-0.00191177
-0.00160237
-0.00128243
-0.000963025
-0.000481954
1.17921e-05
0.00050484
0.000370354
-0.000162676
-0.000683052
-0.0010122
-0.000900829
-0.000803135
-0.000705079
-0.00158108
-0.00253466
-0.00348526
-0.00402877
-0.00431352
-0.00460607
-0.00482565
-0.0048781
-0.00493568
-0.00499305
-0.00506213
-0.00513211
-0.00520201
-0.00528921
-0.00538737
-0.00548514
-0.00556759
-0.00561483
-0.00566313
-0.00571137
-0.00576014
-0.00580893
-0.00585769
-0.00589249
-0.00591841
-0.00594458
-0.00597399
-0.00601088
-0.00604753
-0.00608416
-0.00612434
-0.0061648
-0.00620522
-0.00624895
-0.00629477
-0.0063405
-0.00640518
-0.00651347
-0.00662037
-0.00672725
-0.00672732
-0.0067188
-0.00671055
-0.00669565
-0.00667652
-0.00665754
-0.00665108
-0.00667341
-0.00669486
-0.00671633
-0.00673761
-0.00675886
-0.0067801
-0.00677703
-0.0067585
-0.00674045
-0.00673058
-0.00673954
-0.00674793
-0.00675633
-0.00676006
