0
0.00912851
0.00809267
0.00838615
0.00856875
0.0100458
0.0144102
0.0185281
0.0226597
0.0212118
0.0202274
0.0192063
0.0186653
0.0184022
0.0181167
0.0175065
0.0161617
0.0148795
0.0135942
0.0132614
0.0128511
0.0124478
0.0133075
0.0149038
0.0164373
0.0174858
0.0174355
0.0174748
0.0175067
0.0154605
0.0135865
0.0117016
0.0101071
0.00868231
0.00724611
0.00610025
0.00560206
0.00505232
0.00450764
0.00788794
0.0109463
0.0140256
0.0153173
0.0155643
0.0158949
0.0153602
0.0128955
0.0105896
0.00827462
0.00707813
0.00579407
0.00451906
0.00371998
0.00320036
0.00265928
0.00247283
0.00307922
0.00362157
0.00416815
0.00741536
0.0104431
0.0134834
0.0135017
0.0117501
0.0101413
0.00846908
0.00667719
0.00489759
0.00311982
0.00243466
0.00166456
0.000902345
0.000335906
-0.000114994
-0.000574254
-0.000681337
2.04556e-06
0.000622457
0.00124683
0.00452914
0.00759867
0.01068
0.0111087
0.00998014
0.00897464
0.0076746
0.00573146
0.0038413
0.00194997
0.00128744
0.000530691
-0.000217591
-0.000750639
-0.00115646
-0.00157149
-0.00131897
0.000434912
0.00207034
0.00371237
0.00596955
0.00817595
0.0103829
0.0106802
0.00985379
0.00911485
0.00792799
0.00574587
0.00364323
0.00153774
0.000787424
-6.5196e-05
-0.000908712
-0.00141753
-0.00172851
-0.00205406
-0.00192796
-0.00078705
0.000275074
0.00134156
0.00426999
0.00705293
0.00984266
0.0107293
0.0104938
0.0103435
0.00961473
0.00759653
0.00567854
0.0037559
0.00263186
0.00144947
0.00027324
-0.000452361
-0.000911353
-0.00138964
-0.000674758
0.00272669
0.00592212
0.00912816
0.0109005
0.0127773
0.0146434
0.014749
0.0138141
0.012958
0.0121371
0.0114079
0.0106729
0.00993946
0.00884401
0.00777699
0.00670945
0.00601682
0.0055462
0.00505987
0.00520474
0.00677018
0.00822863
0.0096928
0.0118157
0.0138871
0.0159592
0.0164482
0.0160001
0.0156213
0.0150615
0.0141043
0.0131776
0.0122499
0.0108285
0.00944518
0.00806109
0.00712797
0.00646241
0.00577835
0.00547877
0.00604272
0.00654314
0.00704744
0.00859472
0.0100642
0.0115371
0.0130681
0.0146329
0.0161931
0.0168034
0.0152715
0.0138962
0.0125116
0.0107516
0.00902112
0.00729102
0.00596607
0.0048822
0.00378258
0.00284925
0.00228673
0.00169848
0.0011129
0.000756623
0.000384473
1.39859e-05
0.00080127
0.00227594
0.00369954
0.0056508
0.00878831
0.0118371
0.0148878
0.0131786
0.0118095
0.0104182
0.00858116
0.00647901
0.00439859
0.00267935
0.00177593
0.000816217
-0.000138176
-0.000506089
-0.000914786
-0.00132004
-0.00162801
-0.0018778
-0.00213133
-0.00133926
0.00181494
0.00479919
0.00779116
0.00822055
0.00882854
0.0094232
0.00830035
0.00615464
0.00408325
0.00234024
0.00134783
0.000304572
-0.000733701
-0.00127995
-0.0018051
-0.00233099
-0.00271866
-0.00302381
-0.00333425
-0.00360676
-0.00379492
-0.00398866
-0.00418173
-0.00412997
-0.00406799
-0.00400681
-0.00184072
0.00157985
0.00490943
0.00691513
0.00591815
0.00512862
0.00432595
0.00273375
0.00110993
-0.000509511
-0.00160347
-0.00238304
-0.00318302
-0.00383747
-0.00416739
-0.00451898
-0.00486861
-0.00512606
-0.00537923
-0.00563234
-0.00585795
-0.00606701
-0.0062769
-0.00647248
-0.00663618
-0.00680182
-0.00696709
-0.00696746
-0.00696068
-0.00695439
-0.00529429
-0.00264617
-6.82002e-05
0.00175412
0.0018599
0.00208097
0.002294
0.00124056
0.000132883
-0.000969672
-0.00186271
-0.00262975
-0.0034042
-0.00407835
-0.00452796
-0.00499197
-0.00545441
-0.00574065
-0.00601875
-0.00629702
-0.0060205
-0.0054119
-0.00482618
-0.00363372
-0.00107007
0.00139919
0.00387143
0.00440593
0.00485326
0.00530578
0.00492402
0.00404271
0.00319556
0.00241814
0.00180238
0.00117677
0.000552631
0.000333035
0.000131952
-7.00838e-05
-0.000591944
-0.00130542
-0.00200538
-0.00253092
-0.00266058
-0.00281599
-0.00296951
-0.00292235
-0.00286608
-0.00281049
-0.00175919
-0.000110833
0.00149645
0.00312484
0.00479758
0.00646526
0.0081311
0.00730748
0.00637039
0.00544187
0.00431238
0.00306304
0.00182308
0.000768226
0.000132057
-0.000530354
-0.00119021
-0.00166783
-0.00213643
-0.00260501
-0.00295349
-0.00322964
-0.00351009
-0.00376967
-0.00398306
-0.00419914
-0.00441478
-0.00460325
-0.00479024
-0.00497708
-0.00391472
-0.00210151
-0.000338629
0.00139005
0.00303672
0.00468652
0.00633402
0.00593459
0.00543898
0.00495012
0.00373742
0.00208989
0.000472086
-0.000850265
-0.00150111
-0.00219372
-0.0028828
-0.00320262
-0.00350448
-0.00380709
-0.00403112
-0.00420777
-0.00438718
-0.00455669
-0.00470447
-0.00485343
-0.00500213
-0.00168288
0.00179915
0.00526657
0.00701629
0.00772954
0.00850691
0.00858215
0.00707567
0.00567012
0.00426001
0.00294255
0.00163101
0.000320735
-0.000596427
-0.00127609
-0.00196972
-0.0025644
-0.00293784
-0.00332457
-0.00371
-0.00396556
-0.00421449
-0.00446353
-0.00464232
-0.00477865
-0.00491744
-0.00406296
-0.000955564
0.00200866
0.00497808
0.00598274
0.00688972
0.00780161
0.0073064
0.00596196
0.00467147
0.00337123
0.0020545
0.000740412
-0.000572228
-0.00139561
-0.00219384
-0.00299264
-0.00353863
-0.00393169
-0.00433362
-0.00468002
-0.00490228
-0.00513186
-0.0053607
-0.00562098
-0.00588254
-0.0061437
-0.00631709
-0.00643733
-0.00656066
-0.00658805
-0.00639828
-0.00622193
-0.00604497
-0.0060235
-0.00599263
-0.00596237
-0.00606586
-0.00625025
-0.00642953
-0.00659545
-0.00673064
-0.00686752
-0.00700413
-0.00705589
-0.00710328
-0.00715088
-0.00720936
-0.00727439
-0.00733896
-0.00739064
-0.00741311
-0.00743731
-0.00746138
-0.00547796
-0.00339421
-0.00131896
-2.86304e-05
0.000785419
0.00162695
0.00176368
0.000304943
-0.00105692
-0.00242293
-0.00324339
-0.00403498
-0.00482734
-0.0053582
-0.00573039
-0.00611157
-0.00592629
-0.0044562
-0.00306401
-0.00166886
-0.000207852
0.00125504
0.00271609
0.00390796
0.00493604
0.00597257
0.00642663
0.00556019
0.00477259
0.00398127
0.00308648
0.00218721
0.00128926
0.00058671
3.05307e-06
-0.000586896
-0.00106264
-0.00128066
-0.00151353
-0.00174526
-0.0012526
-0.000722465
-0.000195139
0.0016667
0.00433791
0.00695878
0.00860167
0.00801929
0.0075672
0.00710804
0.00587518
0.00460271
0.00333402
0.00227353
0.00134007
0.000400329
-0.000394675
-0.000863007
-0.00134971
-0.00183479
-0.00149425
-0.0011102
-0.000729104
0.00106785
0.00372456
0.00632863
0.00830371
0.00884591
0.00946997
0.0100886
0.00843667
0.00666504
0.00490232
0.00346676
0.00223104
0.000985288
-9.2123e-06
-0.000435706
-0.000894225
-0.00135039
-0.0016977
-0.00203879
-0.00237984
-0.00266135
-0.00290653
-0.0031535
-0.00338218
-0.0035699
-0.00375973
-0.00394923
-0.00160904
0.00086566
0.00332991
0.00498296
0.00614112
0.00732602
0.00768663
0.00617795
0.00477676
0.00337108
0.00217351
0.000988446
-0.000195988
-0.000936889
-0.00140731
-0.00189246
-0.00233541
-0.00268509
-0.00303961
-0.00339347
-0.00363762
-0.00387552
-0.00411351
-0.00428388
-0.00441298
-0.00454426
-0.00361421
-0.000270211
0.00293496
0.0061443
0.00710371
0.0079383
0.00877893
0.00817653
0.00669464
0.00526343
0.00388805
0.00264418
0.00139437
0.000146283
-0.000499689
-0.00111167
-0.00172486
-0.00215973
-0.00248568
-0.0028173
-0.00311777
-0.00334858
-0.00358298
-0.00381693
-0.00391421
-0.00400377
-0.00409367
-0.00296129
-0.00108325
0.000751603
0.00259647
0.00446125
0.00632288
0.00818264
0.00677603
0.00518793
0.00361153
0.00232561
0.00121799
0.000101813
-0.000806491
-0.00124435
-0.00170749
-0.00216873
-0.00246542
-0.00275255
-0.00303988
-0.00327926
-0.00348924
-0.0037006
-0.00285614
0.000391425
0.00350464
0.00662177
0.00683665
0.00688713
0.00694649
0.00583957
0.00402041
0.00224184
0.000774608
1.87965e-05
-0.000774714
-0.00156533
-0.0019989
-0.00241173
-0.00282523
-0.00317444
-0.00348422
-0.0037958
-0.00392946
-0.00365867
-0.00340995
-0.0031603
-0.000335033
0.00263479
0.00559365
0.00655598
0.00629586
0.0061016
0.00550557
0.0040025
0.00254962
0.00109561
0.000262532
-0.000534089
-0.00133181
-0.00191105
-0.00235638
-0.00280839
-0.0031984
-0.0034487
-0.00370618
-0.003963
-0.00409058
-0.00421056
-0.00433083
-0.00216518
0.00139981
0.00488674
0.00714524
0.00660064
0.00620517
0.00580222
0.00441263
0.00296707
0.00152599
0.000483086
-0.0003153
-0.00112575
-0.00181172
-0.00221669
-0.00263605
-0.00305421
-0.00334041
-0.00361864
-0.003897
-0.00407947
-0.00420309
-0.00432967
-0.00370257
-0.00135868
0.000892731
0.00314663
0.00438551
0.00556379
0.00674401
0.00648508
0.00534361
0.00424945
0.00311066
0.00187442
0.000644549
-0.000584372
-0.00117081
-0.00171889
-0.00226839
-0.00266778
-0.00297497
-0.00328663
-0.003549
-0.00369999
-0.0038566
-0.00401276
-0.00404606
-0.00407207
-0.00409843
-0.00201671
0.00135843
0.0046632
0.00692519
0.0068063
0.00681044
0.00680823
0.00544627
0.00400476
0.00256884
0.00139345
0.000378661
-0.000643345
-0.00145848
-0.00180427
-0.00217381
-0.00254176
-0.00284582
-0.00314578
-0.00344565
-0.0036353
-0.00375717
-0.00388238
-0.00296941
0.000310047
0.00346523
0.00662353
0.00672545
0.00664415
0.00657228
0.00584019
0.00470284
0.00358727
0.00247847
0.00138616
0.000294125
-0.000796817
-0.00122955
-0.00162228
-0.00201665
-0.00232755
-0.00258707
-0.00284893
-0.00301951
-0.00298256
-0.00295614
-0.00292922
0.000126084
0.00336167
0.00658489
0.00764972
0.00738587
0.00718925
0.00654764
0.00489872
0.00330217
0.00170458
0.000848646
3.84832e-05
-0.000773165
-0.00131193
-0.0016826
-0.00206133
-0.00240879
-0.00268635
-0.00296714
-0.00324749
-0.00333509
-0.00341086
-0.00348714
-0.00132829
0.0022061
0.00566832
0.000687709
-0.0235575
-0.0468187
-0.00855077
0.00601061
0.00350569
0.00185192
0.000721375
-5.83e-05
-0.000854622
-0.00152242
-0.00189995
-0.0022915
-0.00268197
-0.00286043
-0.0030257
-0.00319145
-0.00244253
-0.00113021
0.000152974
0.00164406
0.00360786
0.0055464
0.00748427
0.00675657
0.00586507
0.00498251
0.00371921
0.00222189
0.000737545
-0.000422666
-0.000843631
-0.00130047
-0.00175511
-0.00213415
-0.00250816
-0.00288206
-0.00315676
-0.00337019
-0.00358641
-0.00321779
-0.00151495
0.000121042
0.0017587
0.00335099
0.00493909
0.00652584
0.00659508
0.00572797
0.00490728
0.00389221
0.00243763
0.00100583
-0.00042569
-0.00103312
-0.0015886
-0.00214606
-0.00252653
-0.0027977
-0.00307391
-0.00335302
-0.00363969
-0.00392572
-0.0042115
-0.00442615
-0.00463616
-0.00484619
-0.00307023
-6.85659e-05
0.0028711
0.00536317
0.00683014
0.00834505
0.0098562
0.00952559
0.00907945
0.00863928
0.00713734
0.00498021
0.00285658
0.00117578
0.000507103
-0.00020943
-0.000922985
-0.00138092
-0.00182232
-0.00226408
-0.00259851
-0.00286651
-0.00313743
-0.00339364
-0.00361695
-0.00384161
-0.00406599
-0.00417319
-0.00427288
-0.00437283
-0.00320289
-0.00124833
0.000667087
0.00273418
0.00514576
0.00753871
0.00993026
0.0100008
0.00992381
0.00985386
0.00908029
0.00787209
0.00668559
0.00574958
0.00538662
0.00499693
0.00460887
0.00336449
0.00206654
0.000772337
-4.15541e-06
-0.00046002
-0.000930551
-0.00135118
-0.00166002
-0.00197382
-0.00228709
-0.00248609
-0.0026776
-0.00286928
-0.00307868
-0.00329899
-0.00351858
-0.00371323
-0.00385109
-0.00399148
-0.00413162
-0.000752801
0.00284922
0.00643745
0.00814368
0.00868386
0.00927791
0.00979883
0.0101592
0.0105268
0.0108936
0.0115804
0.0122873
0.0129925
0.0115318
0.00873007
0.0059932
0.00399108
0.00367147
0.00327416
0.00288082
0.0020255
0.00114104
0.000258751
-0.000315871
-0.000699644
-0.00109188
-0.00144674
-0.00171756
-0.001992
-0.00226603
-0.00250743
-0.00274651
-0.00298548
-0.00320917
-0.00342331
-0.00363769
-0.00325799
-0.00152086
0.000152319
0.0018269
0.0048443
0.00794664
0.0110422
0.0117247
0.0109107
0.010166
0.00974262
0.0100603
0.0103437
0.0106285
0.00937503
0.00802214
0.00667503
0.00517958
0.00359277
0.00201157
0.000783386
0.000360815
-9.80396e-05
-0.000554826
-0.000948659
-0.00133804
-0.00172727
-0.00205175
-0.00233595
-0.00262173
-0.00290173
-0.00316904
-0.00343668
-0.00370407
-0.00397148
-0.00423867
-0.00450564
-0.00467866
-0.00479334
-0.00491055
-0.00502763
-0.00514484
-0.00526194
-0.00537893
-0.00553978
-0.0057034
-0.00586674
-0.00602668
-0.00618444
-0.00634216
-0.00648715
-0.00660325
-0.00672054
-0.00683766
-0.00691407
-0.00698771
-0.00706142
-0.00711795
-0.0071638
-0.00721008
-0.00626414
-0.00304941
6.10247e-05
0.00317334
0.00427512
0.00524269
0.00621539
0.0065958
0.00660832
0.00663723
0.00613451
0.00441774
0.00275653
0.00109432
0.000139408
-0.000767708
-0.00167614
-0.00226642
-0.00265885
-0.00305972
-0.00341116
-0.0036509
-0.00389538
-0.00413943
-0.00439632
-0.00465385
-0.00491114
-0.00444318
-0.00352455
-0.00262664
-0.00127952
0.00109397
0.00342009
0.00574625
0.00577113
0.00564201
0.00551978
0.00497883
0.00417787
0.00338905
0.0025417
0.00156081
0.000586642
-0.000386964
-0.000889615
-0.00136027
-0.00183191
-0.00219633
-0.00249399
-0.0027943
-0.00308451
-0.00335224
-0.00362071
-0.00388891
-0.00407997
-0.00426569
-0.00445148
-0.00464584
-0.00484546
-0.00504468
-0.00373593
0.00102269
0.00562698
0.010234
0.0099227
0.00927975
0.00865177
0.00783333
0.00689703
0.00596667
0.00483178
0.00322847
0.00164686
6.56805e-05
-0.000453548
-0.000900506
-0.0013502
-0.00174828
-0.00211418
-0.00248115
-0.00281312
-0.00306553
-0.00332115
-0.00357642
-0.00378585
-0.00399202
-0.00419815
-0.00437356
-0.00452979
-0.00468672
-0.00486479
-0.0050915
-0.00531593
-0.00554026
-0.00563969
-0.00573054
-0.00582169
-0.00590026
-0.005971
-0.00604201
-0.00610472
-0.00614853
-0.0061931
-0.00623761
-0.00295332
0.000555603
0.00405194
0.00524709
0.0050076
0.00482952
0.00495727
0.00579094
0.00659383
0.00739734
0.00761003
0.00778214
0.00795582
0.00771727
0.00722187
0.0067378
0.00582459
0.00392964
0.00207795
0.000225994
-0.000364793
-0.000868624
-0.00137571
-0.00174983
-0.00204103
-0.0023355
-0.00261791
-0.00287337
-0.00312976
-0.0033859
0.000451555
0.00456767
0.00866856
0.0106058
0.0111927
0.0118359
0.011348
0.00827652
0.00531631
0.00235391
0.00139414
0.000573174
-0.000252934
-0.000818609
-0.0012218
-0.00163146
-0.00201455
-0.00233787
-0.00266342
-0.00298861
-0.00322919
-0.00346375
-0.00369836
-0.00392518
-0.00414706
-0.00436897
-0.00456616
-0.00470701
-0.00485009
-0.00499296
-0.0051262
-0.00525866
-0.00539105
-0.00434779
-0.00257096
-0.000826124
0.000781121
0.00207212
0.00337518
0.00467666
0.00257928
0.000247279
-0.00207305
-0.00317907
-0.00352624
-0.00390457
-0.00424602
-0.00450648
-0.00477007
-0.00503331
-0.00517422
-0.0053065
-0.00543903
-0.0034695
-0.000187633
0.00303739
0.00491966
0.00372468
0.00265747
0.00158589
0.00158419
0.00165719
0.00172705
0.000985826
-0.000261997
-0.00148798
-0.00242502
-0.00269948
-0.0030009
-0.00330096
-0.00354342
-0.00378166
-0.00401987
-0.00296313
-0.00109743
0.000733637
0.0024713
0.00399369
0.00552363
0.00705201
0.00689318
0.00661608
0.00634404
0.00641088
0.00668967
0.00695959
0.00657698
0.00469896
0.00288332
0.00106663
0.000273551
-0.00044697
-0.00116985
-0.00164244
-0.00195847
-0.00228059
-0.00256631
-0.00276956
-0.00297599
-0.00318212
-0.00338072
-0.00357865
-0.00377645
-0.00193599
0.00117875
0.00423946
0.00632239
0.00616325
0.00609476
0.00602266
0.00534811
0.00463146
0.00391709
0.0028274
0.00150328
0.000189661
-0.00084781
-0.00125295
-0.00168318
-0.00211206
-0.00242245
-0.00272421
-0.00302607
-0.00323139
-0.00337623
-0.00352337
-0.00281383
-0.000141515
0.00245005
0.00504278
0.00554606
0.00590068
0.00626096
0.00626755
0.00605292
0.00584729
0.00524178
0.0037205
0.00223696
0.000753093
-6.50686e-05
-0.000835296
-0.00160682
-0.00205993
-0.0023136
-0.002575
-0.00282647
-0.00305617
-0.00328654
-0.00351671
-0.00314046
-0.00272125
-0.00230407
-0.000723558
0.001585
0.00386288
0.00530017
0.00481036
0.00439719
0.00398133
0.00255017
0.00104746
-0.00045124
-0.00136583
-0.00191419
-0.00247657
-0.00291723
-0.00308079
-0.00325514
-0.00342893
-0.00353667
-0.0036396
-0.00374264
-0.00220408
0.000362626
0.0028869
0.00477474
0.00520239
0.00568703
0.00616905
0.00478143
0.00326059
0.00174617
0.000635929
-0.000220547
-0.00108629
-0.00179076
-0.00212727
-0.0024779
-0.00282771
-0.00271082
-0.00256045
-0.0024115
0.000111249
0.00412136
0.00807034
0.0107443
0.0104938
0.0103574
0.0102167
0.00976235
0.00928572
0.00881033
0.00734417
0.00525718
0.00319593
0.00158009
0.000985695
0.00035212
-0.000279444
-0.000737073
-0.00118182
-0.00162672
-0.0019262
-0.00213442
-0.00234601
-0.00256252
-0.00279086
-0.00301857
-0.00324613
-0.00341995
-0.00358976
-0.00375959
-0.00391245
-0.00405464
-0.00419712
-0.00433817
-0.00447608
-0.00461401
-0.00475183
-0.00372347
-0.00261124
-0.0015031
-0.00180225
-0.00298449
-0.00413191
-0.0049617
-0.00506113
-0.00518851
-0.00531471
-0.0040291
-0.00264178
-0.00125941
-0.00154156
-0.00286847
-0.00415439
-0.00481635
-0.00404492
-0.00332884
-0.0026112
-0.00205613
-0.00151327
-0.00097035
-0.00122252
-0.00197377
-0.00270543
-0.00333746
-0.00373997
-0.00415091
-0.00456121
-0.00470176
-0.00482252
-0.00494394
-0.00375204
-0.00173578
0.000247645
0.00203015
0.0033509
0.00468815
0.00602377
0.00545236
0.00474191
0.00403726
0.0029097
0.00151694
0.000135261
-0.000935244
-0.00129237
-0.00167618
-0.00205869
-0.00236017
-0.0026555
-0.00295085
-0.00317604
-0.00335711
-0.0035397
-0.00295903
-0.000627723
0.00163594
0.00390045
0.00465596
0.00530022
0.00594817
0.00477527
0.0024586
0.0001866
-0.00148451
-0.0017754
-0.00211783
-0.00245806
-0.00265042
-0.00283175
-0.00301337
-0.00225649
-0.000909951
0.000413528
0.00163834
0.0026361
0.00364159
0.00464605
0.00309552
0.00135778
-0.000371672
-0.00131986
-0.00177647
-0.00225105
-0.00263647
-0.00281933
-0.0030096
-0.00319945
-0.000696712
0.00200312
0.00469362
0.00561832
0.00543223
0.00528752
0.00477274
0.0034122
0.00208404
0.000755654
3.64227e-05
-0.000637289
-0.00131219
-0.0017342
-0.0019971
-0.00226569
-0.00251412
-0.00271704
-0.0029215
-0.00312574
-0.000808722
0.00169358
0.00418719
0.00443942
0.00328137
0.00217614
0.00111076
0.00014031
-0.000832922
-0.00180534
-0.00218769
-0.00252599
-0.00286566
-0.0021343
-0.000729243
0.000650049
0.00214197
0.00389151
0.00563032
0.00736825
0.00564634
0.00366827
0.00170104
0.000496188
-0.000228295
-0.000969818
-0.00159597
-0.0019595
-0.00233236
-0.0027046
-0.00292384
-0.00313154
-0.0033395
-0.00246316
-0.000904493
0.000628176
0.00203544
0.00315414
0.00428253
0.00540974
0.00385865
0.0021087
0.000367239
-0.000652464
-0.00121729
-0.00179821
-0.00228347
-0.00255104
-0.00282631
-0.00310111
-0.00323721
-0.00336286
-0.0034888
-0.00233164
-0.000366728
0.00156753
0.00325182
0.00436155
0.00549123
0.00661938
0.00640275
0.00608553
0.00577218
0.00441733
0.00240687
0.000421501
-0.00106444
-0.0014036
-0.00178382
-0.00216228
-0.00249727
-0.00282877
-0.00316016
-0.0027796
-0.00195058
-0.00113827
-0.000102719
0.00144475
0.00297274
0.00450034
0.00312468
0.00153173
-5.22999e-05
-0.000964766
-0.00145362
-0.00195728
-0.00239074
-0.00266471
-0.00294419
-0.00322327
-0.0010605
0.00128471
0.00362174
0.00464858
0.00484921
0.00507917
0.00463169
0.0026314
0.000687846
-0.00125634
-0.00176269
-0.00216031
-0.00256151
-0.00282845
-0.00301079
-0.003196
-0.00295424
-0.00173246
-0.000546328
0.000640222
0.00212546
0.00363232
0.00513735
0.00460413
0.00278582
0.0010143
-0.000385999
-0.000931624
-0.0015071
-0.00208111
-0.00237791
-0.00265355
-0.00292974
-0.00184722
9.19206e-05
0.00199947
0.00356225
0.00433245
0.00513004
0.0059261
0.00425418
0.00239628
0.000546223
-0.000456409
-0.000924079
-0.00141023
-0.00181652
-0.00204136
-0.00227242
-0.0025031
-0.000559495
0.00154794
0.00364816
0.00463087
0.00490813
0.00520992
0.00496301
0.00345814
0.00199835
0.000538005
-0.00012017
-0.00071695
-0.00131546
-0.00169177
-0.00192783
-0.00216862
-0.00241549
-0.00267696
-0.00293774
-0.00319836
-0.00225131
-0.00121289
-0.000178374
0.000560547
0.00111264
0.00167084
0.00168688
0.000458541
-0.000725691
-0.00191063
-0.00230401
-0.00263677
-0.00297141
-0.00320166
-0.00336599
-0.00353249
-0.00304461
-0.00105382
0.000883539
0.0028214
0.0034447
0.00396718
0.00449279
0.00360715
0.00183069
8.62437e-05
-0.00125053
-0.00164979
-0.00208113
-0.00251107
-0.00270172
-0.00287395
-0.00304668
-0.00264351
-0.00187673
-0.001123
-0.000104671
0.00152119
0.00312503
0.00472852
0.00381016
0.0026991
0.00159542
0.00062274
-0.000266801
-0.00115858
-0.00187294
-0.00218065
-0.00250209
-0.00282284
-0.00298522
-0.00313534
-0.00328577
-0.00195081
0.000322266
0.00256171
0.00409858
0.00402053
0.00399771
0.00397301
0.00252777
0.000974207
-0.000574601
-0.00138706
-0.00173393
-0.00209643
-0.00242087
-0.00265944
-0.00290076
-0.00314183
-0.00149653
0.000292994
0.0020764
0.00261228
0.00235945
0.00213358
0.00163517
0.000512398
-0.000588422
-0.00168924
-0.00205183
-0.00235728
-0.00266446
-0.00291902
-0.0031403
-0.00336256
-0.00279938
-0.000431512
0.00187372
0.00417952
0.00466297
0.00500542
0.00535241
0.00421352
0.00213556
9.06879e-05
-0.00143413
-0.00176303
-0.002132
-0.00249938
-0.0027217
-0.00293267
-0.00314387
-0.00270645
-0.00185896
-0.00102584
6.26916e-05
0.00173783
0.00339213
0.00504603
0.00338008
0.00145804
-0.000454127
-0.00145625
-0.00188235
-0.00232747
-0.00270109
-0.00291225
-0.0031287
-0.00334484
-0.00200213
-0.000539325
0.000918488
0.00147916
0.00147209
0.00148398
0.00115043
2.43655e-05
-0.0010745
-0.00217354
-0.0025653
-0.00290189
-0.00324009
-0.00253205
-0.00116224
0.000184634
0.00146888
0.0026086
0.00375236
0.00489523
0.00368403
0.00229045
0.00090385
-0.000100557
-0.000862731
-0.00163244
-0.00224335
-0.00249053
-0.0027496
-0.00300811
-0.00238937
-0.00170266
-0.00101866
-0.0087202
-0.0217275
-0.0345508
0.00721221
0.00474595
0.00374247
0.00269134
0.00156524
0.000433768
-0.000696777
-0.00131509
-0.00160899
-0.00191339
-0.00219673
-0.00243275
-0.00267016
-0.00290737
-0.00175115
-0.000486777
0.000773211
0.00150774
0.00190932
0.00232158
0.00221482
0.000915985
-0.000342873
-0.00160222
-0.00198649
-0.0023021
-0.00261976
-0.00189282
-0.00050458
0.000861095
0.00190224
0.0021967
0.00251539
0.00283308
0.0016038
0.000254062
-0.00109086
-0.00181573
-0.00214763
-0.00249214
-0.00247273
-0.00161783
-0.000790732
3.6735e-05
0.00102201
0.0020191
0.00301515
0.00259724
0.00128368
1.1411e-07
-0.00102627
-0.00146014
-0.00191298
-0.00236491
-0.00255738
-0.00272937
-0.0029019
-0.00187969
-0.000100741
0.00165252
0.00294046
0.00315796
0.00341
0.00366075
0.00226657
0.000743827
-0.00077377
-0.0016055
-0.00200231
-0.00241293
-0.00273898
-0.00287196
-0.00301109
-0.00314993
-0.00170854
-0.000143539
0.00141647
0.00252665
0.0033514
0.00418481
0.00418059
0.00225142
0.000385454
-0.00148135
-0.00189152
-0.0021866
-0.00248518
-0.00270284
-0.00286923
-0.00303715
-0.00282636
-0.00174486
-0.000691975
0.000361149
0.00131905
0.00226889
0.00321838
0.00250633
0.000741001
-0.000989481
-0.00224567
-0.00240988
-0.0026089
-0.00280668
-0.00303873
-0.00327335
-0.00350774
-0.00289965
-0.00175747
-0.000633063
0.000436493
0.00137951
0.00232597
0.00327171
0.00247542
0.00154168
0.000612912
-0.000266814
-0.00111515
-0.00196394
-0.00261086
-0.00279421
-0.00299217
-0.00318954
-0.00334562
-0.00349833
-0.00365106
-0.0037137
-0.00371918
-0.00372648
-0.00314101
-0.00119219
0.000712207
0.00261681
0.00141742
-2.76158e-05
-0.00146397
-0.00227926
-0.00270017
-0.00313328
-0.00347675
-0.0036153
-0.00376023
-0.00390487
-0.00398985
-0.00407003
-0.00415031
-0.00390095
-0.00344248
-0.00299089
-0.00225222
-0.000853266
0.000524029
0.00190114
0.000869379
-0.000353452
-0.00156951
-0.0022959
-0.00271124
-0.00313609
-0.00347312
-0.00360915
-0.00375141
-0.00389339
-0.00398457
-0.00407166
-0.00415882
-0.00426643
-0.00438699
-0.00450708
-0.00461551
-0.00469718
-0.00477963
-0.00486201
-0.00342321
-0.00186388
-0.000309292
0.00038535
0.000533837
0.000699278
0.000444121
-0.000777371
-0.00196797
-0.00315879
-0.00345343
-0.00367635
-0.00390136
-0.00408711
-0.00424794
-0.00440944
-0.00454327
-0.0046136
-0.00468586
-0.00475802
-0.00482712
-0.00489594
-0.00496473
-0.00500808
-0.00503526
-0.00506294
-0.00509606
-0.00514177
-0.00518707
-0.00523235
-0.00529496
-0.00535894
-0.00542282
-0.00548949
-0.0055579
-0.00562622
-0.00568922
-0.00574005
-0.00579122
-0.00584235
-0.00586631
-0.00588808
-0.0059099
-0.00593844
-0.00597123
-0.00600388
-0.00602668
-0.00602684
-0.00602769
-0.00602853
-0.00606469
-0.00610367
-0.00614254
-0.00617077
-0.00619222
-0.00621387
-0.00623258
-0.00624454
-0.00625671
-0.00626886
-0.00628809
-0.00630788
-0.00632764
-0.00633178
-0.006326
-0.00632053
-0.00632778
-0.00636434
-0.00639999
-0.00643564
-0.00646732
-0.00649866
-0.00652999
-0.00652185
-0.00648863
-0.00645619
-0.00643615
-0.00644467
-0.00645232
-0.00645999
-0.00648788
-0.00651739
-0.00654683
-0.00655409
-0.00654726
-0.00654086
-0.00653637
-0.00653631
-0.00653611
-0.00653592
-0.006559
-0.00658393
-0.0066088
-0.0066204
-0.00662355
-0.00662697
-0.0066247
-0.00660937
-0.00659445
-0.00657953
-0.00657747
