0
0.0100655
0.0109106
0.0133553
0.015663
0.0170021
0.0161433
0.0154679
0.0147786
0.0129769
0.0112702
0.00955839
0.00847644
0.00776172
0.00701794
0.00629498
0.00561162
0.00492612
0.00424193
0.00403641
0.00379199
0.00355116
0.0059497
0.00988658
0.0136913
0.0163571
0.0164452
0.0167432
0.0170236
0.0158502
0.0147969
0.0137355
0.0122722
0.0105746
0.00889864
0.00741138
0.0063489
0.00525379
0.00416309
0.00331722
0.00245297
0.00159159
0.00107315
0.000755624
0.000422459
1.00333e-05
-0.000584337
-0.00116316
-0.00174231
-0.00176754
-0.00183705
-0.00190291
-0.000732986
0.00115977
0.00299186
0.0044912
0.0052344
0.00603657
0.00683277
0.00604458
0.00538338
0.00471316
0.00433278
0.00412194
0.00389801
0.0032716
0.00173632
0.000275202
-0.00118946
-0.00159227
-0.00207806
-0.00255656
-0.00298425
-0.00338155
-0.00378061
-0.00406412
-0.00408858
-0.0041333
-0.00417636
-0.00444108
-0.00468807
-0.00493606
-0.00516864
-0.00539212
-0.00561596
-0.00556352
-0.00488935
-0.00426453
-0.00363685
-0.00215852
-0.000748414
0.000664788
0.00129826
0.00147325
0.0016834
0.00179013
0.00167062
0.00156873
0.00146565
0.000881502
0.00033526
-0.000213055
-0.000850686
-0.00154065
-0.00222554
-0.00282061
-0.00321374
-0.00362172
-0.00402794
-0.00426346
-0.00451164
-0.00475849
-0.00506954
-0.00541818
-0.00576343
-0.00520139
-0.00259439
-0.000146619
0.00230952
0.00300458
0.003832
0.00464815
0.00485828
0.00471046
0.0045899
0.00419851
0.00320104
0.00225076
0.00129835
0.000362086
-0.000573982
-0.00150866
-0.00216546
-0.00265788
-0.00316189
-0.00356417
-0.00374006
-0.00393263
-0.00412366
-0.00234907
-0.000723826
0.000910133
0.00268398
0.00454002
0.00638718
0.00759488
0.00736218
0.00723676
0.00710357
0.0066634
0.00624662
0.00582873
0.00522327
0.00450715
0.00380025
0.00307359
0.00230253
0.00153587
0.000770026
0.00097298
0.0011044
0.00124088
0.00300141
0.00572249
0.00836915
0.0103114
0.0106564
0.0111177
0.0115698
0.0112147
0.010919
0.0106194
0.0104685
0.0104057
0.0103365
0.0101033
0.00949845
0.00892149
0.00834335
0.00901694
0.00959885
0.0101866
0.0114108
0.0130121
0.0145839
0.0153928
0.0144772
0.0136873
0.0128894
0.0121711
0.011448
0.0107264
0.00968085
0.00844372
0.00722212
0.00620318
0.00564222
0.00504928
0.00445948
0.00384462
0.00323243
0.00262093
0.00210732
0.00165213
0.00119344
0.00205819
0.00591134
0.00954662
0.0131922
0.0127529
0.012604
0.0124347
0.012027
0.0114769
0.0109376
0.0102782
0.0093481
0.00843839
0.00752852
0.00602866
0.00457246
0.00311523
0.00224686
0.0017292
0.00118765
0.00063896
6.92287e-05
-0.000498229
-0.00106505
-0.00132102
-0.00159837
-0.00187384
-0.00209984
-0.00229618
-0.00249432
-0.00268095
-0.00284223
-0.00300505
-0.00316754
-0.00332893
-0.00349007
-0.00365101
-0.00376004
-0.00383808
-0.00391816
-0.00326323
-0.000946819
0.00125157
0.00345508
0.00349467
0.00344355
0.00339876
0.00343247
0.0035133
0.00359077
0.00332256
0.00227212
0.00127681
0.000279078
-0.00068072
-0.00163776
-0.00259368
-0.00315538
-0.00348145
-0.00382317
-0.00410953
-0.00427377
-0.00444612
-0.00461768
-0.0045862
-0.00454606
-0.00450655
-0.00451647
-0.00455593
-0.00459334
-0.00456764
-0.0043989
-0.00424008
-0.0040808
-0.00218385
-0.000213902
0.00174845
0.00250759
0.00254667
0.00263421
0.00251791
0.00194808
0.00140951
0.00086957
-0.000187094
-0.00126513
-0.00234028
-0.00303032
-0.00348949
-0.0039635
-0.00431868
-0.00440805
-0.00451505
-0.00462073
-0.00478046
-0.00494239
-0.00510395
-0.00537063
-0.00570013
-0.00602501
-0.00609809
-0.00560095
-0.0051423
-0.00468171
-0.00452124
-0.00437434
-0.00422675
-0.00326289
-0.00181029
-0.000391892
0.000590721
0.000583718
0.000641959
0.000695826
0.000584517
0.000465858
0.000347837
-0.000343478
-0.00137826
-0.00238916
-0.00322529
-0.00366372
-0.00412762
-0.00458925
-0.00473748
-0.00487126
-0.00500581
-0.00507604
-0.00510769
-0.0051418
-0.00517651
-0.00521301
-0.00524934
-0.00528564
-0.00516532
-0.00503794
-0.00491118
-0.00491779
-0.00500452
-0.00508594
-0.00520792
-0.00542115
-0.00562821
-0.00583539
-0.005897
-0.00595178
-0.00600693
-0.00570468
-0.00518777
-0.00468535
-0.00385255
-0.00227234
-0.000742159
0.000789265
0.000671405
0.000476509
0.000286799
-0.000106703
-0.000622376
-0.00112958
-0.00166235
-0.00225269
-0.00283861
-0.00342405
-0.00381027
-0.00418664
-0.00456316
-0.0048883
-0.00518238
-0.00547807
-0.00562034
-0.00541552
-0.00523297
-0.00504925
-0.00350128
-0.00189009
-0.000284944
0.00074621
0.001431
0.00213679
0.00263278
0.00265734
0.00271157
0.00276386
0.00252256
0.00226743
0.00201348
0.00137262
0.0004989
-0.000359113
-0.0010563
-0.0013879
-0.00174197
-0.00209419
-0.00206744
-0.00202237
-0.0019785
-0.000888182
0.000832669
0.00251206
0.00387547
0.00451888
0.00520629
0.00589011
0.0060152
0.00611286
0.0062121
0.00622089
0.00617516
0.00613286
0.00591867
0.00531491
0.00473598
0.00415624
0.0043203
0.00452075
0.00471871
0.00589516
0.00766187
0.00939006
0.0104995
0.0102024
0.009992
0.00977657
0.00893955
0.00807261
0.00720857
0.00647687
0.00582554
0.0051701
0.00451101
0.00384201
0.00317444
0.00250759
0.00204358
0.00159022
0.00113675
0.000774647
0.000467917
0.000158192
-0.000202371
-0.000679256
-0.0011485
-0.00161764
-0.00176122
-0.00192435
-0.00208611
-0.00221567
-0.00232565
-0.00243668
-0.0025358
-0.00260821
-0.00268214
-0.00275589
-0.00278735
-0.00281664
-0.00284602
-0.00297053
-0.00315259
-0.00333097
-0.00350396
-0.00366448
-0.00382556
-0.00398641
-0.00397532
-0.00395545
-0.00393614
-0.00396793
-0.00403067
-0.0040915
-0.00418706
-0.00436137
-0.00453077
-0.00470027
-0.00328917
-0.00179833
-0.000314012
0.000536565
0.00100246
0.00149065
0.00193781
0.00229567
0.0026584
0.0030204
0.00268689
0.00231773
0.00195111
0.00138491
0.000697992
1.90147e-05
-0.000640795
-0.00125704
-0.00187512
-0.00249236
-0.00252642
-0.00253006
-0.00253549
-0.00258887
-0.00267141
-0.00275213
-0.0023146
-0.000699344
0.000845022
0.00239173
0.00352951
0.00464467
0.00575986
0.00603899
0.00581043
0.00561175
0.00548595
0.0055295
0.00556315
0.00559732
0.00521207
0.00480508
0.00439983
0.00431276
0.00441908
0.00451405
0.00449817
0.00422895
0.00397471
0.0037199
0.00544246
0.00726828
0.00908602
0.00966447
0.00948913
0.00935745
0.0091285
0.00868407
0.00825256
0.0078208
0.00726746
0.00670818
0.00614988
0.0060462
0.00621906
0.00637586
0.00683478
0.0079787
0.00908209
0.0101865
0.0102426
0.0102422
0.010245
0.00975055
0.00895382
0.00817523
0.00734087
0.00638092
0.00542922
0.00447812
0.00382636
0.00319145
0.0025563
0.00201889
0.00154117
0.00106061
0.000668714
0.00047735
0.000274853
7.32152e-05
0.00228026
0.00461619
0.0069422
0.00769422
0.0074868
0.00733371
0.0069972
0.00625042
0.00552756
0.00480417
0.00422186
0.00364784
0.003074
0.00246917
0.00184568
0.00122394
0.000756372
0.000638857
0.000501885
0.000366154
3.90946e-05
-0.000298166
-0.000634481
-0.000752332
-0.000736889
-0.000728893
-0.000371557
0.000779656
0.00188541
0.00299246
0.0032205
0.00339964
0.0035813
0.00354771
0.0033829
0.00322554
0.00304398
0.00280806
0.00257541
0.00234284
0.00160938
0.000848742
9.04486e-05
-0.000398223
-0.00072205
-0.00105461
-0.00130009
-0.00134902
-0.00140872
-0.00146775
-0.00166642
-0.0018727
-0.00207834
-0.00224288
-0.00238222
-0.0025228
-0.00199947
3.46917e-05
0.00198393
0.00393568
0.00378512
0.0035164
0.00325443
0.00305886
0.0029042
0.00274747
0.00241552
0.00168417
0.000975366
0.000266104
-0.000259558
-0.000774327
-0.00128913
-0.0016938
-0.00203101
-0.00237151
-0.00261743
-0.00264889
-0.00269194
-0.0027343
-0.00280742
-0.00288221
-0.00295684
-0.00302549
-0.00309048
-0.00315559
-0.00278524
-0.00142344
-0.000116486
0.00119201
0.00132187
0.00138423
0.00145015
0.00146992
0.00146157
0.00145473
0.00142753
0.00135414
0.0012833
0.00121241
0.000361811
-0.000532777
-0.00142406
-0.00191732
-0.00216662
-0.00242867
-0.0027005
-0.00299656
-0.00329102
-0.00358524
-0.00361334
-0.00362604
-0.00363955
-0.00256711
-0.000829949
0.000870089
0.00202461
0.00193425
0.00190996
0.00188219
0.00179468
0.00170377
0.00161313
0.00166864
0.0018137
0.00195388
0.0018647
0.00125257
0.000668655
8.38683e-05
-4.02195e-05
-0.000137336
-0.000235768
0.000692642
0.0022502
0.00377309
0.00489806
0.00511422
0.00537782
0.00563866
0.00543262
0.00519941
0.00496786
0.00483727
0.0047687
0.00469696
0.00443858
0.00375437
0.00309308
0.00243129
0.00203125
0.00164699
0.0012623
0.00191011
0.00319124
0.00443812
0.00553546
0.00628955
0.00706067
0.00783011
0.00699934
0.00607471
0.00515591
0.00486545
0.00496105
0.00503658
0.00482826
0.00397058
0.00314731
0.00232312
0.00161127
0.000906735
0.000202553
-0.000271543
-0.000604151
-0.000943696
-0.00122041
-0.00135519
-0.00149713
-0.00163855
-0.00178252
-0.00192652
-0.00207036
-0.00202871
-0.00187309
-0.00172346
-0.00120407
0.000157877
0.00147538
0.00279381
0.00270495
0.00253185
0.00236322
0.00214728
0.00190247
0.00165939
0.00137066
0.00097773
0.000590498
0.00020337
-0.000335731
-0.000883491
-0.00143026
-0.0018041
-0.00207145
-0.00234392
-0.00256955
-0.0026893
-0.00281429
-0.00293888
-0.00295949
-0.00297379
-0.00298839
-0.0029415
-0.00285681
-0.0027741
-0.0022983
-0.000926043
0.000399718
0.00172648
0.0017365
0.0016666
0.00160079
0.00156221
0.00154056
0.00151808
0.00138573
0.00100265
0.000632516
0.000262101
-0.000227668
-0.000724278
-0.00122005
-0.00162909
-0.00198456
-0.00234235
-0.00859924
-0.0283146
-0.0473398
-0.015403
-0.00209894
-0.00286834
-0.00293715
-0.00300366
-0.00304553
-0.00308858
-0.00268666
-0.00126969
9.55491e-05
0.001462
0.00168418
0.00183586
0.00199088
0.00207365
0.00211197
0.00215246
0.0022691
0.00255982
0.00284167
0.00312368
0.00327372
0.00341548
0.00355751
0.00377992
0.00405182
0.00432102
0.00459191
0.00486671
0.00514105
0.00541514
0.00559256
0.00576383
0.00593523
0.00610201
0.00626588
0.00642974
0.00654314
0.00654159
0.00654565
0.00654944
0.00650019
0.00644768
0.00639539
0.00655667
0.00684969
0.007136
0.00742655
0.00772639
0.00802548
0.00832432
0.00839443
0.0084502
0.00850662
0.0080771
0.00734781
0.00663376
0.005813
0.00474946
0.0036987
0.00264834
0.00203036
0.00144
0.00084887
0.000482114
0.000253992
1.94056e-05
9.53882e-05
0.000879396
0.00162856
0.00237868
0.00318753
0.00399938
0.00481031
0.004921
0.00459909
0.00429825
0.00372354
0.00252546
0.0013584
0.000190966
-0.00015614
-0.000451188
-0.000748442
-0.000967087
-0.00113716
-0.00130938
-0.00150923
-0.00177261
-0.0020327
-0.0022927
-0.00236632
-0.00242806
-0.00249032
-0.00246426
-0.00238363
-0.00230568
-0.002277
-0.00236108
-0.00243972
-0.00251855
-0.00255431
-0.00258731
-0.00262041
-0.00266294
-0.0027113
-0.00275933
-0.00280771
-0.00285692
-0.00290604
-0.00295512
-0.00304677
-0.00314107
-0.00323515
-0.00304127
-0.00266929
-0.00230604
-0.00188753
-0.00134327
-0.000805433
-0.000267801
-0.000293066
-0.00035434
-0.000413867
-2.14325e-05
0.000650628
0.00130896
0.0018112
0.00195621
0.00211779
0.00227845
0.00193361
0.00155658
0.0011814
0.00118167
0.00141443
0.00163612
0.00229087
0.00393409
0.00552974
0.00712612
0.00780589
0.00842603
0.00904837
0.00811714
0.00622415
0.00437757
0.00287064
0.00214252
0.00137897
0.000617771
0.000219486
-0.000154994
-0.000530229
-0.000812574
-0.00103731
-0.0012645
-0.00147745
-0.0016584
-0.00184066
-0.00202268
-0.00211798
-0.00220757
-0.00229734
-0.00241632
-0.00255337
-0.00268946
-0.00280392
-0.00286901
-0.00293631
-0.00300344
-0.00302992
-0.00305372
-0.00307763
-0.00315484
-0.00326507
-0.00337369
-0.0034417
-0.00341683
-0.00339623
-0.00337546
-0.0033741
-0.003374
-0.00337385
-0.00349148
-0.00368213
-0.00386927
-0.0039819
-0.00392406
-0.00387403
-0.0038237
-0.0039035
-0.00399176
-0.00407956
-0.00410537
-0.00409271
-0.0040818
-0.00414534
-0.00437924
-0.0046052
-0.00483132
-0.00485631
-0.00486806
-0.00488041
-0.00489107
-0.0049007
-0.00491037
-0.00491195
-0.00489506
-0.00487903
-0.00486296
-0.00496819
-0.00508134
-0.00519402
-0.0052207
-0.00519398
-0.00516969
-0.00509871
-0.00492124
-0.0047487
-0.0045761
-0.00380538
-0.00299573
-0.00218855
-0.00171515
-0.00144925
-0.00117429
-0.000939226
-0.000794105
-0.000645092
-0.000496387
-0.000315557
-0.000132743
4.98206e-05
0.000402535
0.000860833
0.00131402
0.00166773
0.00179398
0.00193023
0.00206593
0.00225998
0.00245776
0.00265519
0.0030858
0.00366115
0.00422958
0.00474951
0.0051585
0.00557203
0.005985
0.00631408
0.0066373
0.00696049
0.00718453
0.00734688
0.0075118
0.0076161
0.00758217
0.00755438
0.00752633
0.00758176
0.00764272
0.00770339
0.00772001
0.00770921
0.00769963
0.00766719
0.00758254
0.00750026
0.00741795
0.00703548
0.00663316
0.00623207
0.00643044
0.00700163
0.007556
0.00770041
0.0069059
0.00615314
0.0053992
0.00537166
0.00539301
0.00541221
0.00465567
0.00341663
0.0021997
0.00131894
0.00120813
0.00106389
0.000921241
0.00054327
0.000149717
-0.000242816
-0.000442334
-0.000521638
-0.00060609
-0.000698273
-0.000808763
-0.000918363
-0.00102791
-0.00120309
-0.00138257
-0.00156172
-0.00174308
-0.00192576
-0.00210823
-0.00225113
-0.00230367
-0.00236007
-0.00241626
-0.00262927
-0.00285276
-0.0030756
-0.00311975
-0.00305259
-0.00299027
-0.00301224
-0.00322749
-0.00343425
-0.0036412
-0.00362202
-0.00358748
-0.00355362
-0.00351898
-0.00348389
-0.00344884
-0.00341451
-0.00338179
-0.00334902
-0.00331628
-0.00334797
-0.00338404
-0.00341988
-0.00346192
-0.0035078
-0.00355347
-0.00357798
-0.0035541
-0.0035323
-0.00351043
-0.00365287
-0.00380644
-0.0039594
-0.00408366
-0.00418998
-0.00429696
-0.00437211
-0.00437455
-0.00438008
-0.00438547
-0.00434598
-0.00430344
-0.00426106
-0.00434265
-0.00450151
-0.00465696
-0.0046595
-0.00431185
-0.00397928
-0.00364635
-0.00357945
-0.0035309
-0.00348161
-0.0030683
-0.00242805
-0.0017979
-0.00145265
-0.00175994
-0.00203953
-0.00232004
-0.00202476
-0.00168999
-0.00135717
-0.000995535
-0.000616086
-0.000237703
0.000104745
0.000365237
0.000628944
0.000892295
0.000604688
0.000279205
-4.44222e-05
8.51693e-05
0.000497604
0.000897879
0.00118338
0.00120534
0.00123828
0.00127073
0.00168155
0.00211827
0.00255356
0.00279552
0.0029167
0.0030428
0.00311092
0.0030469
0.00298842
0.00292976
0.00302349
0.00312774
0.00323146
0.00345347
0.00374926
0.00404175
0.00435591
0.00471971
0.00508115
0.00544239
0.00575615
0.00606638
0.00637649
0.00591239
0.00496486
0.00403806
0.00338819
0.00337357
0.00333279
0.00329313
0.00391031
0.00457292
0.00523311
0.00497778
0.0041505
0.0033474
0.00273505
0.00256105
0.00236921
0.00217826
0.00192836
0.00167452
0.00142106
0.00160855
0.00207157
0.00252294
0.00272847
0.00237024
0.00203535
0.00169977
0.00170245
0.00172886
0.00175428
0.0015402
0.00117646
0.00081912
0.00048593
0.000208295
-7.13758e-05
-0.000350736
-0.000478098
-0.000594678
-0.000711601
-0.000762688
-0.000772608
-0.00078419
-0.00077053
-0.00069921
-0.000630285
-0.000561319
-0.000429708
-0.000293775
-0.000158128
-0.000476388
-0.00107845
-0.00166856
-0.0021053
-0.00219016
-0.00228915
-0.0023875
-0.0025205
-0.00265587
-0.00279102
-0.00290703
-0.00301103
-0.00311542
-0.00310477
-0.00283065
-0.00256735
-0.00230383
-0.00251958
-0.00276913
-0.00301711
-0.00310299
-0.00308736
-0.00307581
-0.00307623
-0.00310444
-0.00313151
-0.00315861
-0.00276196
-0.00233551
-0.00191059
-0.00157896
-0.00130586
-0.00103065
-0.000921336
-0.00119175
-0.0014468
-0.00170226
-0.00167127
-0.00161993
-0.00156943
-0.00155079
-0.00155212
-0.00155266
-0.00141919
-0.00097855
-0.000550461
-0.000122212
-0.000664169
-0.00127491
-0.00188245
-0.00201021
-0.0018374
-0.00167663
-0.00147611
-0.00118539
-0.000898462
-0.000611616
2.28221e-05
0.000681651
0.001339
0.00130365
0.000834372
0.00038259
3.62549e-05
-6.72394e-05
-0.000180224
-0.000292746
0.00034137
0.00102851
0.00171302
0.00203661
0.00213391
0.00224002
0.00257459
0.00343378
0.0042717
0.0051098
0.00437681
0.00353158
0.00269142
0.00250219
0.00272109
0.00292384
0.00320288
0.00365559
0.00410116
0.00454665
0.00359234
0.00253802
0.00148842
0.00116191
0.00128888
0.00139806
0.00150822
0.00161911
0.00172988
0.00184057
0.00171759
0.00157786
0.00143889
0.0013933
0.00140631
0.00141703
0.00140991
0.00136169
0.00131509
0.00126847
0.00114762
0.00102148
0.000895653
0.00085652
0.000871782
0.000884926
0.000742711
0.000244079
-0.00024039
-0.000725032
-0.000637324
-0.000508254
-0.000380881
-0.000564987
-0.000944492
-0.00131617
-0.0011615
0.000200475
0.00151492
0.00283017
0.00208713
0.00119532
0.000309925
-0.000415722
-0.00104078
-0.00166922
-0.00213107
-0.00221185
-0.00230718
-0.00240189
-0.00234349
-0.00227401
-0.002205
-0.00220564
-0.00225
-0.00229265
-0.00238521
-0.00259213
-0.00279452
-0.00299693
-0.00302792
-0.0030464
-0.00306534
-0.00313279
-0.00323069
-0.00332736
-0.00335889
-0.00324105
-0.00312899
-0.00301679
-0.00324076
-0.0034891
-0.00373633
-0.00351368
-0.00299599
-0.0024899
-0.00211127
-0.00202553
-0.00192875
-0.00183246
-0.00137181
-0.000884834
-0.000399226
-0.000191272
-0.000157792
-0.000117739
0.00036168
0.00184958
0.00329826
0.00474733
0.00500704
0.00517945
0.00535503
0.00517248
0.00476507
0.00436644
0.00376636
0.00270453
0.00166088
0.000617322
0.000246609
-7.44757e-05
-0.000397184
-0.000679974
-0.00093765
-0.00119608
-0.00143271
-0.00161967
-0.00180835
-0.00199683
-0.00191462
-0.00181257
-0.00171133
-0.00177754
-0.00194898
-0.00211636
-0.00214798
-0.00186792
-0.00159972
-0.00133128
-0.000912942
-0.000483842
-5.54631e-05
9.33198e-05
6.62801e-05
4.58114e-05
-0.000106804
-0.000562078
-0.00100575
-0.00144952
-0.00125337
-0.00101011
-0.000768784
-0.000772735
-0.000930962
-0.00108334
-0.000987242
-0.000320603
0.000324387
0.000969702
0.000789028
0.000547391
0.00030819
0.000237302
0.000272349
0.000303451
0.000594366
0.00148118
0.00234533
0.00320968
0.0027337
0.00215873
0.00158784
0.00178954
0.00247731
0.00314666
0.00343665
0.0028551
0.00230605
0.00175621
0.00187536
0.00204409
0.00221087
0.00265948
0.00328526
0.00390407
0.00411
0.00336834
0.00266198
0.00195484
0.00183989
0.00176906
0.00169666
0.00177878
0.00195807
0.00213368
0.0020483
0.00136375
0.000701593
3.91032e-05
0.000102197
0.0002193
0.000334346
0.00055813
0.000850258
0.00113968
0.00175421
0.00311503
0.00444768
0.00578039
0.00435807
0.00273107
0.0011127
0.000287333
-3.83259e-05
-0.000381893
-0.000623102
-0.000631199
-0.000647745
-0.000663973
-0.000752826
-0.00084705
-0.000941012
-0.00111654
-0.00134339
-0.00156822
-0.00171431
-0.0016797
-0.00165164
-0.00162337
-0.0011728
-0.000690881
-0.000210445
0.000245428
0.000685686
0.00112619
0.00123992
0.000603915
-4.63572e-06
-0.000613736
-0.00100699
-0.00138381
-0.00176094
-0.00187376
-0.00182004
-0.00177233
-0.00173501
-0.00172201
-0.00170814
-0.00169431
-0.00182386
-0.0019641
-0.00210386
-0.00105703
0.000737282
0.00250356
0.00338497
0.00223404
0.0011566
7.72946e-05
-0.000445059
-0.000925162
-0.00140643
-0.00162062
-0.00166646
-0.00171826
-0.00178696
-0.00189498
-0.00200152
-0.00210804
-0.0021379
-0.00216196
-0.00218621
-0.0020656
-0.0018537
-0.0016452
-0.00140383
-0.00108708
-0.000773229
-0.000459498
-0.000663435
-0.000906344
-0.0011477
-0.00150878
-0.00194522
-0.00237869
-0.00253438
-0.00205234
-0.00159321
-0.0011336
-0.000863811
-0.000608557
-0.000352969
0.000620197
0.00204569
0.00345422
0.00436893
0.0041495
0.0039702
0.00378961
0.00383085
0.00388887
0.00394625
0.00346431
0.00264226
0.00183275
0.00107944
0.000455495
-0.000172556
-0.000800022
-0.000879028
-0.000916352
-0.000955111
-0.00102248
-0.00110792
-0.00119266
-0.00127845
-0.00136665
-0.00145471
-0.00154271
-0.00171709
-0.00189794
-0.00207843
-0.00186429
-0.00140117
-0.000947073
-0.000627085
-0.000615454
-0.000593076
-0.000571088
-0.000403045
-0.000223985
-4.54336e-05
-0.000367749
-0.00100613
-0.00163307
-0.00205168
-0.00199142
-0.00194784
-0.00190371
-0.00202892
-0.00216696
-0.00230447
-0.00239458
-0.00245474
-0.0025159
-0.00226935
-0.00131608
-0.000387943
0.000540417
0.000533297
0.000454718
0.000378665
0.000125285
-0.000239943
-0.000601054
-0.000966685
-0.0013427
-0.0017181
-0.00209326
-0.00219089
-0.00226723
-0.00234425
-0.00233536
-0.00227223
-0.00221101
-0.00207864
-0.00178289
-0.00149297
-0.00120305
-0.000850793
-0.000493971
-0.000137551
1.07211e-05
2.7473e-05
4.87268e-05
-8.44522e-05
-0.000572069
-0.0010472
-0.00152244
-0.00122312
-0.000864543
-0.000508239
-0.000460109
-0.000606738
-0.000746605
-0.000790909
-0.000615228
-0.000447182
-0.00027899
-0.000225364
-0.000180577
-0.000135519
-0.000219485
-0.000384955
-0.000547534
-0.000664724
-0.000677536
-0.000693893
-0.000710118
-0.000778767
-0.000851409
-0.000923867
-0.00101606
-0.00112069
-0.00122484
-0.00126296
-0.00114942
-0.0010411
-0.000932683
-0.000923948
-0.000922903
-0.000921599
-0.000871647
-0.000790949
-0.000711347
-0.00061666
-0.000487321
-0.000359242
-0.000231207
0.000287457
0.000835972
0.00138311
0.00136703
0.000994847
0.000634926
0.000222467
-0.000310091
-0.000838241
-0.00136618
-0.00161013
-0.00183196
-0.00205439
-0.00218671
-0.00226205
-0.00233925
-0.00215255
-0.00135956
-0.000587464
0.000184816
0.00071741
0.00123113
0.00174513
0.00148261
0.000729017
-7.61054e-06
-0.000622017
-0.000954843
-0.00129687
-0.00163837
-0.00186063
-0.00207351
-0.00228657
-0.00240285
-0.0024579
-0.00251496
-0.00255164
-0.00254171
-0.00253334
-0.00252493
-0.00278367
-0.00306301
-0.00334147
-0.00315463
-0.00267342
-0.00220233
-0.00148328
-0.000194623
0.00107423
0.0023429
0.00139324
0.000271606
-0.000843573
-0.00142823
-0.00167688
-0.00193652
-0.00215521
-0.00228084
-0.00240948
-0.00253793
-0.0025507
-0.00255445
-0.00255849
-0.00987959
-0.0218302
-0.0336199
-0.00159676
-0.00273323
-0.00277348
-0.00284992
-0.00181977
-0.000704055
0.000408103
0.00103991
0.00136743
0.00170476
0.00162418
0.000583909
-0.00042408
-0.00143247
-0.00162321
-0.00174997
-0.00187876
-0.00193746
-0.00195182
-0.00196763
-0.00199917
-0.002067
-0.0021336
-0.00220019
-0.00234198
-0.00248957
-0.00263687
-0.00241771
-0.00196652
-0.00152323
-0.00110566
-0.00074747
-0.000387567
-2.79561e-05
-1.32883e-05
-2.56468e-05
-3.71144e-05
-0.000247523
-0.000583868
-0.000915884
-0.00120536
-0.00139697
-0.00159166
-0.00178611
-0.00149718
-0.0011705
-0.000845258
-0.000735621
-0.000762616
-0.000785149
-0.000677904
-0.00027193
0.000124072
0.000520141
9.9795e-05
-0.000384425
-0.000866258
-0.000798626
-0.000382825
2.1417e-05
0.000223022
-4.18652e-05
-0.000291469
-0.000541407
-0.000485663
-0.000405913
-0.000326992
-0.000429795
-0.000647751
-0.000861845
-0.000927721
-0.000652646
-0.000388758
-0.000124678
0.000136092
0.000396454
0.00065666
0.000631844
0.000426384
0.000226875
0.000343698
0.00118828
0.00200889
0.00282975
0.00242315
0.00192
0.00142028
0.00134026
0.00152638
0.00170383
0.00164642
0.00104836
0.000468033
-0.000112494
-0.000214059
-0.000277751
-0.000342616
-0.00044118
-0.000561113
-0.000680286
-0.000674084
-0.000379573
-9.44698e-05
0.000190752
0.000183976
0.000154122
0.000125023
8.08251e-05
2.70784e-05
-2.63293e-05
-0.000128482
-0.00034277
-0.000553348
-0.000763909
-0.000867317
-0.000962184
-0.00105726
-0.00121709
-0.00141794
-0.00161736
-0.00178627
-0.00188504
-0.00198597
-0.00208678
-0.00203621
-0.00197368
-0.00191157
-0.00166662
-0.00130577
-0.000948816
-0.000542075
-2.07945e-05
0.000496528
0.00101365
0.000366546
-0.000372586
-0.00110834
-0.0014924
-0.00165319
-0.00182094
-0.00196035
-0.00203522
-0.00211208
-0.00218883
-0.00222296
-0.00225368
-0.0022845
-0.00231242
-0.00233851
-0.00236463
-0.00237133
-0.00233333
-0.00229676
-0.00226017
-0.00234527
-0.00244001
-0.00253438
-0.00247672
-0.00232257
-0.00217155
-0.00187839
-0.00125833
-0.000648923
-3.95605e-05
-0.000567131
-0.00118497
-0.0017996
-0.00206136
-0.00209902
-0.00214367
-0.00221224
-0.0023364
-0.00245874
-0.00258107
-0.0025644
-0.00253666
-0.00250928
-0.00246601
-0.00241266
-0.00235966
-0.00234846
-0.00243339
-0.00251528
-0.00259721
-0.00252673
-0.00244412
-0.00236194
-0.00241169
-0.0025452
-0.00267602
-0.00279385
-0.00288169
-0.0029704
-0.00305903
-0.00295272
-0.00283088
-0.0027096
-0.00274751
-0.00288652
-0.0030223
-0.00311773
-0.00312018
-0.00312552
-0.00313076
-0.00315814
-0.00318728
-0.00321634
-0.00320826
-0.00317658
-0.00314566
-0.00311418
-0.00308147
-0.00304882
-0.00301619
-0.00302647
-0.00304018
-0.00305378
-0.00307467
-0.00310017
-0.00312552
-0.00316476
-0.00323597
-0.00330615
-0.00337632
-0.00343837
-0.00349974
-0.00356109
-0.00355028
-0.00349363
-0.00343842
-0.00340321
-0.00341409
-0.00342354
-0.00343304
-0.00345621
-0.00348046
-0.00350467
-0.00346978
-0.00339735
-0.00332611
-0.00328471
-0.00331199
-0.00333715
-0.00336236
-0.00341999
-0.00348019
-0.00354029
-0.003542
-0.00350661
-0.00347237
-0.00345486
-0.00347588
-0.00349572
-0.00351558
-0.00352022
-0.00352362
-0.00352706
-0.00352828
-0.0035281
-0.00352795
-0.00352081
-0.00349758
-0.00347485
-0.00345212
-0.00344953
-0.00344856
-0.00344754
-0.00345481
-0.00346734
-0.00347971
-0.00348499
-0.00347396
-0.00346342
-0.00345288
-0.00355865
