0
0.00618326
0.00609809
0.00714295
0.00809222
0.00907424
0.0101135
0.0111463
0.0121779
0.0104428
0.00893927
0.00741909
0.0063621
0.00557463
0.00476625
0.00409709
0.00373508
0.00334842
0.00296442
0.00435429
0.00559649
0.00684875
0.00823887
0.00970919
0.0111706
0.0119921
0.0113764
0.0108789
0.0103726
0.00887858
0.00746724
0.00605148
0.00489403
0.00388782
0.00287097
0.00201711
0.00152558
0.00100554
0.000488651
0.000425526
0.00032591
0.000229394
0.00205886
0.00501347
0.00787287
0.00975541
0.00942869
0.00927965
0.00911662
0.00728561
0.00559097
0.00388813
0.00291632
0.00237243
0.00179529
0.00133761
0.00114137
0.000924643
0.000709888
0.000590887
0.000464475
0.000338851
0.000110057
-0.000179024
-0.000462879
0.000210543
0.00303908
0.00569306
0.00835662
0.00848548
0.00881372
0.00912576
0.00775673
0.00540157
0.0031275
0.00137542
0.0008087
0.000150042
-0.000500391
-0.000800983
-0.00112844
-0.00145328
-0.00169911
-0.00189828
-0.00210078
-0.00113184
0.00247436
0.00587003
0.00927679
0.00934071
0.00966367
0.00996607
0.00956078
0.00873869
0.00795007
0.00752513
0.00792388
0.00825852
0.00859757
0.00921015
0.00980074
0.0103921
0.0106968
0.0108326
0.0109812
0.0108005
0.00988027
0.00901803
0.00815268
0.00682398
0.00553268
0.0042405
0.00321896
0.00235729
0.00148477
0.00132785
0.00278023
0.00410821
0.00544361
0.00719348
0.0089093
0.0106251
0.010822
0.0101232
0.00949316
0.00859541
0.00710491
0.00566133
0.00421639
0.0033836
0.00250603
0.00163315
0.000963969
0.000415571
-0.00014106
-0.000604991
-0.000862409
-0.00113489
-0.00140583
-0.0012286
-0.00108507
-0.000939238
-0.000419746
0.000320332
0.0010429
0.00213406
0.0040551
0.00591167
0.00777028
0.00606567
0.00462753
0.0031718
0.00211347
0.00128978
0.000449966
-0.000264637
-0.00070115
-0.00115751
-0.00161174
-0.0017849
-0.00197846
-0.00217025
-0.00208398
-0.00183311
-0.00159467
-0.00145024
-0.00151965
-0.00157331
-0.00162804
-0.000606658
0.000334688
0.0012805
0.0024405
0.00372703
0.00500248
0.00544514
0.00400838
0.00271019
0.00140383
0.000676409
-9.19151e-05
-0.000856165
-0.00121613
-0.00133603
-0.0014731
-0.00167109
-0.00200979
-0.00233786
-0.00266622
-0.00290746
-0.00315462
-0.00340101
-0.00367413
-0.00396297
-0.00425026
-0.00450206
-0.00467399
-0.0048514
-0.00502815
-0.00525159
-0.00547138
-0.00569111
-0.00582669
-0.00591223
-0.00600121
-0.00596494
-0.00564645
-0.00534848
-0.00504947
-0.00516104
-0.00524333
-0.00532758
-0.00548024
-0.00567358
-0.00586378
-0.00603015
-0.00614255
-0.00625859
-0.00637422
-0.00648801
-0.00660177
-0.00671538
-0.00681195
-0.00689834
-0.00698531
-0.00705554
-0.00708817
-0.00712339
-0.00715837
-0.00716738
-0.00717819
-0.00718886
-0.00726585
-0.00738229
-0.00749581
-0.00760334
-0.00769706
-0.00779162
-0.00788598
-0.00777465
-0.00765493
-0.00753595
-0.00747257
-0.00744238
-0.00740994
-0.00735353
-0.00724251
-0.00713542
-0.0070282
-0.00692756
-0.00682732
-0.00672719
-0.00663846
-0.00655658
-0.00647434
-0.00648333
-0.00669844
-0.00689911
-0.0071005
-0.00721409
-0.00732382
-0.00743367
-0.00738791
-0.00724929
-0.00711719
-0.00644578
-0.00455516
-0.00275022
-0.0009419
-0.000464965
-4.56398e-05
0.000377032
0.000897715
0.00147687
0.00205127
0.00249836
0.00265767
0.00283625
0.00301329
0.00410633
0.00523773
0.00636501
0.00687026
0.0070032
0.00716105
0.00729173
0.00736512
0.00744226
0.00751904
0.00756515
0.00760986
0.0076546
0.00773949
0.00784837
0.0079555
0.00803912
0.00806944
0.00810329
0.00813685
0.0081424
0.0081467
0.00815108
0.00797508
0.00769116
0.00741479
0.00730031
0.00755304
0.00778108
0.00801044
0.0080673
0.00811639
0.00816593
0.00829233
0.00846476
0.00863392
0.0086436
0.00829192
0.00796453
0.00763597
0.00768634
0.00775372
0.0078199
0.00727444
0.00636236
0.00547554
0.00466481
0.00402873
0.00338205
0.00273691
0.00233604
0.00194678
0.00155726
0.00128457
0.0010821
0.000875325
0.000700345
0.000596392
0.000487952
0.000379945
0.000245886
0.000110787
-2.40687e-05
-0.000214184
-0.000437392
-0.000658168
-0.000876739
-0.00109033
-0.00130396
-0.00151732
-0.00171374
-0.00190915
-0.00210437
-0.00225718
-0.00238443
-0.00251316
-0.00256096
-0.00242582
-0.0023026
-0.00217877
-0.00247844
-0.00279758
-0.00311507
-0.00332516
-0.00347051
-0.00361981
-0.00375992
-0.00388005
-0.00400129
-0.00412231
-0.00421895
-0.00431434
-0.00440968
-0.00452225
-0.00464515
-0.00476723
-0.00485106
-0.00484826
-0.00485096
-0.00485331
-0.00463474
-0.0044059
-0.004178
-0.00242062
0.000257082
0.0028733
0.00466112
0.00456586
0.00458937
0.00460537
0.0040783
0.0035257
0.00297539
0.00202705
0.000839323
-0.000331891
-0.00128369
-0.0017374
-0.00222173
-0.00270354
-0.0027725
-0.00282138
-0.00287146
-0.00272846
-0.00246913
-0.00221738
-0.00203104
-0.00199376
-0.00194725
-0.00190138
-0.00178304
-0.00166129
-0.00153991
-5.16331e-05
0.00226084
0.00451937
0.00605193
0.00593332
0.00591698
0.00589434
0.00558183
0.00525536
0.00493016
0.0042533
0.00336443
0.00248972
0.00166628
0.000959803
0.000247005
-0.00046453
-0.000924632
-0.00137176
-0.00181914
-0.00213115
-0.00236125
-0.00259609
-0.00280007
-0.00293511
-0.00307419
-0.00321286
-0.00161824
6.11943e-05
0.00173342
0.00247502
0.00265339
0.0028658
0.00292999
0.00266289
0.00241622
0.00216862
0.000956976
-0.00019477
-0.00134875
-0.00204578
-0.00246617
-0.00290279
-0.0032549
-0.00341816
-0.00359262
-0.0037662
-0.0020739
-0.000288874
0.00148842
0.00241075
0.00281485
0.00324961
0.0034188
0.00298996
0.0025975
0.00220334
0.00146995
0.000720029
-2.80084e-05
-0.000716542
-0.00136869
-0.00202222
-0.00254236
-0.00276075
-0.00299688
-0.00323167
-0.00322295
-0.00320171
-0.00318124
-0.00177927
0.000459375
0.00264568
0.00421717
0.00438837
0.00464236
0.00489115
0.00471932
0.00452587
0.00433393
0.00372089
0.00285279
0.00200078
0.00120049
0.000518616
-0.000169437
-0.000856315
-0.0011369
-0.00139602
-0.00165609
-0.000655259
0.00111023
0.00282878
0.00419354
0.00475069
0.00535451
0.00595488
0.00587798
0.00576563
0.00565547
0.00475199
0.0033673
0.0020123
0.000934751
0.000489664
8.26125e-06
-0.000470468
-0.000745251
-0.00100897
-0.00127302
-0.0013657
-0.00135425
-0.00134886
-0.000664906
0.00156052
0.00369412
0.00583056
0.00574515
0.00554182
0.00534555
0.00468824
0.00375125
0.00283147
0.00203221
0.00150782
0.00096821
0.000430096
9.1873e-05
-0.000235311
-0.000562753
0.00044513
0.00226469
0.00403562
0.00532203
0.00550304
0.00574711
0.0059873
0.00484976
0.00363926
0.00243432
0.00154902
0.000858785
0.000158212
-0.000449988
-0.000850578
-0.00126253
-0.00167336
-0.0017716
-0.00185283
-0.00193492
-0.00203338
-0.00214181
-0.00224954
-0.00181177
-0.00013345
0.00147277
0.00308124
0.0028887
0.00259834
0.00231383
0.00171328
0.000920675
0.000139787
-0.000514799
-0.000881733
-0.00126444
-0.00164583
-0.00182631
-0.0019956
-0.00216533
-0.00226954
-0.00233381
-0.00240024
-0.00185141
9.66986e-05
0.00196432
0.00383436
0.00344493
0.00293149
0.00242556
0.00170873
0.000863845
2.7042e-05
-0.000627967
-0.000869543
-0.00113386
-0.00139661
-0.00150908
-0.0016131
-0.00171748
-0.000974182
0.000285995
0.00151612
0.00270576
0.00380118
0.0049006
0.00599859
0.00576572
0.00545898
0.00515665
0.00512233
0.00525177
0.00537204
0.00530777
0.0048225
0.00436095
0.00389859
0.00294378
0.00196232
0.000983408
0.000394611
4.43726e-05
-0.000318561
0.000107176
0.00232593
0.00444411
0.00656547
0.00684569
0.00702204
0.00720386
0.00706264
0.00672428
0.00639704
0.00598649
0.00538724
0.00479891
0.00421063
0.00322947
0.00222702
0.00122681
0.000607593
0.000221585
-0.000176652
-0.00045819
-0.000476149
-0.000508359
-0.000539764
0.00115661
0.00294963
0.00473549
0.00518857
0.00482607
0.00450795
0.00407801
0.00339855
0.00273325
0.00206791
0.00149278
0.000923354
0.000354234
-5.51271e-05
-0.000366572
-0.000682935
-0.00089451
-0.000868507
-0.000855256
-0.000841337
0.00074887
0.00242814
0.00410085
0.00459206
0.00435952
0.00416586
0.00387236
0.00335603
0.00285212
0.00234809
0.00147746
0.000586493
-0.000302447
-0.000618625
-0.000583803
-0.000567648
-0.000609656
-0.000786446
-0.000955905
-0.00112557
-3.95267e-05
0.00111836
0.00227122
0.00305315
0.00360733
0.00417295
0.00433306
0.00357152
0.00285937
0.00214537
0.0014247
0.000704308
-1.53442e-05
-0.000398747
-0.000575845
-0.000763593
-0.00091318
-0.000977379
-0.00104599
-0.00111429
-0.00122166
-0.00133122
-0.00144055
-0.000896484
4.81558e-05
0.00097088
0.00185941
0.00266863
0.00348114
0.00429263
0.00397407
0.00358929
0.00320835
0.00254665
0.00171304
0.000889224
0.000236116
-2.78795e-05
-0.000311793
-0.00059438
-0.000894747
-0.00119588
-0.00149666
-0.00167952
-0.0017899
-0.00190392
-0.00149034
0.000125248
0.00167711
0.00323066
0.00317721
0.00302838
0.00288461
0.00216213
0.00108465
2.65353e-05
-0.000809815
-0.00113974
-0.00149533
-0.00184924
-0.00212628
-0.00239847
-0.00267063
-0.00280839
-0.00286352
-0.00292281
-0.00239274
-0.000519481
0.00128323
0.0030877
0.00351497
0.00385934
0.00420759
0.00394923
0.00331819
0.00270678
0.00201174
0.00112751
0.000253799
-0.000619557
-0.00103781
-0.0014283
-0.0018198
-0.00209375
-0.00229537
-0.00250044
-0.00269741
-0.0028766
-0.00305651
-0.0032362
-0.00239973
-0.00150259
-0.000609423
0.000432571
0.00156564
0.00269298
0.00341252
0.00320278
0.00304002
0.00287506
0.00204342
0.00117205
0.000303546
-0.000290405
-0.000715079
-0.00114782
-0.00153944
-0.00183881
-0.00214249
-0.00244566
-0.00262901
-0.00280489
-0.00298097
-0.00306604
-0.00309506
-0.00312685
-0.00953956
-0.0305096
-0.0507334
-0.0119353
0.00369109
0.00292087
0.00296676
0.00263949
0.00210949
0.00159009
0.00106234
0.000516095
-2.86912e-05
-0.000573009
-0.000797386
-0.00100191
-0.0012072
-0.00136011
-0.0014807
-0.00160277
-0.00142285
-0.000554195
0.000279628
0.00111435
0.00221805
0.00333739
0.00445486
0.00487966
0.00487723
0.00489581
0.004653
0.00381612
0.00300922
0.00220164
0.00150425
0.000814284
0.000124634
-0.000264293
-0.000467616
-0.00067982
-0.000841529
-0.000889277
-0.000942546
-0.000995494
-0.000361791
0.000314051
0.000987179
0.00170143
0.00244073
0.00317809
0.00361645
0.00337307
0.00316307
0.00295165
0.00210401
0.00121739
0.000333528
-0.00023659
-0.000612783
-0.000998006
-0.00138612
-0.00178236
-0.00217782
-0.00257294
-0.00271274
-0.00283643
-0.00296077
-0.0024014
-0.00142004
-0.000459984
0.000473013
0.00134306
0.00221531
0.00308661
0.00343632
0.00375294
0.00407084
0.00377009
0.00308734
0.00242357
0.00175338
0.00106982
0.00038755
-0.000294125
-0.000741369
-0.00117344
-0.00160581
-0.00189697
-0.00210077
-0.00230856
-0.00247275
-0.00253811
-0.00260811
-0.00267783
-0.00270795
-0.00273553
-0.0027632
-0.00259969
-0.00231804
-0.00204227
-0.00164286
-0.000961359
-0.000293898
0.000373596
0.00106468
0.00175669
0.00244799
0.00293551
0.00329683
0.00366377
0.00390572
0.00386325
0.00383426
0.00380465
0.00347185
0.00311999
0.00276936
0.00207284
0.00116261
0.000263297
-0.000406894
-0.000553642
-0.000724861
-0.000894769
-0.0011668
-0.00144513
-0.0017229
-0.0018529
-0.0018914
-0.00193415
-0.00201015
-0.00216262
-0.00231138
-0.00246016
-0.00251746
-0.00256883
-0.00262043
-0.00260916
-0.00255897
-0.00251065
-0.00242858
-0.00226955
-0.00211425
-0.00195893
-0.0019897
-0.00203245
-0.0020746
-0.00225276
-0.00251508
-0.00277326
-0.00299582
-0.0031369
-0.00328162
-0.00342604
-0.00361871
-0.00381435
-0.00400966
-0.0041266
-0.00419494
-0.00426546
-0.00432985
-0.00438055
-0.00443184
-0.00448305
-0.00453699
-0.00459107
-0.00464509
-0.00469906
-0.00475298
-0.00480686
-0.00483907
-0.00482185
-0.00480692
-0.00479189
-0.00477902
-0.0047663
-0.00475358
-0.00471005
-0.00464742
-0.00458572
-0.00446401
-0.00420517
-0.00395284
-0.00370044
-0.00344487
-0.00318929
-0.00293395
-0.00206586
-0.000818044
0.000411331
0.00141242
0.0018912
0.00239333
0.00289394
0.00318646
0.0034651
0.00374412
0.00354314
0.00304446
0.00255974
0.00223055
0.00225779
0.00226886
0.00228065
0.0024261
0.00258022
0.00273381
0.00231109
0.00153083
0.000767429
0.00037469
0.000830235
0.00124711
0.00166534
0.00111306
0.00049725
-0.000115145
-0.000499664
-0.000742506
-0.000991499
-0.00115799
-0.00113678
-0.00112401
-0.00111088
-0.00114268
-0.00117744
-0.00121202
-0.000795301
-9.84391e-05
0.000585259
0.00108182
0.00114989
0.00123705
0.00132328
0.000944209
0.000534574
0.000126669
-0.000122812
-0.000273755
-0.000428955
-0.000604407
-0.000826802
-0.00104691
-0.00126692
-0.00134265
-0.00140872
-0.00147516
-0.000947311
-5.03335e-05
0.000829471
0.00161115
0.00216767
0.00273368
0.00329876
0.00270361
0.00203151
0.0013634
0.000801817
0.000306721
-0.000190874
-0.000568808
-0.000673887
-0.000790909
-0.000907301
-0.00105459
-0.00120382
-0.00135284
-0.00144412
-0.00149946
-0.00155633
-0.00161139
-0.00166254
-0.00171382
-0.00176504
-0.00181411
-0.001863
-0.00191185
-0.00198137
-0.00206374
-0.00214547
-0.00225265
-0.00241809
-0.00258085
-0.00274357
-0.00287627
-0.00300684
-0.00313739
-0.0033297
-0.00356038
-0.00378919
-0.00393079
-0.00387295
-0.00382385
-0.0037744
-0.00384466
-0.00392294
-0.0040008
-0.00405886
-0.00410458
-0.0041508
-0.00416856
-0.00412134
-0.00407698
-0.00403254
-0.0040507
-0.00407308
-0.00409527
-0.00414575
-0.00421383
-0.00428109
-0.00432406
-0.00431145
-0.00430125
-0.00429095
-0.00435452
-0.00442305
-0.0044913
-0.00447573
-0.00440794
-0.00434246
-0.00427449
-0.00420097
-0.00412775
-0.00405458
-0.0028424
-0.00155363
-0.000269248
0.000862963
0.00189993
0.00294009
0.00377731
0.00415157
0.00454532
0.00493789
0.00502075
0.0050824
0.00514491
0.00511184
0.00501924
0.00492926
0.00479453
0.00455752
0.00432507
0.00409262
0.00400359
0.00392443
0.00384493
0.0039348
0.00413021
0.00432097
0.00435376
0.0040247
0.00371126
0.00339743
0.00330854
0.00323515
0.00316116
0.00314423
0.00316285
0.00317995
0.00299211
0.00233497
0.00169821
0.00106112
0.00101436
0.00100824
0.0010004
0.000976548
0.000942663
0.000909229
0.000873136
0.000830962
0.00078908
0.00074722
0.0013462
0.00198891
0.00262925
0.00276614
0.00258883
0.00242486
0.00212471
0.00151389
0.000916606
0.000319252
0.000356154
0.000436875
0.000515696
0.000396902
0.000154768
-8.20119e-05
-0.000203169
-5.93157e-05
7.33614e-05
0.000206394
-0.000124161
-0.000486599
-0.000847407
-0.000951378
-0.000894952
-0.000845246
-0.000856659
-0.00100863
-0.00115464
-0.00130078
-0.000699219
-4.6158e-05
0.000604225
0.000803403
0.000720722
0.000649786
0.000561172
0.000433131
0.000306828
0.000180557
0.000504037
0.000858606
0.0012116
0.00140672
0.00150314
0.00160355
0.00187198
0.00252573
0.00316306
0.00380055
0.00313185
0.00237245
0.0016174
0.000920358
0.000259867
-0.000401583
-0.000908171
-0.00106087
-0.00122796
-0.00139432
-0.0015709
-0.00174807
-0.00192506
-0.00161574
-0.00100257
-0.000402344
0.000176171
0.000704369
0.00123419
0.00176352
0.00128961
0.000745652
0.000205
-0.000270835
-0.000705934
-0.00114234
-0.0013558
-0.00105915
-0.000783497
-0.000507215
0.000745997
0.00206701
0.00338419
0.00313189
0.00189823
0.0007054
-3.33042e-05
0.000270984
0.000532747
0.000796022
0.000598141
0.000367903
0.00013916
6.94126e-05
9.91627e-05
0.000124867
0.000184344
0.000320849
0.000454134
0.000587441
0.000524198
0.000447114
0.000370649
0.000534497
0.000848653
0.00115651
0.0012176
0.00071302
0.000231591
-0.000250382
1.04446e-05
0.000323685
0.000634569
0.000739549
0.000715593
0.000696826
0.000620393
0.000412281
0.000209609
6.88155e-06
0.00107981
0.00224252
0.00340072
0.00321814
0.00219629
0.00120878
0.000528441
0.000554204
0.000551783
0.000550486
0.000611073
0.000676024
0.00074075
0.000696139
0.000583082
0.000472836
0.000454093
0.000645203
0.000827823
0.00101064
0.000512066
-3.47305e-05
-0.00057918
-0.000793827
-0.00080182
-0.000817994
-0.00046956
0.000713796
0.00186317
0.00301299
0.00222532
0.00129977
0.000380403
-0.000223248
-0.000628811
-0.00104187
-0.00116267
-0.000614676
-9.3475e-05
0.000428371
0.000979603
0.00153256
0.00208501
0.00217642
0.00197893
0.00179294
0.00179176
0.00221507
0.00262138
0.00302803
0.00346409
0.00390196
0.00433942
0.00450439
0.00449854
0.00449938
0.00439737
0.00406018
0.00373246
0.00340462
0.00289408
0.00237075
0.00184833
0.00154628
0.00138248
0.00121341
0.00110436
0.00113225
0.00115479
0.00117751
0.00126775
0.00136279
0.00145757
0.00150351
0.0015188
0.00153528
0.00141173
0.000967268
0.000535603
0.000103775
-0.000108344
-0.00030445
-0.000501024
-2.7052e-05
0.000867337
0.00174476
0.0022209
0.00177626
0.00136756
0.000957785
0.000436707
-9.20733e-05
-0.000620148
-0.000980194
-0.00123472
-0.00149312
-0.00130813
-0.000107011
0.00105406
0.00221577
0.00166754
0.000995673
0.00032908
-0.000282001
-0.000857958
-0.00143482
-0.00188568
-0.00204823
-0.00222172
-0.00239466
-0.00205183
-0.00167174
-0.00129338
-0.000591561
0.000313048
0.00120921
0.00162744
0.000949742
0.000314437
-0.000322001
-0.000771816
-0.00120774
-0.00164387
-0.00192085
-0.00209787
-0.00227856
-0.00209698
-0.001085
-0.000105397
0.000874692
0.000791465
0.000630715
0.000473034
0.000914279
0.00173157
0.00253397
0.00287355
0.00215107
0.0014694
0.000786705
0.000962664
0.00120127
0.00143733
0.00133747
0.00102659
0.000723925
0.000663136
0.0011576
0.00163072
0.00210428
0.00212862
0.00212004
0.0021127
0.00246526
0.00304385
0.00361349
0.003893
0.00350672
0.00314579
0.00278417
0.00271319
0.00266357
0.00261319
0.00208135
0.00124709
0.000424814
-4.61012e-05
0.000289306
0.000594229
0.000900066
0.000882199
0.000840544
0.000799812
0.00089925
0.00108678
0.00127088
0.00146582
0.0016855
0.00190409
0.00212256
0.00203046
0.00191555
0.00180157
0.00176357
0.00177336
0.00178137
0.00167105
0.0012891
0.000917535
0.000545863
0.000252209
-3.54924e-05
-0.000323201
3.8365e-05
0.0008081
0.00156211
0.00192978
0.00141032
0.000924143
0.000437089
0.000250926
8.71333e-05
-7.73665e-05
-0.000325831
-0.00062706
-0.000926115
-0.000973405
-0.00044306
6.55549e-05
0.000574596
0.000247944
-0.000140407
-0.000526195
-0.000765642
-0.000912908
-0.00106346
-0.00100474
-0.000466157
5.43643e-05
0.000575167
0.00102002
0.00145895
0.00189778
0.00208847
0.00212299
0.00216322
0.00216495
0.00207885
0.00199604
0.00191317
0.00155422
0.00117497
0.000796736
0.000706247
0.000796893
0.000880848
0.000716123
-1.98624e-05
-0.000734438
-0.00144927
-0.000525914
0.00051888
0.00155848
0.00158167
0.000964904
0.000371913
-1.93654e-05
5.37999e-05
0.000110005
0.000166786
-0.000311615
-0.000829642
-0.00134585
-0.00163646
-0.00178492
-0.00193843
-0.00172096
-0.000652497
0.000384323
0.00142154
0.00107077
0.00061647
0.000166247
-0.000369374
-0.000958548
-0.00154536
-0.00183766
-0.00145426
-0.00109556
-0.000736229
-9.71668e-05
0.000562436
0.00122082
0.0010215
0.000281947
-0.0004376
-0.00101373
-0.0012596
-0.00151719
-0.00177418
-0.00114423
-0.000448141
0.000245067
0.000405888
0.000231189
6.86684e-05
-0.0001231
-0.000381153
-0.000636642
-0.00089204
-0.00114079
-0.00138888
-0.00163681
-0.00103865
9.25384e-05
0.00120384
0.00184051
0.00138685
0.00097249
0.000557023
2.88356e-05
-0.000507506
-0.00104317
-0.00128908
-0.00135228
-0.00142195
-0.00149699
-0.00158498
-0.00167244
-0.00175985
-0.00197688
-0.00220354
-0.0024297
-0.00188371
-0.00085105
0.000163577
0.000684578
7.15404e-05
-0.000500805
-0.00107419
-0.0013218
-0.00154466
-0.00176824
-0.00198133
-0.00218776
-0.00239429
-0.00245447
-0.0021788
-0.0019152
-0.00165136
-0.0012617
-0.000862777
-0.00046446
-0.000150506
0.000110155
0.000372513
0.00041063
-6.58447e-05
-0.000523845
-0.000982173
-0.00119373
-0.00138646
-0.00157972
-0.00107228
-0.000123001
0.000810079
0.00136517
0.00105169
0.000768935
0.000485302
-0.000173691
-0.000860768
-0.00154638
-0.00162592
-0.00132304
-0.00103377
-0.000711631
-0.000314851
7.90384e-05
0.000472754
0.000297323
7.87292e-05
-0.000138203
-0.0003957
-0.000678696
-0.000960605
-0.00111967
-0.000996737
-0.000883727
-0.000770451
-6.4703e-05
0.000685726
0.00143408
0.00115134
0.00021783
-0.000692385
-0.00134434
-0.00140199
-0.00148026
-0.00155776
-0.00175111
-0.00195317
-0.0021548
-0.00175696
-0.00098078
-0.000218255
0.000384639
0.000620433
0.00086878
0.00111652
0.000565857
-4.54619e-05
-0.00065426
-0.00106469
-0.0013497
-0.00163886
-0.00176136
-0.00150161
-0.00125523
-0.00100856
-7.49489e-05
0.000910647
0.00189377
0.00161886
0.000549477
-0.000491815
-0.0012432
-0.00132723
-0.00143417
-0.00154024
-0.00167553
-0.00181297
-0.00195024
-0.00128322
-0.000108331
0.00104833
0.0015589
0.000584673
-0.000337986
-0.00126178
-0.00142426
-0.00152821
-0.00163409
-0.00125823
-0.000578134
9.10902e-05
0.000545374
0.000505537
0.000482609
0.000459119
-1.56581e-05
-0.000524839
-0.0010325
-0.00136499
-0.00158669
-0.00181201
-0.00178306
-0.00117036
-0.000577957
1.47378e-05
0.00068404
0.00135884
0.00203299
0.00182357
0.00105575
0.000307432
-0.000121423
0.000184697
0.00046567
0.000747305
0.00113192
0.00152426
0.00191606
0.00153218
0.000658041
-0.000198908
-0.000720778
-0.000472043
-0.000249537
-2.6294e-05
-0.000279902
-0.000570175
-0.000859014
-0.000813779
-0.000557307
-0.000308135
-5.31218e-05
0.000214963
0.000482427
0.000749731
0.000471412
0.000151066
-0.00016765
-7.20373e-05
0.000285594
0.000634175
0.000763133
0.000386943
2.79745e-05
-0.000331332
-0.000367268
-0.000378141
-0.000389848
-0.000233237
2.97779e-05
0.00028905
0.000277213
-0.000357801
-0.000971527
-0.00158555
-0.00172284
-0.00182308
-0.00192448
-0.00148191
-0.00069534
7.92115e-05
0.000419698
-0.000237766
-0.000861493
-0.00148593
-0.00172739
-0.00193897
-0.0021514
-0.0021959
-0.00213415
-0.00207598
-0.00182093
-0.00111357
-0.000421729
0.000270172
0.00043093
0.000550283
0.000670931
0.000242138
-0.000534225
-0.00129854
-0.00175171
-0.00148938
-0.00125094
-0.00101187
-0.00068856
-0.000358881
-2.96316e-05
-0.00828434
-0.0219702
-0.0354675
0.000704877
-0.000556835
-0.000581041
-0.0006461
-0.000555801
-0.000453588
-0.000351834
0.000433484
0.00165134
0.00285414
0.00329182
0.00197042
0.000707816
-0.000555894
-0.000792664
-0.000949089
-0.00110805
-0.00104628
-0.000844817
-0.000648075
-0.000433975
-0.000180153
7.21988e-05
0.000324433
-0.000163283
-0.00070859
-0.00125165
-0.00142925
-0.00137532
-0.00132901
-0.00108072
-0.000368594
0.000327891
0.00102443
0.00112763
0.0011843
0.00124245
0.000931175
0.000386022
-0.000151142
-0.000451866
-0.000208804
1.63703e-05
0.000241981
-4.16373e-05
-0.000365028
-0.000686913
-0.000183589
0.000842405
0.00185073
0.00231549
0.00152991
0.000785481
4.01951e-05
0.000273593
0.000583715
0.000891145
0.000937711
0.000818931
0.000705589
0.000515093
0.000147495
-0.000214127
-0.000575709
0.00016698
0.000996083
0.00182185
0.0016646
0.000884386
0.000124808
-0.000451556
-0.000605692
-0.000773362
-0.000940488
-0.00101631
-0.00108489
-0.00115367
-0.000874815
-0.000375702
0.000115993
0.000367839
6.79565e-05
-0.000213975
-0.000496303
-0.000697784
-0.000892777
-0.00108785
-0.000802548
-0.000212793
0.000366807
0.000575961
-6.71216e-05
-0.00068245
-0.00129827
-0.00146584
-0.00159791
-0.00173104
-0.00181979
-0.00188041
-0.00194189
-0.0017489
-0.000970763
-0.000211839
0.000547215
0.000198396
-0.000237807
-0.000670941
-0.000963411
-0.00116656
-0.00137242
-0.00150893
-0.00148627
-0.00146871
-0.00145099
-0.000880227
-0.000266007
0.000346439
0.000164616
-0.000520942
-0.00119004
-0.00169772
-0.00183343
-0.00198087
-0.00212785
-0.00175059
-0.001332
-0.000914984
-0.000302059
0.000434972
0.0011676
0.00145416
0.000714913
8.63097e-06
-0.000698247
-0.00109906
-0.00147537
-0.00185221
-0.00207699
-0.00220527
-0.00233652
-0.00236213
-0.00214505
-0.00193577
-0.00172637
-0.000886441
3.1248e-06
0.000890564
0.000683851
-0.000217126
-0.00109566
-0.00174208
-0.00185361
-0.0019819
-0.00210958
-0.0021636
-0.00221173
-0.00226001
-0.00172314
-0.00081505
8.08141e-05
0.000597953
0.000243659
-8.30701e-05
-0.000410459
-0.000538155
-0.000649876
-0.000762027
-0.000657645
-0.000415854
-0.000178517
-9.30305e-05
-0.000357032
-0.000609937
-0.000863031
-0.00112564
-0.00138886
-0.0016519
-0.00148777
-0.0010525
-0.00062597
-0.000359682
-0.000462368
-0.000553484
-0.000644904
-0.000985299
-0.00134539
-0.00170464
-0.00159499
-0.00118765
-0.000789813
-0.00064667
-0.0010899
-0.00151463
-0.00193967
-0.00184094
-0.00170039
-0.00156122
-0.00167773
-0.0019566
-0.00223026
-0.002343
-0.00208532
-0.00183929
-0.00159304
-0.00176827
-0.00197714
-0.00218484
-0.00231931
-0.00240723
-0.00249653
-0.00257482
-0.00262796
-0.00268184
-0.00273566
-0.00247019
-0.00217926
-0.0018893
-0.00191636
-0.0021448
-0.00236689
-0.00255629
-0.00267018
-0.00278632
-0.00290232
-0.00293928
-0.00296987
-0.00300064
-0.00299616
-0.0029693
-0.00294313
-0.00292912
-0.00294311
-0.00295622
-0.00296936
-0.0029335
-0.00289373
-0.00285411
-0.0028708
-0.00292327
-0.00297461
-0.00302116
-0.00305663
-0.00309242
-0.00312818
-0.00318164
-0.00323648
-0.00329126
-0.0033071
-0.0032982
-0.00329006
-0.0032852
-0.00328793
-0.00329044
-0.00329295
-0.00334296
-0.00339677
-0.00345044
-0.00343316
-0.0033708
-0.00330985
-0.00327683
-0.00330817
-0.00333752
-0.00336693
-0.00340213
-0.00343779
-0.00347342
-0.00349245
-0.00350094
-0.00350974
-0.00351307
-0.00350388
-0.00349506
-0.00348625
-0.00353095
