0
0.0126444
0.0110128
0.010366
0.00963843
0.00902138
0.00863539
0.0082309
0.00782861
0.0072375
0.00666297
0.00608801
0.00554784
0.0050282
0.00450773
0.00403981
0.00368871
0.00332858
0.00296978
0.00285684
0.00272393
0.00259287
0.00251737
0.00247441
0.00242885
0.00233387
0.00212715
0.00192987
0.00173214
0.00141417
0.0011065
0.000798485
0.000443645
6.16333e-05
-0.000317557
-0.000619071
-0.000746181
-0.000887185
-0.00102684
-0.000950645
-0.000891981
-0.000831999
-0.000832542
-0.000868397
-0.000901356
-0.000952019
-0.00104204
-0.00112876
-0.0012156
-0.00153735
-0.00183979
-0.00214329
-0.0023157
-0.00241134
-0.00251295
-0.00261537
-0.00272094
-0.00282609
-0.00293111
-0.0028597
-0.00280241
-0.00274409
-0.00270357
-0.00267344
-0.00264254
-0.00258876
-0.00248325
-0.00238199
-0.00228056
-0.00227285
-0.00225777
-0.00224329
-0.00117222
0.000517988
0.00215695
0.00321412
0.00295538
0.0028001
0.00263697
0.0029673
0.00325857
0.00355243
0.00342029
0.00303821
0.00267619
0.00230115
0.00189967
0.00150086
0.00110246
0.000931719
0.000743594
0.000557107
0.00153376
0.00319366
0.0047982
0.00584293
0.00561986
0.00549488
0.00536253
0.00525765
0.00515081
0.00504429
0.0046985
0.00421212
0.00373726
0.00330475
0.00296873
0.00262584
0.002284
0.00190393
0.00152736
0.00115109
0.000928797
0.000797313
0.000659118
0.00131114
0.00374286
0.00603576
0.00833572
0.00862107
0.00905861
0.00948396
0.00941055
0.00904251
0.00869728
0.00820745
0.00739493
0.00660795
0.00582023
0.00572463
0.00557714
0.00543377
0.00525481
0.00505515
0.00485734
0.00476864
0.00492595
0.00506462
0.00520448
0.00533512
0.00546625
0.00559715
0.00561264
0.00555992
0.00551236
0.00560507
0.00601502
0.00640081
0.00678781
0.00645758
0.00618096
0.00590078
0.00587411
0.00599716
0.00610897
0.00623822
0.00640511
0.00656897
0.00673281
0.00658811
0.00646631
0.00634301
0.00636319
0.0064682
0.00656684
0.00649997
0.00605865
0.00564537
0.00523064
0.00499071
0.00473837
0.00448731
0.00406206
0.00353389
0.00301398
0.00252266
0.00209626
0.00166577
0.0012362
0.00120886
0.00115242
0.00109817
0.000934918
0.000707215
0.000484498
0.000259118
2.81327e-05
-0.000202115
-0.000432084
-0.000770953
-0.0011015
-0.00143217
-0.00168913
-0.00190224
-0.00211819
-0.00232906
-0.00252935
-0.00273012
-0.00293057
-0.00308233
-0.00323736
-0.00339193
-0.00346247
-0.00348306
-0.00350717
-0.00351288
-0.00347764
-0.00344537
-0.00341293
-0.00349422
-0.00356733
-0.00364091
-0.00371584
-0.00379154
-0.00386709
-0.00391041
-0.00388105
-0.00385686
-0.00383234
-0.00389769
-0.00395663
-0.00401593
-0.00403285
-0.00402457
-0.00401807
-0.00344367
-0.001586
0.000179135
0.00194828
0.00181076
0.00180677
0.00179346
0.00184153
0.00192571
0.00200725
0.00208746
0.0021644
0.00224145
0.00231839
0.00243164
0.00254624
0.00266059
0.00271302
0.00272851
0.00274653
0.00286798
0.00322372
0.00356277
0.00390251
0.0037341
0.0035446
0.00335682
0.0032418
0.00317032
0.00309595
0.00295463
0.00266132
0.00237885
0.00209602
0.0019456
0.00180098
0.00165616
0.0014245
0.0011411
0.000861612
0.000648111
0.000583988
0.00050977
0.000436341
0.000375681
0.000315648
0.000255653
9.93941e-05
-0.000114303
-0.000323814
-0.00051101
-0.000647431
-0.000787105
-0.00092637
-0.000864859
-0.00079472
-0.000725259
-0.000691425
-0.000678937
-0.000665027
-0.000699486
-0.000843161
-0.000979298
-0.00111576
-0.00120289
-0.00128775
-0.00137265
-0.00151593
-0.00169408
-0.00186965
-0.00198094
-0.00194662
-0.00192207
-0.0018969
-0.00181653
-0.00173381
-0.00165136
-0.001431
-0.00112817
-0.000831222
9.55254e-05
0.0024478
0.00470236
0.0069604
0.00696573
0.00687046
0.00678197
0.00700339
0.00741074
0.00780526
0.00812122
0.00825799
0.00840639
0.00855383
0.00873609
0.00891971
0.009103
0.00891216
0.00849702
0.00809715
0.007763
0.00757936
0.00738611
0.00719374
0.00709778
0.00700632
0.00691469
0.00665941
0.00630603
0.0059595
0.00562425
0.00531498
0.00500442
0.00469435
0.00443953
0.00418755
0.00393571
0.00377263
0.00366292
0.00354989
0.00344798
0.00337053
0.00329161
0.00321288
0.00308272
0.00295032
0.00281824
0.00262656
0.00239915
0.00217434
0.00189671
0.00149938
0.00111024
0.00072108
0.000331647
-5.73545e-05
-0.000445886
-0.00069194
-0.000852184
-0.00101771
-0.00122454
-0.00152608
-0.00182119
-0.00211634
-0.00222153
-0.00231764
-0.00241421
-0.00234176
-0.00216765
-0.00200021
-0.00193048
-0.00208298
-0.00222119
-0.00236014
-0.0024252
-0.00248667
-0.00254829
-0.00246502
-0.00229452
-0.00212975
-0.0020493
-0.00216064
-0.00225976
-0.00235952
-0.00249121
-0.0026243
-0.00275714
-0.0028921
-0.00302829
-0.00316423
-0.00330536
-0.00345846
-0.00361062
-0.00376264
-0.00378592
-0.00380293
-0.00382031
-0.00280598
-0.00116994
0.000425312
0.00170269
0.00225575
0.00285319
0.00344712
0.00331876
0.00315528
0.00299418
0.00300119
0.00310973
0.00321185
0.00329251
0.0033237
0.00335791
0.0033919
0.00335109
0.00330664
0.00326248
0.00325983
0.00328226
0.00330311
0.00335477
0.00347615
0.0035931
0.00371017
0.00348398
0.00324102
0.0029994
0.00268557
0.00232829
0.00197412
0.00160029
0.0011817
0.000766361
0.00035133
0.000182714
2.65866e-05
-0.000130111
-0.000286583
-0.000442879
-0.000598995
-0.000779801
-0.00101688
-0.00125025
-0.00148357
-0.00165223
-0.00182461
-0.00199655
-0.00219476
-0.00240876
-0.00262155
-0.0027831
-0.0028285
-0.00288085
-0.00293272
-0.00277404
-0.00260485
-0.00243651
-0.00244444
-0.00255911
-0.00266723
-0.00279579
-0.00297
-0.00314126
-0.00331249
-0.00334145
-0.00336312
-0.0033852
-0.00311906
-0.00267846
-0.00224882
-0.00184411
-0.00149688
-0.00114663
-0.000796985
-0.000601695
-0.000414549
-0.00022714
9.51499e-05
0.00049907
0.000897662
0.00122011
0.00136947
0.00152892
0.00168758
0.0018168
0.00194435
0.00207185
0.00258068
0.00332055
0.0040459
0.00482641
0.00573134
0.00662788
0.00752385
0.00759401
0.00762106
0.00765062
0.00778362
0.00797943
0.00817132
0.00845867
0.0089627
0.00945344
0.00994438
0.00985541
0.00973612
0.00961874
0.00955448
0.00952258
0.00948883
0.00944366
0.00937223
0.00930241
0.00923258
0.00882303
0.00839598
0.00797044
0.00779765
0.00777853
0.00775052
0.00784655
0.00822326
0.00858328
0.00894384
0.0080179
0.00702457
0.00603629
0.00528085
0.00466742
0.00404651
0.00349252
0.0030887
0.0026767
0.00226564
0.00211294
0.00197421
0.00183484
0.00167374
0.00149948
0.00132617
0.00119708
0.00116842
0.00113403
0.00110002
0.000934071
0.000761202
0.000588925
0.000397094
0.000193459
-9.27042e-06
-0.000221998
-0.000457647
-0.000691723
-0.000925622
-0.00105128
-0.00117095
-0.00129083
-0.00148176
-0.00171588
-0.00194729
-0.00207894
-0.00198371
-0.00190142
-0.00181849
-0.00183509
-0.00185709
-0.00187875
-0.00198147
-0.00213351
-0.00228259
-0.00235124
-0.00223675
-0.0021327
-0.00202817
-0.00219523
-0.00237698
-0.00255771
-0.00266176
-0.00271902
-0.00277883
-0.00279535
-0.00271382
-0.00263786
-0.00256168
-0.00261911
-0.00268385
-0.00274811
-0.00279406
-0.00282881
-0.00286414
-0.0026872
-0.00202741
-0.00139522
-0.000762193
0.000197535
0.00117441
0.00214925
0.00259744
0.00272408
0.00286841
0.00276828
0.00211435
0.0014918
0.000868196
0.000458093
6.02732e-05
-0.000337786
-0.000554778
-0.000661175
-0.000773551
-0.000814423
-0.000693494
-0.000581603
-0.000469337
0.000425652
0.00136359
0.00229814
0.00256026
0.00241149
0.00228542
0.00222371
0.00231124
0.00239051
0.00247014
0.00252366
0.00257565
0.00262768
0.00270148
0.00278856
0.00287482
0.00290395
0.00280306
0.00270936
0.00261538
0.00254257
0.00247104
0.00239951
0.00218
0.0018701
0.00156545
0.00132631
0.00123658
0.00113885
0.00104166
0.00122793
0.00143013
0.00163126
0.00152691
0.00123572
0.000954921
0.000667911
0.000367663
6.84505e-05
-0.000230495
-0.000405685
-0.00057363
-0.000741784
-0.000902911
-0.00105969
-0.00121653
-0.0013178
-0.00129276
-0.0012745
-0.0012559
-0.00133897
-0.0014278
-0.00151623
-0.00150066
-0.00142141
-0.00134565
-0.000954712
0.000153767
0.00122284
0.00229287
0.00291347
0.00350753
0.00410238
0.00417583
0.00392992
0.00370123
0.00344918
0.0031457
0.00284526
0.00254499
0.00272155
0.00292562
0.00312801
0.00326013
0.00334908
0.00344021
0.00350326
0.00350274
0.00350557
0.00350823
0.00462691
0.00580962
0.00698771
0.00730447
0.0070929
0.0069093
0.00669878
0.0064301
0.00616474
0.00589949
0.00553556
0.00516618
0.00479748
0.0046602
0.00466494
0.00466226
0.00478851
0.00520771
0.00561118
0.00601506
0.00639036
0.00676363
0.00713662
0.0071772
0.00701377
0.00686112
0.00658341
0.00602175
0.00547541
0.00492884
0.00448602
0.00404974
0.00361357
0.00329549
0.00305
0.00280102
0.00261998
0.00259304
0.00255816
0.00252374
0.00211423
0.00168283
0.001253
0.000891878
0.000573132
0.000252533
-9.77971e-06
-0.000139878
-0.000276633
-0.000412906
-0.00058096
-0.000750754
-0.000920285
-0.0010822
-0.00123938
-0.00139664
-0.00149225
-0.0014475
-0.00140997
-0.00137211
-0.00147385
-0.00158387
-0.00169334
-0.00180923
-0.00192899
-0.00204843
-0.00213431
-0.00214382
-0.0021572
-0.00217037
-0.00225458
-0.00234299
-0.0024311
-0.00252283
-0.00261673
-0.00271043
-0.00281031
-0.0029244
-0.00303766
-0.00315084
-0.00319829
-0.00324172
-0.00328531
-0.00325363
-0.00317565
-0.00310008
-0.00305272
-0.00306985
-0.00308373
-0.00309775
-0.00308066
-0.0030617
-0.00304285
-0.00311347
-0.00323912
-0.00336189
-0.0034623
-0.00351153
-0.00356327
-0.00361484
-0.00372246
-0.0038334
-0.00394406
-0.003952
-0.00389668
-0.00384457
-0.00983665
-0.0296178
-0.0486922
-0.0163412
-0.00286321
-0.00359113
-0.00361191
-0.00359011
-0.00351866
-0.00344974
-0.00309282
-0.00207899
-0.00109874
-0.000117799
0.00017021
0.000415394
0.000662454
0.000967625
0.00130857
0.00164741
0.00193538
0.00210748
0.00228513
0.00246233
0.00223854
0.00199022
0.00174334
0.0015888
0.00149128
0.00139106
0.00132797
0.0013492
0.00136626
0.00138352
0.0013103
0.00123155
0.00115314
0.00125199
0.00146013
0.00166271
0.00179748
0.00177708
0.00176427
0.00175111
0.00186274
0.00198204
0.00210084
0.0020255
0.0018304
0.00164131
0.00146245
0.00130736
0.00115126
0.000995364
0.000935834
0.000882371
0.000828665
0.00064805
0.000389155
0.000134303
-6.9431e-05
-0.000156342
-0.00024882
-0.000340939
-0.000400033
-0.000457006
-0.000514026
-0.000459546
-0.000336238
-0.000216367
-0.000129447
-0.000117987
-0.000102905
-8.80123e-05
0.000341835
0.000797403
0.0012513
0.00147953
0.00156824
0.00166356
0.00189301
0.00242958
0.00295092
0.00347249
0.00384268
0.004203
0.00456345
0.00485055
0.00509223
0.00533584
0.00559708
0.00589908
0.00619884
0.00649843
0.00668943
0.0068734
0.00705753
0.00717487
0.00725089
0.00732881
0.00740749
0.00748822
0.00756878
0.00764926
0.00747991
0.00729482
0.00711065
0.00718573
0.00742114
0.00764875
0.00774171
0.00752655
0.00732615
0.00712524
0.00692534
0.00672567
0.00652618
0.00629602
0.00604697
0.00579905
0.00561668
0.00558388
0.00554408
0.00550464
0.00496202
0.00438764
0.00381529
0.00373971
0.00397165
0.00418897
0.00427496
0.00405964
0.00385861
0.00365711
0.00333026
0.00299564
0.00266169
0.00265821
0.00285934
0.00305074
0.00320649
0.00327997
0.00335721
0.00343421
0.00325703
0.00306362
0.00287114
0.00276666
0.00271674
0.00266434
0.00266171
0.00277246
0.00287785
0.00298339
0.00235668
0.00168315
0.0010124
0.00103847
0.00149631
0.00193376
0.0022051
0.00209514
0.00200288
0.00190989
0.00165597
0.0013918
0.00112836
0.00101915
0.00100557
0.000987614
0.000996403
0.00106583
0.0011324
0.00119905
0.00156793
0.00195618
0.00234319
0.00213662
0.00156208
0.00100492
0.000545499
0.000310629
6.57057e-05
-0.000178534
-2.20126e-06
0.000201454
0.000403677
0.000765037
0.00122493
0.00167992
0.00198821
0.00196121
0.0019495
0.0019371
0.00183388
0.00172479
0.00161607
0.00137284
0.00104625
0.000723742
0.000507552
0.000534454
0.000550318
0.000566667
0.000940256
0.00133702
0.00173238
0.00155125
0.00101237
0.000490145
5.65049e-05
-0.000173474
-0.000412432
-0.00065077
-0.000861303
-0.00106983
-0.00127826
-0.000591331
0.000651225
0.00186768
0.00247973
0.00170856
0.0010002
0.000289645
0.00085289
0.0014999
0.00214257
0.00225537
0.00203896
0.00183749
0.00172581
0.0018208
0.00190646
0.00199246
0.00190543
0.00180701
0.00170918
0.00202094
0.00258708
0.00314137
0.00342252
0.00307848
0.00276257
0.00244569
0.00260036
0.00278627
0.00297063
0.00289896
0.00266816
0.00244464
0.00229425
0.00231163
0.00232157
0.00233182
0.00239791
0.00246767
0.00253721
0.0023977
0.0021283
0.00186487
0.00169032
0.00171934
0.00173936
0.00175975
0.00166052
0.00155336
0.00144664
0.0013456
0.00124813
0.0011506
0.0010106
0.000773362
0.000540604
0.000307853
0.000538991
0.000801079
0.00106158
0.00112592
0.00106819
0.00101585
0.000876921
0.000540378
0.00021277
-0.000114942
-0.000166923
-0.000200309
-0.000234477
-0.000217018
-0.000167466
-0.000119357
-2.849e-06
0.000270055
0.000535912
0.000801845
0.000738209
0.000652381
0.000567592
0.000266419
-0.00016931
-0.00059882
-0.000867323
-0.000767298
-0.000683333
-0.000598746
-0.000475246
-0.000349205
-0.000223382
-0.000370544
-0.00068762
-0.00099708
-0.00124886
-0.00136826
-0.00149326
-0.00161791
-0.00150259
-0.00137108
-0.00124037
-0.00130471
-0.00149053
-0.00167096
-0.00182096
-0.00190098
-0.00198393
-0.00206669
-0.00212366
-0.00217883
-0.00223403
-0.00223148
-0.00219297
-0.00215603
-0.0021156
-0.00206732
-0.00201942
-0.00197155
-0.00203081
-0.00209734
-0.0021635
-0.00222031
-0.00227125
-0.00232241
-0.0023546
-0.00234344
-0.00233415
-0.00232478
-0.00246496
-0.00261527
-0.00276501
-0.00282885
-0.0028391
-0.00285162
-0.002889
-0.00298357
-0.00307562
-0.0031677
-0.00322536
-0.00328062
-0.00333593
-0.00337656
-0.00340804
-0.00343988
-0.00348927
-0.00357894
-0.00366684
-0.00375473
-0.00362866
-0.00348796
-0.003348
-0.00333461
-0.00340017
-0.00346235
-0.00353667
-0.00363851
-0.00373911
-0.00383967
-0.00376192
-0.00367194
-0.00358254
-0.00318482
-0.00259487
-0.00201349
-0.00143128
-0.000847367
-0.000264017
0.000318868
0.000877882
0.00143483
0.00199139
0.00211197
0.00196042
0.00182036
0.00169891
0.00162103
0.00154139
0.00146189
0.00143933
0.00142073
0.00140198
0.00190328
0.00272905
0.00354064
0.00393523
0.00337443
0.00285379
0.00233192
0.00214331
0.00197798
0.00181183
0.001875
0.00208133
0.00228156
0.0023379
0.00206434
0.00180466
0.00154462
0.00172166
0.00192901
0.00213493
0.00188958
0.0013624
0.000847283
0.000544222
0.000727432
0.000890456
0.00105418
0.000939444
0.000805358
0.000672178
0.000447862
0.000166696
-0.000111903
-0.000301578
-0.000287631
-0.000282051
-0.000276132
-0.000436678
-0.000608757
-0.000780223
-0.000869673
-0.000907829
-0.000948053
-0.000925355
-0.000758765
-0.000598191
-0.000437503
-0.000443897
-0.000462008
-0.000479626
-0.000473521
-0.000452576
-0.000432253
-0.000366101
-0.000195001
-2.83119e-05
0.000138421
-0.00024702
-0.000671015
-0.0010931
-0.00138937
-0.00160685
-0.00182735
-0.00201008
-0.00210682
-0.00220695
-0.00230687
-0.00233999
-0.00236837
-0.00239693
-0.00188779
-0.00104251
-0.000211507
0.000159727
-0.000522916
-0.00116246
-0.00180323
-0.00197865
-0.00212107
-0.00226471
-0.00242796
-0.00260347
-0.00277835
-0.00292841
-0.00302176
-0.00311732
-0.00321271
-0.00321982
-0.00322067
-0.00322178
-0.00320245
-0.00317033
-0.00313876
-0.00309297
-0.00301461
-0.00293762
-0.00286064
-0.00284051
-0.00282442
-0.00280818
-0.00257105
-0.00219571
-0.0018262
-0.00135481
-0.000650108
4.47247e-05
0.000739396
-1.85778e-05
-0.000879354
-0.00173535
-0.0014972
-0.000573954
0.000321302
0.000710203
-6.30414e-05
-0.000789499
-0.00151724
-0.000879152
-0.000144143
0.000586438
0.000936685
0.00104854
0.00116976
0.00113879
0.000759979
0.000395237
3.0227e-05
0.000266629
0.000545837
0.000823133
0.0010651
0.00128482
0.00150525
0.00157587
0.00130339
0.00104466
0.000785589
0.00101459
0.00127838
0.00154059
0.00154231
0.00138076
0.00122576
0.00124782
0.00167621
0.0020883
0.00250071
0.00202039
0.00147635
0.000935223
0.000784834
0.000879439
0.000964378
0.000941096
0.000668924
0.000406698
0.000144289
-4.96682e-05
-0.000238569
-0.000427519
-0.000263612
0.000121446
0.000497578
0.000717924
0.000580681
0.000457476
0.00033382
0.00024606
0.000160946
7.57953e-05
0.000112301
0.000225079
0.000334806
0.00023899
-0.000328264
-0.000876784
-0.0014256
-0.00158769
-0.00172174
-0.00185677
-0.00183814
-0.00172318
-0.00161204
-0.00152062
-0.00147466
-0.00142698
-0.0013794
-0.00164444
-0.00193192
-0.00221832
-0.00216222
-0.00189126
-0.00162878
-0.0012659
-0.000673254
-8.99121e-05
0.000493339
-0.000255765
-0.00110098
-0.00194185
-0.00237836
-0.00256091
-0.00275307
-0.00290468
-0.00296434
-0.00302748
-0.00309043
-0.00311439
-0.0031355
-0.0031567
-0.00315143
-0.00312956
-0.00310833
-0.00311663
-0.0031927
-0.00326612
-0.00333959
-0.00296212
-0.00255208
-0.0021436
-0.00170277
-0.0012418
-0.000781946
-0.00048358
-0.000555239
-0.000612758
-0.000670771
-0.000263548
0.000177342
0.000616618
0.00072611
0.000628453
0.000538735
0.000643489
0.00119493
0.00172901
0.00226334
0.00187505
0.00141958
0.000967003
0.000761025
0.000710057
0.000653265
0.000606258
0.000581128
0.000555191
0.000529303
0.000384309
0.000230687
7.75071e-05
0.000101308
0.000236296
0.000366994
0.000472628
0.000520519
0.000570547
0.000620458
0.000734319
0.000852798
0.000971013
0.000809115
0.000471236
0.000140217
-8.87855e-05
-8.34721e-05
-8.69485e-05
-9.00928e-05
-7.90316e-05
-6.69319e-05
-5.48801e-05
0.00033686
0.000967137
0.00158802
0.00186831
0.00136694
0.000895145
0.000422598
0.000415547
0.000442792
0.000468737
0.000654701
0.000941182
0.0012237
0.00138658
0.00127488
0.00117349
0.00107178
0.00102206
0.00097622
0.000930265
0.000718875
0.00040351
9.22391e-05
-4.58554e-05
0.000213473
0.000457873
0.000702646
0.000410512
7.88679e-05
-0.000251068
-0.000492673
-0.000678621
-0.000866491
-0.000992737
-0.000977923
-0.00096833
-0.000958552
-0.000491459
9.20987e-06
0.000508271
0.000268889
-0.000435004
-0.00112126
-0.00149882
-0.00116707
-0.000861678
-0.000555538
-0.000678334
-0.000832884
-0.000986153
-0.00100109
-0.000928951
-0.000860061
-0.000792379
-0.000727677
-0.000662914
-0.0005982
-0.000580678
-0.000566677
-0.000552558
-0.000650924
-0.000820057
-0.000986478
-0.00118039
-0.00143732
-0.00169175
-0.0019461
-0.00134418
-0.000678859
-1.63393e-05
-0.000134653
-0.000744527
-0.00133604
-0.00174559
-0.00173646
-0.00174259
-0.00174815
-0.00150489
-0.00124322
-0.000982404
-0.000864454
-0.000836503
-0.000805305
-0.000679407
-0.000335825
-3.87418e-07
0.000335102
0.000533527
0.000721576
0.000909866
0.00104732
0.00115274
0.00125924
0.00123253
0.00090023
0.000579212
0.000258018
0.000211655
0.000185903
0.000159425
7.06821e-05
-5.72777e-05
-0.000183732
-0.000313126
-0.000449266
-0.000585064
-0.000720778
-0.000380337
-4.39353e-06
0.000370003
0.000406954
0.000231262
6.33344e-05
9.57379e-06
0.000218417
0.000417688
0.000617159
0.000590363
0.00054658
0.000503438
0.000513051
0.000555922
0.000597571
0.000541304
0.000260156
-1.27516e-05
-0.000285758
-0.000424991
-0.000554066
-0.000683411
-0.000778264
-0.00085136
-0.000925179
-0.000981572
-0.000998079
-0.001016
-0.00103385
-0.000924048
-0.000804689
-0.000685755
-0.000627023
-0.000606265
-0.000584173
-0.000516894
-0.000345721
-0.000178357
-1.09768e-05
-0.000393348
-0.000817001
-0.00123889
-0.00141507
-0.00143624
-0.00146288
-0.00147532
-0.00145562
-0.00143708
-0.0014185
-0.00124133
-0.00105227
-0.000863767
-0.000706833
-0.00056986
-0.000432279
-0.000354895
-0.000415576
-0.000471347
-0.000527251
-0.000564521
-0.000600355
-0.000636214
-0.000801918
-0.00104949
-0.001294
-0.00146489
-0.00146664
-0.00147432
-0.0014818
-0.00145887
-0.00143364
-0.00140851
-0.00103851
-0.000450999
0.000128476
0.000435202
0.000115363
-0.000182322
-0.000480573
-0.000231828
5.83477e-05
0.000346873
0.000536149
0.000662714
0.00079138
0.000728069
0.000224092
-0.000264163
-0.000752625
-0.000938924
-0.0011021
-0.00126596
-0.00136892
-0.00143342
-0.00149921
-0.001595
-0.00175985
-0.00192219
-0.0020845
-0.00170092
-0.00127594
-0.000852688
-0.000822706
-0.00104104
-0.00125061
-0.00143181
-0.00154733
-0.00166504
-0.0017826
-0.00135022
-0.000876087
-0.00040373
-0.000487404
-0.000922181
-0.00134453
-0.00164946
-0.00168407
-0.00172798
-0.00177154
-0.00175329
-0.00173033
-0.00170754
-0.00135521
-0.000794851
-0.00024204
-3.59608e-06
-0.000487489
-0.000946201
-0.00140546
-0.00165328
-0.00188475
-0.00211662
-0.00171145
-0.000903998
-0.000110906
0.000210564
-0.000551965
-0.00127681
-0.00200245
-0.00202768
-0.00199914
-0.00197246
-0.00185302
-0.00167505
-0.0014992
-0.00138653
-0.00141906
-0.00144661
-0.0014743
-0.00163406
-0.00180387
-0.00197322
-0.00202775
-0.0020097
-0.00199414
-0.00176639
-0.00105127
-0.000353239
0.000344901
-0.000205351
-0.000851376
-0.00149371
-0.00185947
-0.00205029
-0.00224691
-0.00217536
-0.00148818
-0.000822355
-0.000156259
-0.000331931
-0.000572397
-0.000810504
-0.000939512
-0.000999474
-0.00106173
-0.0011021
-0.0010924
-0.00108441
-0.00107635
-0.000643196
-0.000177474
0.000286835
0.000288045
-3.56646e-06
-0.000285102
-0.000420779
-0.000220712
-3.20952e-05
0.00015678
4.0361e-05
-9.95956e-05
-0.000238666
-1.73394e-05
0.000431857
0.000873089
0.00108071
0.000751181
0.00043992
0.000128256
0.000170574
0.000240278
0.000309017
0.00023019
5.80278e-05
-0.000110891
-0.000366057
-0.000819348
-0.0012657
-0.00171199
-0.00167238
-0.00159511
-0.00151915
-0.00154893
-0.00164562
-0.00174002
-0.00177877
-0.00168951
-0.00160458
-0.00151957
-0.00147406
-0.00143165
-0.00138917
-0.00150903
-0.00173159
-0.00195057
-0.00192851
-0.00135231
-0.000794913
-0.000237264
-0.000329569
-0.000472371
-0.000613401
-0.000932472
-0.0013641
-0.00179171
-0.00211049
-0.00217919
-0.00225613
-0.00233274
-0.0023311
-0.00232335
-0.00231582
-0.00986151
-0.0221862
-0.0343446
-0.000220966
-0.00143994
-0.00149053
-0.00157967
-0.00164116
-0.00170059
-0.00176006
-0.00174572
-0.00168467
-0.0016252
-0.00148108
-0.00114239
-0.000810339
-0.000478285
-0.000503254
-0.000556095
-0.000607984
-0.000918075
-0.00139155
-0.00185936
-0.0021973
-0.00223666
-0.00228579
-0.00233457
-0.00243035
-0.00252974
-0.00262894
-0.00235218
-0.0018374
-0.00133074
-0.000940248
-0.000817016
-0.000685123
-0.000553598
-0.000848181
-0.00117597
-0.00150245
-0.00171773
-0.0018625
-0.00200947
-0.00212989
-0.00218954
-0.00225113
-0.00231262
-0.0020568
-0.00177624
-0.00149667
-0.00120777
-0.00091306
-0.000618729
-0.000538158
-0.000948887
-0.00134338
-0.00173815
-0.00133153
-0.000862201
-0.000395217
-0.000254695
-0.000321093
-0.000380739
-0.000545844
-0.000952997
-0.00135204
-0.0017511
-0.00178414
-0.00178837
-0.00179354
-0.00151172
-0.00104811
-0.000590678
-0.000408342
-0.000858696
-0.00128833
-0.00171836
-0.0016533
-0.00154929
-0.00144661
-0.00149458
-0.00163806
-0.00177838
-0.0017023
-0.00112846
-0.000571019
-1.34061e-05
-0.000147509
-0.000336075
-0.00052277
-0.000483301
-0.000300434
-0.00012229
-4.0056e-05
-0.000178603
-0.000309978
-0.000441499
-0.000655331
-0.00087554
-0.0010954
-0.00106937
-0.000887445
-0.000710624
-0.000558513
-0.000463467
-0.000366658
-0.000269967
-0.000214196
-0.000161694
-0.00010912
-0.000313171
-0.000679905
-0.00104121
-0.00109295
-0.000432567
0.000204697
0.000842293
0.000303631
-0.000327834
-0.000955943
-0.0010074
-0.000693062
-0.000390557
-0.000211823
-0.000318405
-0.000415854
-0.000513531
-0.000468388
-0.000411953
-0.000355911
-0.000172413
9.18873e-05
0.000353458
0.000587677
0.000759
0.000932207
0.00110525
0.000721023
0.000292793
-0.000133774
-0.000445122
-0.000683272
-0.000923585
-0.00101959
-0.000783987
-0.000559005
-0.00033383
-0.000526756
-0.000752795
-0.000977647
-0.000969104
-0.000812443
-0.000660548
-0.000606969
-0.000779786
-0.000945369
-0.00111107
-0.00107201
-0.00101668
-0.000961896
-0.000947697
-0.00095927
-0.000970026
-0.00102447
-0.00117938
-0.00133103
-0.0014827
-0.00151625
-0.00154037
-0.00156477
-0.00158801
-0.00161051
-0.00163302
-0.00168927
-0.00182319
-0.00195458
-0.00208598
-0.00158756
-0.0010392
-0.000492733
-0.000484282
-0.000817416
-0.00113968
-0.001414
-0.00157747
-0.0017443
-0.00191092
-0.002015
-0.00211403
-0.00221315
-0.00226579
-0.00228891
-0.00231294
-0.00236469
-0.00248032
-0.00259389
-0.00270746
-0.00270556
-0.00269443
-0.00268359
-0.00268855
-0.00270354
-0.00271822
-0.00271907
-0.00268812
-0.00265816
-0.0026282
-0.00268781
-0.00275456
-0.00282104
-0.00285656
-0.00287238
-0.00288881
-0.00291023
-0.00294321
-0.00297581
-0.0030084
-0.00303349
-0.00305797
-0.00308245
-0.00310355
-0.0031225
-0.0031415
-0.00315487
-0.0031553
-0.00315613
-0.00315694
-0.00318299
-0.00321104
-0.00323902
-0.00323288
-0.00320506
-0.00317792
-0.00316511
-0.00318531
-0.00320448
-0.00322367
-0.00321999
-0.00321447
-0.003209
-0.00322974
-0.00326712
-0.00330397
-0.00333289
-0.0033436
-0.00335485
-0.00336608
-0.00340518
-0.00344649
-0.00348772
-0.00348335
-0.00345002
-0.00341759
-0.00338598
-0.00335628
-0.00332654
-0.00329683
-0.00331207
-0.00333092
-0.00334965
-0.00335119
-0.00334182
-0.00333278
-0.00332623
-0.00332542
-0.00332443
-0.00332345
-0.00333574
-0.00334909
-0.0033624
-0.00338012
-0.00340064
-0.00342106
-0.00343191
-0.00342072
-0.00341021
-0.00339968
-0.00341287
