0
0.015008
0.0135714
0.013216
0.0127715
0.012412
0.0122255
0.0120249
0.0118259
0.0117693
0.0117011
0.0116339
0.0112311
0.010633
0.0100519
0.00995456
0.0109462
0.0118467
0.0127533
0.0127963
0.0129101
0.0130179
0.0127697
0.0123137
0.0118755
0.0113653
0.0106956
0.0100401
0.00938449
0.0090473
0.00868476
0.00832488
0.00788315
0.00739401
0.00690951
0.00646002
0.00608908
0.00571239
0.00533677
0.00687729
0.00826079
0.00965471
0.00986383
0.00938075
0.00895408
0.0085316
0.0081282
0.0077239
0.00732033
0.00683814
0.00636301
0.00588807
0.00542499
0.00496909
0.00451335
0.00412641
0.00389337
0.00364845
0.00340486
0.00367147
0.00389717
0.00412575
0.00467379
0.00540886
0.00612798
0.0065073
0.00612033
0.00579446
0.00546429
0.00509431
0.00472804
0.00436206
0.00381086
0.00315132
0.00250131
0.00197279
0.00171818
0.00144252
0.00116895
0.00116873
0.00114715
0.00112727
0.00147566
0.00204019
0.00258701
0.00306361
0.00337998
0.00370831
0.0040352
0.0037945
0.00359818
0.00339873
0.00294689
0.00234678
0.00175905
0.00121901
0.000787427
0.000348144
-8.98689e-05
-0.000137591
-0.000215262
-0.000290512
-0.000199736
-1.11965e-05
0.000169557
0.000571459
0.00147069
0.00233049
0.00319198
0.00297319
0.0028372
0.00269509
0.0025842
0.00249144
0.00239744
0.00219375
0.00174243
0.00131059
0.000877926
0.000524298
0.000165218
-0.000192905
-0.000388392
-0.000487846
-0.000594403
-0.000715358
-0.000870238
-0.00102233
-0.0011744
-0.000307826
0.000480854
0.0012742
0.00174298
0.00202022
0.00231141
0.00251462
0.00252248
0.00254494
0.00256627
0.00196969
0.00142012
0.00086786
0.000358702
-0.000124874
-0.000609634
-0.00100572
-0.00120293
-0.00141461
-0.00162491
-0.00170841
-0.00180117
-0.00189312
-0.00134533
-0.000419516
0.000477012
0.00124556
0.00172207
0.00221939
0.00271445
0.00263707
0.00260189
0.00256367
0.00230876
0.00192558
0.00155236
0.00111636
0.00053963
-2.59658e-05
-0.000591549
-0.000814058
-0.00106128
-0.00130635
-0.00147914
-0.00160894
-0.00174168
-0.00157913
-0.000750736
2.80994e-05
0.000809401
0.00160529
0.00239897
0.00319166
0.00365011
0.00391012
0.0041841
0.00431029
0.00410568
0.00392521
0.00374326
0.00293208
0.00216734
0.00140036
0.000721618
9.54577e-05
-0.000533576
-0.00106049
-0.00135845
-0.00167236
-0.00198469
-0.0020976
-0.00222459
-0.0023504
-0.00241504
-0.00244327
-0.00247405
-0.00251431
-0.00257648
-0.00263699
-0.00269754
-0.00279152
-0.002883
-0.00297453
-0.00249216
-0.00166884
-0.000870803
-0.00015948
0.00035323
0.000879232
0.00140356
0.00152107
0.00166707
0.00181085
0.00176179
0.00159789
0.0014423
0.00116895
0.000630539
0.000111458
-0.00040825
-0.000847041
-0.00129088
-0.00173374
-0.00201962
-0.00221184
-0.00241033
-0.0025435
-0.00253041
-0.00252751
-0.00252391
-0.00116709
0.000244125
0.00164961
0.00249371
0.00300259
0.00353397
0.0039231
0.00399518
0.00408907
0.00418132
0.00423115
0.00427914
0.00432718
0.00443776
0.0045856
0.00473067
0.00483007
0.00482598
0.00482901
0.00483154
0.00517634
0.00553523
0.00589267
0.00632433
0.00680004
0.00727209
0.00758628
0.00754362
0.00752535
0.00750544
0.00712135
0.0067221
0.00632442
0.00590371
0.00546951
0.0050368
0.0046834
0.00450889
0.0043225
0.00413717
0.00502913
0.00596669
0.00689991
0.00748374
0.00785821
0.00824629
0.00847237
0.00833468
0.00822164
0.00810709
0.00760132
0.00707901
0.00655852
0.00611415
0.00571562
0.00531455
0.00501472
0.00494294
0.00485602
0.00477023
0.0054644
0.00619226
0.0069169
0.0073999
0.00773785
0.008085
0.00822139
0.00788268
0.00757595
0.0072675
0.00670857
0.0061391
0.00557107
0.00503978
0.0045308
0.00402101
0.0035901
0.00333679
0.0030721
0.0028085
0.00269738
0.00259326
0.00248883
0.0028827
0.00357521
0.00424722
0.00470679
0.00468323
0.00469133
0.00469736
0.00437557
0.00403922
0.00370425
0.0031394
0.00243688
0.00174426
0.00115036
0.000780415
0.000396383
1.37668e-05
-0.0002236
-0.000454008
-0.000684568
-0.00087473
-0.00104055
-0.00120774
-0.00135991
-0.00147855
-0.00159921
-0.00171958
-0.0014736
-0.0012109
-0.000949624
-0.000560895
-9.57992e-05
0.000363784
0.000653125
0.000556611
0.000485004
0.000411889
-8.12448e-05
-0.000593482
-0.00110384
-0.00143441
-0.00165662
-0.00188549
-0.0020878
-0.00223131
-0.00237839
-0.00252506
-0.00251073
-0.00248881
-0.0024674
-0.00193593
-0.00109773
-0.000280083
0.000447804
0.000970533
0.00150561
0.00203923
0.00194177
0.00181438
0.00168903
0.00146948
0.00119336
0.000921169
0.000612092
0.000219503
-0.000167329
-0.000554036
-0.000822744
-0.00108549
-0.00134827
-0.00157532
-0.00178075
-0.00198726
-0.00217602
-0.002325
-0.00247629
-0.00262724
-0.00269204
-0.00275259
-0.00281334
-0.0026175
-0.00226702
-0.00192661
-0.00146659
-0.000736136
-2.34185e-05
0.000689516
0.000764526
0.000808329
0.000854014
0.000634469
0.000255043
-0.000114006
-0.000490162
-0.000881549
-0.00127151
-0.00166108
-0.00182565
-0.00197897
-0.0021328
-0.00224942
-0.00234354
-0.00243893
-0.00251855
-0.00256275
-0.00260908
-0.00265522
-0.00276966
-0.00288735
-0.00300471
-0.00271864
-0.00218893
-0.00167477
-0.00121907
-0.00089741
-0.000567954
-0.000239377
-0.000460751
-0.000709351
-0.00095599
-0.00133422
-0.00179176
-0.00224393
-0.00261464
-0.0028004
-0.00299717
-0.00319303
-0.00324165
-0.00329912
-0.00335599
-0.00337214
-0.00336363
-0.00335661
-0.00313631
-0.00243196
-0.00175767
-0.00108239
-0.000750154
-0.000435653
-0.000120463
-5.51187e-05
-0.000141013
-0.000217716
-0.000411273
-0.000869008
-0.00131035
-0.00175214
-0.00187607
-0.00198366
-0.0020921
-0.00215794
-0.002198
-0.00223955
-0.0021436
-0.00173565
-0.00134679
-0.000957255
-0.000142791
0.000692652
0.00152585
0.0018642
0.0019024
0.00195839
0.00195355
0.00181312
0.0016809
0.00154834
0.00117157
0.000782558
0.000394728
0.000121191
-8.28813e-05
-0.000290814
-0.000464578
-0.000561578
-0.000662987
-0.000764017
-0.000700935
-0.000629367
-0.000558382
8.30056e-05
0.00107022
0.00203599
0.00280861
0.00314096
0.00349871
0.00385456
0.00382306
0.00377128
0.00372074
0.00351089
0.00320444
0.00290398
0.00251885
0.00194165
0.00137631
0.000810932
0.000475847
0.000153262
-0.000169675
-0.000159621
5.2695e-05
0.000253033
0.000657584
0.00152498
0.00236457
0.00320479
0.00345626
0.00367619
0.00389769
0.0039068
0.00378686
0.00367451
0.0035044
0.00320383
0.00291111
0.00261829
0.00212137
0.00161405
0.00110792
0.000732758
0.000437444
0.00013789
8.54335e-05
0.000593746
0.00106938
0.00154633
0.00235453
0.00317973
0.00400302
0.00422564
0.00408261
0.00396059
0.00374764
0.00333052
0.0029255
0.00252026
0.00212401
0.00172865
0.00133369
0.000990752
0.000679626
0.000367049
5.38182e-05
-0.000261565
-0.000576469
-0.000891044
-0.0010016
-0.00110093
-0.00120079
-0.00117942
-0.00108425
-0.000993347
-0.000610357
0.000436586
0.00144499
0.00245442
0.00249527
0.00248306
0.00247385
0.00232979
0.00210373
0.00188251
0.00167815
0.00151245
0.00134477
0.00117738
0.0010008
0.000823884
0.000647186
0.000800421
0.00115479
0.00149756
0.00197601
0.00276217
0.00353033
0.00429864
0.00431509
0.00428989
0.00426704
0.00411594
0.00388674
0.00366212
0.00338678
0.00299626
0.00261256
0.0022289
0.00202764
0.00183674
0.00164547
0.0018257
0.00223261
0.00262657
0.00307839
0.00366078
0.00423534
0.0048097
0.00474182
0.00463805
0.00453637
0.0042351
0.00381212
0.00339629
0.00304239
0.00282977
0.00260965
0.00239019
0.00222579
0.00206465
0.00190351
0.00229238
0.00301715
0.00372283
0.00430486
0.00460402
0.00491825
0.00523132
0.00486803
0.00446681
0.00406809
0.00360354
0.00309899
0.00259717
0.00218695
0.00198493
0.00177185
0.00155961
0.00182675
0.0021209
0.00241328
0.00296069
0.00366382
0.0043578
0.00478629
0.00461008
0.00446662
0.00432155
0.0040494
0.00377023
0.00349173
0.00305727
0.00252754
0.00200349
0.00156688
0.00132936
0.00108144
0.000834341
0.000682525
0.000536333
0.000389996
0.000762472
0.00145243
0.00212471
0.0026959
0.00303558
0.00338724
0.00373788
0.00352645
0.00328276
0.00304104
0.00266325
0.00220233
0.00174631
0.00131581
0.000943389
0.000568286
0.000193722
-7.85811e-06
-0.000199209
-0.000390898
-0.000545849
-0.000678245
-0.000811692
-0.00079703
-0.000445249
-0.000111609
0.000222635
0.00094523
0.0016898
0.00243242
0.00267059
0.00259935
0.00254443
0.0023938
0.00202701
0.00167195
0.00131664
0.000898686
0.000477452
5.68296e-05
-0.00025688
-0.000504885
-0.000756063
-0.000952416
-0.00102456
-0.00110312
-0.00118125
-0.00119337
-0.00120159
-0.00121
-0.00057512
0.000454267
0.00146208
0.00220988
0.00236384
0.00254847
0.00273131
0.0024457
0.00213265
0.00182135
0.00139734
0.00090436
0.000415453
-1.8923e-05
-0.000329182
-0.000645528
-0.000961234
-0.00114787
-0.00132666
-0.00150567
-0.00129407
-0.000842654
-0.000404037
8.96919e-05
0.000708129
0.00131953
0.00193066
0.00178208
0.00158832
0.00139708
0.00115839
0.000890731
0.000624826
0.00032952
-3.2972e-05
-0.00039166
-0.000750177
-0.000987749
-0.00121786
-0.00144811
-0.00159379
-0.00168745
-0.00178365
-0.00162772
-0.000897286
-0.000196801
0.000504494
0.000863607
0.00120181
0.00154073
0.00149848
0.00122187
0.000957405
0.000652605
0.000256888
-0.000133831
-0.000524406
-0.000845852
-0.00116283
-0.00147971
-0.00166969
-0.00178152
-0.00189717
-0.00188831
-0.00159606
-0.00131836
-0.00104021
-0.000467844
0.000121872
0.000710124
0.000913594
0.000880119
0.000858561
0.000741538
0.000408116
8.58641e-05
-0.000236624
-0.000645773
-0.00105984
-0.00147325
-0.00170373
-0.00182148
-0.00194474
-0.00795429
-0.0273932
-0.0461436
-0.0147697
-0.00151561
-0.00209135
-0.0019788
-0.00157525
-0.000969791
-0.000374955
9.82695e-05
0.000293585
0.000502485
0.000710505
0.000606883
0.000484199
0.00036258
0.00013942
-0.000146207
-0.000428466
-0.000697976
-0.000938379
-0.00117998
-0.00142129
-0.00154025
-0.00165156
-0.00176313
-0.00188801
-0.00202105
-0.00215356
-0.00226652
-0.00233497
-0.00240555
-0.00247595
-0.00242261
-0.00236165
-0.00230112
-0.00174735
-0.000889576
-4.75148e-05
0.000562766
0.000643353
0.000749737
0.000854758
0.000777744
0.000689473
0.000601838
0.00037869
7.2027e-05
-0.000230271
-0.000541284
-0.000872082
-0.0012016
-0.00153085
-0.00161227
-0.00167814
-0.00174471
-0.00182881
-0.00192373
-0.00201803
-0.00210712
-0.00218436
-0.0022621
-0.00233973
-0.00199378
-0.00162159
-0.00125103
-0.000814937
-0.000338571
0.000135395
0.000602087
0.00105251
0.00150329
0.00195361
0.00226293
0.00256311
0.00286344
0.00290411
0.00278439
0.00267247
0.00275386
0.00327737
0.0037792
0.00428159
0.00442578
0.00454726
0.0046697
0.00475027
0.00480496
0.00486083
0.004911
0.00494836
0.0049863
0.00502417
0.00504627
0.00506734
0.00508845
0.00511991
0.00515777
0.00519528
0.00524666
0.00532972
0.00541119
0.00549265
0.00570705
0.00592972
0.00615178
0.00614294
0.00599131
0.00584657
0.005471
0.00456878
0.00369229
0.00281542
0.00228894
0.00178525
0.00128096
0.000932258
0.000679898
0.00042324
0.000193475
2.43454e-05
-0.000147476
-0.00031901
-0.000422276
-0.000521085
-0.00062001
-0.000708604
-0.000790779
-0.000873179
-0.000975804
-0.00112476
-0.00127141
-0.00141803
-0.00145014
-0.00147487
-0.00149992
-0.00146041
-0.00138098
-0.00130347
-0.00118347
-0.000966485
-0.000754217
-0.000541928
-0.000157539
0.000237622
0.000631916
0.000811284
0.000857467
0.000909791
0.00091544
0.000815168
0.0007199
0.000624488
9.82304e-05
-0.000455454
-0.00100736
-0.00130738
-0.00145121
-0.00160213
-0.00173856
-0.0018428
-0.00194844
-0.00205391
-0.00209568
-0.00213329
-0.00217105
-0.00224644
-0.00234514
-0.00244266
-0.00251937
-0.00254848
-0.00257975
-0.00261089
-0.00260287
-0.00259231
-0.00258188
-0.00263479
-0.00272694
-0.00281721
-0.00277095
-0.00241256
-0.00206877
-0.00172463
-0.00114677
-0.00055412
3.73156e-05
0.000195287
8.43591e-05
-1.42117e-05
-1.82779e-05
0.00019487
0.000397936
0.000601277
0.000888354
0.00118069
0.00147251
0.0012918
0.000817982
0.00035789
-0.000139779
-0.000722457
-0.00130075
-0.00187873
-0.00203809
-0.00216982
-0.00230268
-0.00241892
-0.00252486
-0.00263117
-0.00270809
-0.002718
-0.00273092
-0.00274369
-0.00282568
-0.00291217
-0.00299838
-0.00306489
-0.00311913
-0.00317388
-0.00323201
-0.00329797
-0.00336352
-0.00342904
-0.00344746
-0.00346275
-0.00347817
-0.00349113
-0.00350256
-0.00351404
-0.00350605
-0.00345354
-0.00340307
-0.00335255
-0.00333722
-0.00332424
-0.00331116
-0.00329648
-0.00328081
-0.00326519
-0.00326583
-0.00330363
-0.00333975
-0.00337591
-0.00339855
-0.00342027
-0.00344202
-0.00348555
-0.00354259
-0.00359899
-0.00363996
-0.00364566
-0.00365291
-0.00366009
-0.00369166
-0.00372483
-0.00375791
-0.00376925
-0.00376708
-0.00376552
-0.00375652
-0.0037306
-0.00370545
-0.00368028
-0.00373861
-0.00380247
-0.00386604
-0.00361026
-0.00315598
-0.00271083
-0.00241597
-0.00246534
-0.00249955
-0.00253439
-0.00251515
-0.0024923
-0.00246962
-0.00231151
-0.00206921
-0.00183081
-0.00150274
-0.000969625
-0.000445944
7.76919e-05
0.000201134
0.000297548
0.000395057
0.000560656
0.000768601
0.000974519
0.00125765
0.00171746
0.00216918
0.00262085
0.00294266
0.00325545
0.00356836
0.00376252
0.00388272
0.00400603
0.00420336
0.00457051
0.00492998
0.00528947
0.00546641
0.00563086
0.0057957
0.00576142
0.0056032
0.00545047
0.00533485
0.00530452
0.00527054
0.00523674
0.00510563
0.00496801
0.00483079
0.00470542
0.00458748
0.00446932
0.00436106
0.00427533
0.0041887
0.00410218
0.00402738
0.00395343
0.0038795
0.00373703
0.0035519
0.00336875
0.00327275
0.00337619
0.003471
0.0035661
0.00354025
0.00350617
0.00347247
0.00336348
0.00320762
0.00305389
0.00305474
0.00340945
0.00374878
0.00408848
0.00323358
0.0022976
0.00136586
0.00084676
0.000585135
0.000312794
6.49943e-05
-0.000128001
-0.000323158
-0.000518057
-0.000674412
-0.000828005
-0.000981584
-0.00110116
-0.00119951
-0.00129867
-0.00140091
-0.00151036
-0.00161941
-0.00172839
-0.00176212
-0.00179064
-0.00181935
-0.00184114
-0.0018586
-0.00187622
-0.00192264
-0.002035
-0.00214449
-0.00225401
-0.00195616
-0.00163045
-0.00130618
-0.00134087
-0.00159953
-0.00184859
-0.00206631
-0.00221164
-0.00235988
-0.00250787
-0.00257436
-0.00263516
-0.00269615
-0.00275937
-0.00282395
-0.00288843
-0.00288041
-0.00270646
-0.00253958
-0.00237254
-0.00242034
-0.002483
-0.00254498
-0.00201956
-0.00112758
-0.000251595
0.000248661
-0.000112071
-0.000436733
-0.000762623
-0.000762342
-0.000739404
-0.000717426
-2.83062e-05
0.00107716
0.00216446
0.00263109
0.00167574
0.000780015
-0.000117434
0.000802698
0.00184874
0.00288872
0.00273599
0.0018382
0.000971889
0.000270505
-5.10659e-05
-0.000388022
-0.000724066
-0.00092682
-0.00112012
-0.00131364
-0.00146364
-0.0015864
-0.00171018
-0.00181746
-0.00188717
-0.00195836
-0.00202944
-0.00209578
-0.00216175
-0.00222769
-0.00225783
-0.00226559
-0.00227427
-0.00228894
-0.00231747
-0.00234541
-0.00237334
-0.00240653
-0.00244006
-0.00247355
-0.00252036
-0.00257549
-0.00263023
-0.00253779
-0.00210821
-0.0016927
-0.00127695
-0.00148418
-0.00173507
-0.00198398
-0.00223351
-0.0024833
-0.00273288
-0.00291446
-0.0029405
-0.00297283
-0.00300487
-0.00300913
-0.00301142
-0.00301378
-0.00297863
-0.00292003
-0.00286243
-0.0028082
-0.00276174
-0.00271501
-0.00266832
-0.00263028
-0.00259287
-0.00255547
-0.00262578
-0.00276346
-0.00289832
-0.00302093
-0.00311534
-0.00321082
-0.00330617
-0.00331215
-0.0033118
-0.0033117
-0.00316859
-0.00293603
-0.00270724
-0.0023462
-0.00168217
-0.0010308
-0.000379453
-0.000116148
0.000119427
0.000355922
0.000558764
0.000740512
0.000922957
0.00131032
0.00216753
0.00300533
0.00384323
0.00399008
0.00408768
0.00418715
0.0043509
0.00455488
0.0047571
0.00489526
0.00488665
0.00488388
0.00488089
0.00432462
0.0037293
0.00313599
0.00302755
0.00322282
0.0034059
0.00343946
0.00312938
0.00283314
0.00253659
0.00325855
0.00405278
0.00484352
0.00469381
0.00395494
0.00323991
0.00287843
0.00332878
0.00374678
0.00416572
0.0041021
0.00400397
0.00390727
0.00336928
0.00255497
0.00175217
0.00142737
0.00219854
0.00292608
0.00365476
0.00300402
0.00225474
0.00150991
0.000995615
0.000626048
0.000251103
-5.49805e-05
-0.000204081
-0.000359205
-0.000513971
-0.00061014
-0.000702025
-0.000794007
-0.000806429
-0.000768978
-0.0007335
-0.000733385
-0.000814485
-0.000892357
-0.000970295
-0.000870974
-0.000758948
-0.000647502
-0.000471792
-0.000255846
-4.16316e-05
4.16807e-05
-0.000175079
-0.000380026
-0.000585273
-0.000841637
-0.00110152
-0.00136106
-0.00150493
-0.00157621
-0.00165024
-0.00171455
-0.00175689
-0.00180005
-0.00184315
-0.00190431
-0.00196673
-0.00202906
-0.00206047
-0.00207249
-0.00208525
-0.0021043
-0.00213788
-0.00217087
-0.00220386
-0.00227766
-0.00235436
-0.0024309
-0.00249061
-0.00253975
-0.00258925
-0.002623
-0.0026207
-0.00261978
-0.00261881
-0.00261575
-0.00261255
-0.00260935
-0.0025971
-0.00257918
-0.00256149
-0.00257129
-0.00264414
-0.00271452
-0.00278494
-0.00278131
-0.00277229
-0.00276348
-0.00274358
-0.00271672
-0.00269015
-0.00265172
-0.00258609
-0.00252155
-0.00245701
-0.00227869
-0.00209219
-0.00190613
-0.0012781
-0.000372692
0.000521494
0.00121469
0.0014468
0.00169621
0.00194477
0.00217956
0.00241319
0.00264668
0.00229848
0.00158503
0.000885926
0.000580178
0.0011773
0.00173987
0.00230331
0.00184448
0.00131107
0.000780871
0.000695902
0.000890735
0.00107488
0.00123898
0.00135636
0.00147541
0.00159431
0.00183651
0.00208759
0.00233815
0.00244511
0.0024618
0.00248186
0.00240657
0.00211283
0.0018275
0.00154207
0.00226757
0.00306692
0.00386291
0.00381466
0.00323574
0.00267709
0.00221391
0.00197101
0.00172006
0.00146959
0.00133948
0.00121833
0.00109693
0.0009675
0.000833042
0.000698871
0.000663615
0.000855211
0.00103822
0.00122142
0.00180115
0.00240977
0.00301687
0.00288603
0.00229119
0.00171401
0.00117822
0.000738367
0.000295286
-0.000147346
-0.000343498
-0.000521291
-0.000699632
-0.000809858
-0.00087723
-0.000946137
-0.00101235
-0.00107257
-0.00113296
-0.00119331
-0.00125835
-0.00132369
-0.00138898
-0.00148841
-0.0016093
-0.0017293
-0.00179225
-0.0017243
-0.00166122
-0.001598
-0.000593212
0.000480805
0.00155149
0.00196958
0.00197687
0.00199924
0.00202213
0.00204752
0.0020728
0.00209807
0.00148046
0.00081545
0.000152663
-0.000245512
-0.000477002
-0.000714421
-0.000946375
-0.00116652
-0.00138694
-0.00160719
-0.00162343
-0.00162446
-0.00162604
-0.00164881
-0.00168494
-0.00172056
-0.0017372
-0.00171025
-0.00168491
-0.00165954
-0.00175749
-0.00186458
-0.00197127
-0.00137691
-0.0003413
0.000677535
0.00135928
0.00126682
0.0012025
0.00113722
0.0014725
0.00183751
0.00220118
0.00178193
0.000869708
-2.40166e-05
-0.00069387
-0.000849105
-0.00102283
-0.00119575
-0.00124052
-0.00127565
-0.0013111
-0.00138718
-0.00148885
-0.00158951
-0.00167269
-0.00171571
-0.00176014
-0.00180449
-0.00171956
-0.00162498
-0.00153082
-0.00111843
-0.000505665
9.94658e-05
0.000607027
0.000890521
0.00118185
0.00147269
0.00159457
0.00170367
0.00181316
0.00191343
0.00200789
0.00210249
0.00192622
0.00112817
0.000352918
-0.000422595
-0.000634815
-0.000804499
-0.000975579
-0.00109912
-0.0011927
-0.00128728
-0.0013702
-0.0014265
-0.00148371
-0.00154085
-0.00166657
-0.00179738
-0.00192792
-0.00199694
-0.00202718
-0.00205876
-0.00195959
-0.0015603
-0.00117195
-0.00078349
-0.00071619
-0.000673191
-0.00062936
-0.000883896
-0.00132648
-0.0017621
-0.00205936
-0.00203874
-0.00202939
-0.00201964
-0.00197399
-0.00192565
-0.00187744
-0.00168866
-0.00141127
-0.0011372
-0.00104312
-0.00136238
-0.00166684
-0.00197162
-0.0019937
-0.00199436
-0.00199577
-0.00171182
-0.00124795
-0.000790738
-0.000625286
-0.00113003
-0.00161088
-0.00209224
-0.00200002
-0.00186433
-0.00173026
-0.00160324
-0.00148074
-0.00135816
-0.0012578
-0.00120835
-0.00115716
-0.00110606
-0.00106024
-0.00101485
-0.00096948
-0.000968609
-0.000995821
-0.00102203
-0.00105295
-0.0010946
-0.00113585
-0.00117709
-0.000944751
-0.000691721
-0.000439588
-0.000490208
-0.000731923
-0.000966821
-0.00113243
-0.00113855
-0.00115021
-0.00116167
-0.00108157
-0.000994543
-0.000907814
-0.000939108
-0.00104491
-0.00114805
-0.00119797
-0.00112551
-0.00105733
-0.000989057
-0.000556412
-9.6198e-05
0.000362744
0.000969156
0.00166851
0.00236417
0.00284008
0.0028115
0.00280035
0.0027886
0.00287536
0.0029696
0.00306352
0.00305338
0.00297752
0.00290397
0.00282985
0.00275451
0.00267926
0.00260406
0.00188741
0.00112206
0.000358896
-4.67499e-07
-0.000104641
-0.0002175
-0.000364372
-0.000590187
-0.000813142
-0.00103604
-0.00104739
-0.00104249
-0.00103815
-0.000632451
2.6711e-05
0.000676753
0.00113551
0.00115463
0.00118875
0.00122233
0.00119076
0.0011542
0.00111784
0.00109885
0.00109086
0.0010825
0.000929623
0.000444651
-2.86829e-05
-0.000502091
-0.000623833
-0.000718428
-0.000813883
-0.000903681
-0.000989903
-0.00107619
-0.00111309
-0.00103658
-0.000963972
-0.000891281
-0.000233046
0.000469938
0.00117093
0.00143729
0.00142881
0.00142964
0.00134057
0.00104563
0.000757847
0.000470021
0.000189032
-9.1261e-05
-0.000371388
-0.000570305
-0.000717829
-0.000866987
-0.00101076
-0.00114242
-0.00127439
-0.00140627
-0.00145085
-0.00148865
-0.00152666
-0.00153221
-0.00151723
-0.00150296
-0.00148317
-0.00145072
-0.00141872
-0.00138673
-0.000634282
0.000173506
0.000978895
0.00101497
0.000564411
0.000130462
-0.000267573
-0.000582155
-0.000899319
-0.00121619
-0.00130364
-0.00137325
-0.00144341
-0.00150317
-0.00155636
-0.00160973
-0.00167023
-0.00174717
-0.00182351
-0.00189982
-0.00196006
-0.00201901
-0.00207797
-0.00205028
-0.00196778
-0.00188715
-0.00158409
-0.000769799
2.69461e-05
0.000823744
0.000755119
0.000619224
0.000485654
9.85631e-05
-0.000448821
-0.000990524
-0.00139132
-0.00146827
-0.00155589
-0.00164311
-0.00170745
-0.00176998
-0.00183252
-0.00913256
-0.0210118
-0.0327317
-0.000669272
-0.00177916
-0.00179243
-0.00184191
-0.000823677
0.000277103
0.00137443
0.0018475
0.00192521
0.0020159
0.00184566
0.00107661
0.000327792
-0.000421203
-0.000614642
-0.000764576
-0.000915842
-0.00104186
-0.0011519
-0.00126239
-0.00134338
-0.0013567
-0.00137222
-0.00138767
-0.00149121
-0.00160159
-0.00171166
-0.00143385
-0.000910469
-0.000395468
7.57888e-05
0.000446277
0.000819818
0.00119302
0.00133221
0.00145299
0.0015743
0.0015144
0.00133976
0.00116898
0.000898983
0.000400992
-8.92401e-05
-0.000579406
-0.000713375
-0.000819331
-0.00092613
-0.00099732
-0.00104596
-0.00109529
-0.00116335
-0.00127454
-0.00138426
-0.00149396
-0.00137639
-0.00124103
-0.00110634
-0.000741054
-0.000229755
0.000276477
0.000596316
0.000487592
0.000392822
0.000297661
-9.9403e-05
-0.000519982
-0.000939528
-0.0011789
-0.00130402
-0.00143276
-0.00153503
-0.00157683
-0.00162055
-0.00166419
-0.00169144
-0.00171739
-0.00174336
-0.00174059
-0.00171961
-0.00169923
-0.00145425
-0.000692757
5.16194e-05
0.000796068
0.000360073
-0.00016875
-0.000694249
-0.000455904
0.000266662
0.000973214
0.00126181
0.000588589
-5.3347e-05
-0.000695874
-0.000882997
-0.00103406
-0.00118618
-0.00129507
-0.00137656
-0.00145887
-0.0015203
-0.00153385
-0.00154891
-0.00156392
-0.00162207
-0.00168359
-0.00174496
-0.00163389
-0.00141348
-0.00119671
-0.000900587
-0.000422048
5.03718e-05
0.000522685
7.48605e-05
-0.000445547
-0.000963313
-0.00125457
-0.00140206
-0.00155403
-0.00166818
-0.00169581
-0.00172617
-0.00175642
-0.0017728
-0.00178807
-0.00180337
-0.00144891
-0.000859972
-0.000278844
0.000189761
0.000399448
0.000617204
0.000834567
0.000280923
-0.000333598
-0.000945804
-0.00128572
-0.00145276
-0.00162516
-0.00174247
-0.00173357
-0.00172866
-0.00172362
-0.0017331
-0.00174373
-0.00175431
-0.00164681
-0.0014644
-0.00128447
-0.00110093
-0.000909109
-0.000717671
-0.000526342
-0.000300587
-7.22187e-05
0.000155923
-6.63306e-05
-0.000574374
-0.00107312
-0.0014396
-0.00150149
-0.00157291
-0.00164398
-0.00171019
-0.00177598
-0.00184173
-0.00190346
-0.00196262
-0.00202182
-0.00206608
-0.00207601
-0.00208701
-0.00209797
-0.00206662
-0.00203192
-0.00199734
-0.00160903
-0.000996233
-0.000390828
-6.03248e-05
-0.000362347
-0.000644458
-0.000927014
-0.00117483
-0.00141975
-0.00166459
-0.00182042
-0.00191969
-0.00202066
-0.00211593
-0.00219828
-0.00228097
-0.00236361
-0.00237991
-0.0023909
-0.00240205
-0.00241657
-0.00243323
-0.00244982
-0.00246213
-0.00246464
-0.00246744
-0.00247023
-0.0025086
-0.00254979
-0.00259087
-0.00260211
-0.0025944
-0.00258727
-0.00258074
-0.0025756
-0.00257042
-0.00256525
-0.00262142
-0.00268247
-0.00274334
-0.00276828
-0.0027704
-0.00277322
-0.00279012
-0.00283948
-0.00288781
-0.00293614
-0.00294469
-0.00295005
-0.0029555
-0.00294138
-0.00291483
-0.00288867
-0.00288119
-0.00291666
-0.0029508
-0.00298496
-0.00298995
-0.0029926
-0.00299532
-0.00300193
-0.00301103
-0.00302004
-0.00302923
-0.00303882
-0.0030484
-0.00305798
-0.00307785
-0.00309854
-0.0031192
-0.0031315
-0.0031385
-0.00314566
-0.00315301
-0.0031608
-0.00316857
-0.00317634
-0.00316106
-0.00314393
-0.00312687
-0.00312699
-0.00313803
-0.00314874
-0.00315746
-0.0031616
-0.00316588
-0.00317016
-0.00319779
-0.0032273
-0.00325673
-0.00325742
-0.00323985
-0.00322284
-0.00321079
-0.00321018
-0.00320923
-0.00320828
-0.00323297
