0
0.00395959
0.00333388
0.00305817
0.00275386
0.00252711
0.00246844
0.00239593
0.0023247
0.00214621
0.00197688
0.00180708
0.00171829
0.00167673
0.00163135
0.00154296
0.00135707
0.0011795
0.00100154
0.00105875
0.00109658
0.00113595
0.00107473
0.00095497
0.000840187
0.00077565
0.000824772
0.00086455
0.000905025
0.000654501
0.000428043
0.000199998
2.70135e-05
-0.000113812
-0.000257015
-0.000375502
-0.000439163
-0.000507153
-0.000574684
-0.000528415
-0.000491397
-0.000453694
-0.000364138
-0.000244279
-0.000127049
-0.000109103
-0.000314746
-0.000502128
-0.000690674
-0.000724477
-0.000770605
-0.000815674
-0.000627844
-0.000303752
8.9565e-06
0.000255432
0.000351412
0.000459213
0.000565902
0.000596692
0.000633458
0.000669691
0.000571202
0.000393802
0.000222926
3.02455e-05
-0.000210674
-0.000447407
-0.000684096
-0.000820192
-0.000963994
-0.00110696
-0.00127117
-0.00144771
-0.001623
-0.00174821
-0.00176077
-0.00178214
-0.00180279
-0.00176297
-0.00172794
-0.00169259
-0.00128365
-0.000655559
-4.55112e-05
0.000511224
0.000945879
0.00138934
0.00183144
0.00175008
0.00170943
0.00166569
0.00162988
0.00159858
0.00156697
0.00156774
0.00164129
0.00170912
0.00177728
0.00193595
0.00208742
0.0022392
0.00250265
0.00283168
0.00315518
0.00346607
0.00374821
0.00403212
0.00431545
0.00422086
0.00415526
0.00408754
0.00415741
0.00430817
0.00445255
0.00463037
0.00488275
0.00512909
0.00537551
0.00535052
0.00534613
0.00534019
0.00548837
0.00572726
0.00595895
0.00610506
0.00605744
0.0060245
0.00599049
0.00605051
0.00610337
0.00615669
0.00615232
0.00611393
0.00607815
0.0061076
0.00628455
0.0064502
0.00661645
0.00665181
0.00669688
0.00674117
0.00677962
0.00681458
0.00684975
0.00683078
0.00668978
0.00655805
0.00642583
0.00642651
0.00641734
0.00640892
0.00643802
0.00648935
0.00653895
0.00661411
0.00674671
0.00687488
0.00700319
0.00697778
0.0069637
0.00694882
0.00678964
0.00654511
0.00630719
0.0060465
0.00573506
0.00542778
0.00512065
0.00504052
0.00494393
0.00484869
0.00477024
0.00470186
0.00463284
0.00461884
0.00472882
0.00482963
0.00493096
0.00565586
0.00633453
0.00701556
0.00707203
0.00675827
0.00647171
0.00608318
0.0054684
0.00487082
0.00427287
0.00390205
0.00351543
0.00313049
0.00271503
0.00228173
0.00185032
0.0015152
0.00139702
0.00126349
0.00113124
0.00100534
0.000879158
0.000753179
0.000640487
0.000535749
0.000430594
0.000357323
0.000355815
0.000349208
0.000342972
0.000359871
0.000375105
0.000390435
0.000793626
0.00142721
0.0020436
0.00240206
0.00217603
0.00199156
0.00180442
0.00161114
0.00141856
0.00122621
0.000882065
0.000447783
2.04412e-05
-0.000296421
-0.000363244
-0.000447496
-0.000530409
-0.000699183
-0.000861717
-0.00102446
-0.00116982
-0.00130477
-0.00144026
-0.00151828
-0.00146673
-0.00142427
-0.00138124
-0.00124989
-0.00111505
-0.000980634
-0.000933376
-0.000938105
-0.000939226
-0.000956453
-0.00100952
-0.00106003
-0.00111066
-0.00120975
-0.00131075
-0.00141149
-0.00144073
-0.00142729
-0.00141682
-0.00143596
-0.00152254
-0.00160437
-0.00168642
-0.00168477
-0.00167958
-0.00167463
-0.00168087
-0.0016938
-0.00170625
-0.00171316
-0.00170751
-0.00170272
-0.00169788
-0.00176163
-0.00182825
-0.00189458
-0.0019806
-0.00207833
-0.00217514
-0.00224344
-0.00224725
-0.00225543
-0.0022633
-0.00225301
-0.00224195
-0.00223095
-0.00215494
-0.0020401
-0.00192803
-0.00188114
-0.00198199
-0.00207277
-0.00216411
-0.00219204
-0.00221717
-0.00224245
-0.00226647
-0.00228972
-0.002313
-0.00233602
-0.00235847
-0.00238094
-0.00240338
-0.00237008
-0.00233435
-0.00229884
-0.00227183
-0.00224994
-0.00222774
-0.0021278
-0.0018518
-0.00158784
-0.00132344
-0.00114755
-0.000975815
-0.000804034
-0.000732292
-0.000720527
-0.000704816
-0.000715736
-0.000786327
-0.000852891
-0.000919633
-0.000860753
-0.000796277
-0.000732254
-0.000643199
-0.000539191
-0.0004363
-0.000325757
-0.000197871
-7.12885e-05
5.52137e-05
7.82062e-05
9.64582e-05
0.000114996
9.19528e-05
4.39781e-05
-2.30874e-06
-2.46421e-05
7.46522e-06
3.59887e-05
6.47082e-05
0.000445089
0.000841194
0.00123576
0.00146838
0.00160358
0.00174491
0.00183749
0.0018208
0.0018112
0.00180115
0.00180497
0.00180942
0.00181383
0.00179832
0.00177084
0.00174417
0.00181816
0.00212034
0.00240748
0.00269521
0.002767
0.00282862
0.0028908
0.00292726
0.00294826
0.00297022
0.00300258
0.0030587
0.00311323
0.00316779
0.00324999
0.0033334
0.00341662
0.00345928
0.00347748
0.00349722
0.00356425
0.00373876
0.00390623
0.00407394
0.00391472
0.00374012
0.00356671
0.00351642
0.00354034
0.00355956
0.00352874
0.00338381
0.00324625
0.0031084
0.00315046
0.0032011
0.00325114
0.00319951
0.00308661
0.00297769
0.0028763
0.0027924
0.0027075
0.00262277
0.00274894
0.00288517
0.0030206
0.00300723
0.00290411
0.00280671
0.00267919
0.00248401
0.00229328
0.00210252
0.00183701
0.00156816
0.00129984
0.00113559
0.00103423
0.000929092
0.00084606
0.000812454
0.000775833
0.000739443
0.000656561
0.000571485
0.00048665
0.000349219
0.000180097
1.31351e-05
-8.81191e-05
-4.02343e-05
-1.57494e-06
3.76036e-05
-0.000149857
-0.00034834
-0.000545905
-0.000682009
-0.000780885
-0.000881919
-0.00096232
-0.000996369
-0.00103321
-0.00106983
-0.00114743
-0.001227
-0.00130635
-0.00136679
-0.00141576
-0.00146538
-0.0015486
-0.0017083
-0.00186316
-0.00201812
-0.00197004
-0.00193433
-0.00189791
-0.00189281
-0.00190664
-0.00191931
-0.00191644
-0.00187816
-0.00184206
-0.00180588
-0.00180982
-0.0018158
-0.00182164
-0.00185046
-0.00189317
-0.00193499
-0.00197483
-0.00201009
-0.00204558
-0.00208102
-0.00203904
-0.00199316
-0.00194756
-0.001989
-0.00208314
-0.00217402
-0.00222831
-0.00219917
-0.00217505
-0.00215065
-0.00208339
-0.00201401
-0.00194483
-0.00198814
-0.00209962
-0.00220692
-0.00224316
-0.00211756
-0.00200171
-0.00188542
-0.0016158
-0.00133853
-0.00106203
-0.000866413
-0.000719945
-0.000570748
-0.000460236
-0.000436999
-0.000408647
-0.00038063
-0.000591001
-0.000813573
-0.00103517
-0.00119353
-0.00131342
-0.00143544
-0.00146961
-0.00130469
-0.00115162
-0.000998044
-0.000851432
-0.000705334
-0.000559378
-0.000380661
-0.000182129
1.5015e-05
0.000176214
0.000255844
0.000340132
0.00042405
0.000421473
0.00041433
0.000407462
0.000268603
4.96292e-05
-0.000164444
-0.00034177
-0.000435245
-0.000533467
-0.0006313
-0.000634076
-0.000631797
-0.000629813
-0.000575327
-0.000488961
-0.000404533
-0.00031274
-0.000204334
-9.70094e-05
1.02537e-05
0.00017381
0.000340207
0.00050625
0.000574012
0.000581965
0.000593338
0.000584169
0.00052877
0.000476081
0.000423297
0.00021937
7.52094e-06
-0.000203634
-0.000335716
-0.000419608
-0.000506151
-0.000617278
-0.000784791
-0.000948904
-0.00111302
-0.0011065
-0.00109074
-0.00107553
-0.00108713
-0.00111508
-0.00114207
-0.00118832
-0.00127829
-0.00136569
-0.00145313
-0.00144743
-0.00143666
-0.00142619
-0.00144137
-0.00147217
-0.00150206
-0.00151925
-0.00150749
-0.00149738
-0.00148718
-0.00157331
-0.00166462
-0.00175554
-0.00177802
-0.00175877
-0.00174188
-0.00165779
-0.00142114
-0.00119329
-0.000965205
-0.000549428
-0.000123728
0.000300942
0.000507054
0.00057978
0.000659859
0.000741644
0.000828385
0.000914753
0.00100105
0.00113219
0.00126569
0.00139891
0.0014089
0.0013437
0.00128274
0.00133021
0.00162487
0.00190552
0.00218664
0.00229915
0.00240216
0.00250558
0.00263395
0.00277752
0.00292009
0.00304809
0.00314302
0.00323966
0.0033361
0.00334681
0.00335271
0.00335887
0.003365
0.00337113
0.00337725
0.00340215
0.0034698
0.00353503
0.00360032
0.00369878
0.00379901
0.00389904
0.00388781
0.0038086
0.00373319
0.00372517
0.00387096
0.00400821
0.00414578
0.00425902
0.00437078
0.00448249
0.00445984
0.00435507
0.00425486
0.00418459
0.00418295
0.00417759
0.00417243
0.00411114
0.00404671
0.00398252
0.00391838
0.00385432
0.00379031
0.00373932
0.00371787
0.00369485
0.00367194
0.00387877
0.00409854
0.00431738
0.00430851
0.00416028
0.00401969
0.00386263
0.0036688
0.00347714
0.00328558
0.00310482
0.00292485
0.00274503
0.00278975
0.00297193
0.00314658
0.0033231
0.00350319
0.0036829
0.00386244
0.00352012
0.003148
0.00277786
0.00253456
0.00236911
0.00219971
0.00207344
0.00204473
0.00201088
0.00197734
0.00211902
0.00227073
0.00242176
0.00258515
0.00275604
0.00292636
0.00298179
0.00277563
0.00258347
0.00239079
0.00217561
0.00195931
0.0017433
0.00154089
0.00134689
0.00115265
0.00100258
0.000952832
0.000897876
0.00084325
0.0011157
0.00140705
0.00169711
0.00194224
0.00215969
0.00237835
0.00246567
0.00225413
0.00205839
0.00186204
0.00150542
0.00113968
0.000774806
0.000581487
0.000493537
0.000400201
0.00031773
0.000259236
0.000199559
0.000140005
-0.00010641
-0.000363646
-0.000620054
-0.000519568
-0.00019999
0.000107929
0.000429231
0.00078006
0.001129
0.00147768
0.00128889
0.00106834
0.000849652
0.000645139
0.000449466
0.000253539
0.000108635
7.97521e-05
4.49398e-05
1.04675e-05
-9.21419e-05
-0.000198721
-0.000304987
-0.000390668
-0.000463662
-0.00053723
-0.00060685
-0.000667638
-0.000728816
-0.000789911
-0.000444801
-7.56633e-05
0.000291872
0.00050065
0.000611712
0.000727637
0.000815628
0.000840658
0.000868863
0.000896879
0.000705458
0.000501004
0.000297418
7.37104e-05
-0.000162266
-0.000397382
-0.000589022
-0.000681728
-0.000779345
-0.000876615
-0.000900806
-0.000920555
-0.000940509
-0.00102923
-0.00116025
-0.00128899
-0.0013663
-0.00132617
-0.001292
-0.00125756
-0.00124277
-0.00122919
-0.00121555
-0.00100843
-0.000682296
-0.000362454
-0.000154822
-0.000203459
-0.000239214
-0.000275578
-0.000336113
-0.000398069
-0.000459893
-0.000566163
-0.00069976
-0.00083186
-0.00669176
-0.0256186
-0.0438756
-0.0135307
-0.000819954
-0.00152278
-0.00155789
-0.00157194
-0.00155089
-0.00153161
-0.00152075
-0.00152929
-0.00153685
-0.00154446
-0.0015577
-0.00157128
-0.00158482
-0.00160915
-0.0016401
-0.0016707
-0.00166701
-0.00158507
-0.00150708
-0.00142896
-0.00148717
-0.00155373
-0.00161981
-0.00168585
-0.00175183
-0.00181775
-0.00185176
-0.00181307
-0.00177798
-0.00174275
-0.00179218
-0.00184681
-0.00190114
-0.00188597
-0.00182794
-0.00177207
-0.00172313
-0.00169017
-0.00165647
-0.00162284
-0.001571
-0.00151807
-0.00146524
-0.00137259
-0.0012554
-0.00113952
-0.00104021
-0.000978731
-0.000915471
-0.00085236
-0.000902747
-0.000960175
-0.00101721
-0.00100895
-0.000960387
-0.000913825
-0.000880885
-0.000879206
-0.000876016
-0.000872902
-0.000637714
-0.00038819
-0.0001396
9.7387e-05
0.000327104
0.000556951
0.000774237
0.00096316
0.00115327
0.00134313
0.00146874
0.0015902
0.00171174
0.00171615
0.00164819
0.00158377
0.00155962
0.00162771
0.00169131
0.00175507
0.00174879
0.00173811
0.00172764
0.00174586
0.0017818
0.00181686
0.00183811
0.0018278
0.00181901
0.00181015
0.00196479
0.00212965
0.00229386
0.00241384
0.00250641
0.0026002
0.0026741
0.00270284
0.00273369
0.00276442
0.00288785
0.00301707
0.00314589
0.00313686
0.00304259
0.00295243
0.0028801
0.0028488
0.00281558
0.0027825
0.00269447
0.00260301
0.0025118
0.00242066
0.00232961
0.00223864
0.0021847
0.00221526
0.00224182
0.00226855
0.00221276
0.00215174
0.00209103
0.00205083
0.00202334
0.00199527
0.0019762
0.00197754
0.00197793
0.00197836
0.00205151
0.00212926
0.00220672
0.002268
0.00231923
0.00237088
0.00244337
0.00256357
0.00268144
0.00279931
0.00280244
0.00279817
0.00279425
0.00276328
0.00271558
0.0026687
0.00258991
0.00243821
0.00229003
0.00214182
0.00201988
0.00189973
0.00177961
0.00159568
0.00137229
0.00115092
0.000934967
0.000731318
0.000527289
0.000323466
0.000225922
0.000135354
4.45485e-05
5.73755e-06
-8.46185e-07
-8.90626e-06
-5.08944e-05
-0.000170589
-0.000286605
-0.000402683
-0.000423087
-0.000437247
-0.000451681
-0.00053025
-0.000648564
-0.00076495
-0.000830571
-0.000780098
-0.000734979
-0.000689657
-0.000777661
-0.000874297
-0.000970452
-0.00102341
-0.00104954
-0.00107688
-0.00110348
-0.00112855
-0.00115367
-0.00117876
-0.00119092
-0.00120223
-0.00121356
-0.001248
-0.00129676
-0.00134483
-0.00139524
-0.00145099
-0.00150644
-0.00156186
-0.0016855
-0.00181351
-0.00194122
-0.00202444
-0.00208001
-0.00213678
-0.00216225
-0.00211632
-0.00207366
-0.00203089
-0.00206686
-0.00210799
-0.00214885
-0.00222487
-0.00232268
-0.00241943
-0.00248153
-0.00246441
-0.00245087
-0.00243718
-0.00247698
-0.00252028
-0.00256339
-0.00253235
-0.00245525
-0.00238029
-0.00233953
-0.00237714
-0.00241121
-0.00244541
-0.00239896
-0.0023472
-0.00229573
-0.00223293
-0.00216313
-0.00209371
-0.00207055
-0.00215316
-0.00223099
-0.00230896
-0.00230543
-0.00229648
-0.00228778
-0.00231218
-0.00235715
-0.00240116
-0.00243928
-0.00246389
-0.00248908
-0.00251421
-0.00253766
-0.00256097
-0.00258428
-0.00256737
-0.00252547
-0.00248471
-0.00243067
-0.00234632
-0.00226338
-0.00218044
-0.00219021
-0.00220617
-0.00222184
-0.00212788
-0.00196576
-0.00180678
-0.00165819
-0.00153347
-0.00140781
-0.00128231
-0.00115335
-0.00102426
-0.000895297
-0.000740144
-0.000568753
-0.000398223
-0.000306217
-0.000393737
-0.00047333
-0.000553201
-0.000618587
-0.000682948
-0.000747299
-0.000733059
-0.000669926
-0.00060898
-0.00045474
-8.7208e-05
0.000270719
0.000628752
0.000683477
0.000717691
0.000752767
0.000961537
0.00127837
0.00159025
0.00175028
0.00156274
0.00139043
0.00121761
0.00139087
0.00158741
0.00178278
0.00208104
0.00244325
0.00280238
0.0029503
0.00261499
0.00230083
0.00198603
0.0021883
0.00242551
0.002661
0.00271862
0.0026654
0.00261699
0.00262389
0.00275776
0.00288606
0.0030145
0.00284204
0.00264923
0.00245747
0.00248335
0.00264484
0.00280037
0.00297915
0.0032107
0.0034398
0.00366881
0.00345409
0.00320927
0.00296594
0.00306046
0.00336552
0.00366134
0.00384695
0.00377973
0.00372334
0.00366653
0.00351999
0.00336741
0.00321521
0.00310256
0.00301459
0.00292565
0.00286198
0.00285598
0.00284753
0.0028392
0.00264106
0.00243006
0.00221977
0.00203966
0.00187842
0.00171652
0.00157418
0.00147635
0.00137673
0.00127727
0.00142258
0.00158463
0.00174583
0.00185328
0.00192714
0.00200236
0.00205038
0.00203635
0.00202495
0.00201345
0.00226762
0.00253992
0.00281123
0.00260605
0.00210364
0.00161412
0.00117373
0.000846548
0.000514895
0.000183706
6.59846e-05
-3.68897e-05
-0.000140299
-0.000240559
-0.000338841
-0.000437123
-0.000536997
-0.000640628
-0.000744016
-0.000847327
-0.000890972
-0.000930449
-0.000970066
-0.000952874
-0.000900229
-0.000849102
-0.000824838
-0.000862176
-0.000896925
-0.000931752
-0.000978867
-0.0010268
-0.00107466
-0.00107123
-0.00103576
-0.00100165
-0.00103286
-0.00121375
-0.00138829
-0.00156296
-0.00147862
-0.00137631
-0.00127483
-0.00126648
-0.00131633
-0.00136373
-0.00141476
-0.00147391
-0.00153267
-0.0015914
-0.00163492
-0.00167735
-0.00171979
-0.00173453
-0.00173197
-0.00173011
-0.00174238
-0.00178704
-0.00183034
-0.00187365
-0.0018824
-0.00188872
-0.00189514
-0.00187176
-0.00182978
-0.00178859
-0.0017586
-0.0017543
-0.00174895
-0.00174365
-0.00174267
-0.001742
-0.00174132
-0.00171691
-0.00167767
-0.00163907
-0.00160981
-0.00160197
-0.00159325
-0.00158458
-0.00160564
-0.00162877
-0.00165179
-0.00172133
-0.00181992
-0.00191726
-0.00197501
-0.00194205
-0.00191279
-0.00188341
-0.00194382
-0.00201052
-0.0020769
-0.0020344
-0.00192379
-0.00181602
-0.00168247
-0.00148999
-0.00130005
-0.00111017
-0.00111309
-0.00112963
-0.0011456
-0.00095721
-0.000641001
-0.000330191
-0.000187374
-0.000429663
-0.000656272
-0.000883329
-0.000729839
-0.00054951
-0.000370404
-0.000177531
2.38742e-05
0.000224775
0.000372767
0.000399683
0.000431425
0.00046295
0.00102248
0.00161908
0.00221372
0.00240393
0.00234089
0.00228802
0.00222575
0.00214284
0.00206082
0.00197884
0.00218375
0.00240893
0.00263313
0.00266248
0.00256981
0.00248207
0.00235677
0.00214572
0.00193824
0.00173079
0.00185976
0.00201264
0.00216444
0.00237745
0.0026287
0.00287823
0.00296843
0.00269356
0.00243334
0.00217276
0.0025057
0.00288082
0.00325397
0.00324417
0.00299444
0.00275438
0.00256748
0.00250309
0.00243393
0.002365
0.00250366
0.00265708
0.0028098
0.00277145
0.00261338
0.00246014
0.00233077
0.00225638
0.00217989
0.00210355
0.00227013
0.00245403
0.00263711
0.00243963
0.00200367
0.0015774
0.00125996
0.00119249
0.0011153
0.00103854
0.00125595
0.00149436
0.00173177
0.0017398
0.00160403
0.00147396
0.00139691
0.00144178
0.00148186
0.0015221
0.00131717
0.0010947
0.000873092
0.000735038
0.000649432
0.000561855
0.000446782
0.000268394
9.26013e-05
-8.31557e-05
-0.000241547
-0.000398575
-0.000555533
-0.00064266
-0.000685965
-0.000730932
-0.0007788
-0.000833515
-0.000887923
-0.000942301
-0.000961318
-0.000977763
-0.000994294
-0.00096311
-0.000902003
-0.000842096
-0.000803137
-0.000812259
-0.000819523
-0.000826853
-0.000887907
-0.000952816
-0.00101753
-0.00112272
-0.00125329
-0.00138279
-0.0014775
-0.00149249
-0.00151052
-0.00152842
-0.00148098
-0.00142882
-0.00137689
-0.00138415
-0.00142857
-0.00147153
-0.00150771
-0.00152824
-0.00154935
-0.00157042
-0.00154314
-0.00151237
-0.00148175
-0.00142826
-0.00136044
-0.00129322
-0.00118125
-0.000966664
-0.000756144
-0.000545629
-0.000595931
-0.000665228
-0.000733751
-0.000663401
-0.000505847
-0.000351723
-0.000229468
-0.000180462
-0.000128715
-7.71115e-05
8.13293e-05
0.000247473
0.0004132
0.000329006
8.7854e-05
-0.000147179
-0.000308056
-0.000298525
-0.000295439
-0.000292112
-0.000432842
-0.000584029
-0.000734708
-0.000760515
-0.000707856
-0.000658193
-0.000576671
-0.000422276
-0.000270741
-0.000119212
-0.000150186
-0.000194533
-0.000238345
-0.000124368
8.87433e-05
0.000297973
0.000401313
0.000261591
0.000131087
3.34975e-07
2.84654e-05
6.82592e-05
0.000107587
3.2585e-05
-0.000114266
-0.00025832
-0.000341348
-0.000284262
-0.000232453
-0.000180486
-0.000138294
-9.68496e-05
-5.54083e-05
-6.4164e-05
-0.000104474
-0.000143578
-8.53955e-05
0.000196076
0.000469028
0.000742093
0.000638283
0.000506724
0.000376294
0.000317512
0.000303823
0.000288471
0.000251722
0.000165716
8.1601e-05
-2.52216e-06
-5.0908e-06
-1.62677e-06
1.61134e-06
2.30238e-05
5.58557e-05
8.82411e-05
0.000159792
0.000321212
0.000479193
0.000637184
0.000473344
0.000285768
9.92055e-05
-4.1668e-05
-0.000153741
-0.000266792
-0.000328316
-0.000271784
-0.000219639
-0.000167372
-2.94161e-05
0.00011481
0.000258699
0.000359078
0.000432047
0.000505968
0.000651331
0.000960808
0.00126404
0.00156728
0.00155209
0.00151322
0.00147526
0.00140601
0.00131711
0.00122899
0.00110848
0.000913606
0.000721591
0.000529612
0.000754539
0.00101038
0.0012649
0.00125803
0.00108659
0.000921266
0.000858607
0.00103195
0.00119657
0.00136139
0.0012361
0.00108925
0.000943279
0.000833723
0.000747141
0.000659786
0.000614314
0.000664832
0.000711831
0.000758924
0.00102578
0.00130888
0.0015912
0.00160147
0.00144039
0.00128563
0.00114844
0.00105197
0.000954095
0.000856343
0.000856368
0.000863716
0.000870794
0.000754566
0.00056069
0.000369754
0.000246093
0.000276947
0.000302214
0.000327664
5.44883e-05
-0.000240915
-0.000535307
-0.000559606
-0.000413714
-0.000274039
-0.000137102
-6.83853e-06
0.000123571
0.000253882
0.000364315
0.000473184
0.00058203
0.000556651
0.000446694
0.000339843
0.000208046
1.91316e-05
-0.000167606
-0.000354287
-0.000420416
-0.000477428
-0.000534725
-0.000547197
-0.000531422
-0.000516665
-0.000478424
-0.000386328
-0.000296217
-0.0002061
-0.000433904
-0.000685537
-0.000936143
-0.00105794
-0.00109848
-0.00114187
-0.00111798
-0.000939827
-0.00076728
-0.000594656
-0.000637873
-0.000697365
-0.000756238
-0.000679146
-0.000516328
-0.00035666
-0.00026779
-0.000341612
-0.000409626
-0.000477798
-0.000609542
-0.000746014
-0.000882223
-0.000701832
-0.00032181
5.08996e-05
0.000227545
-4.63326e-05
-0.000304136
-0.000562325
-0.000329033
-5.86421e-05
0.000210252
0.000344661
0.000394173
0.000446634
0.000411015
0.000173397
-5.69585e-05
-0.000287408
-0.000247544
-0.000187186
-0.00012759
-0.000105622
-0.000107417
-0.000108378
-0.000165916
-0.000353331
-0.000536068
-0.000718842
-0.000776915
-0.000825471
-0.000874325
-0.000768126
-0.000564114
-0.000363659
-0.000254055
-0.00035323
-0.000445054
-0.00053707
-0.000408224
-0.00026264
-0.00011774
-7.61079e-05
-9.96803e-05
-0.000120968
-0.000173122
-0.000296013
-0.00041636
-0.000536712
-0.000623434
-0.000707538
-0.000791674
-0.000648636
-0.00036222
-8.09736e-05
6.28137e-05
-0.000109326
-0.000270403
-0.000431752
-0.000320935
-0.000189396
-5.86642e-05
-8.13965e-05
-0.000201041
-0.000317253
-0.000383676
-0.000335548
-0.000291407
-0.00024716
-0.000308007
-0.000376858
-0.000445386
-0.000428043
-0.000356467
-0.000286808
-0.000279728
-0.00041651
-0.000548249
-0.00068007
-0.000630827
-0.000567739
-0.000505171
-0.000398296
-0.000263473
-0.000129701
-0.000136141
-0.000464688
-0.000781968
-0.00109942
-0.00107897
-0.0010326
-0.000987148
-0.000982143
-0.00100271
-0.00102239
-0.000983085
-0.000808185
-0.000638036
-0.000467842
-0.000320907
-0.000175848
-3.08246e-05
-4.15481e-05
-0.000150685
-0.000256393
-0.000360278
-0.000459799
-0.0005594
-0.000658931
-0.000694395
-0.000724905
-0.000755562
-0.000598319
-0.00032236
-5.06213e-05
9.39598e-05
-5.37457e-05
-0.000191433
-0.000329366
-0.000446118
-0.000561166
-0.000676195
-0.000660572
-0.000562364
-0.000467019
-0.000378183
-0.000304447
-0.000230249
-0.000156118
-0.000114971
-7.63958e-05
-3.776e-05
-9.30692e-05
-0.000207761
-0.000320371
-0.000402784
-0.000415736
-0.00043102
-0.000446215
-0.000452649
-0.000458402
-0.000464174
-0.000506648
-0.000572321
-0.000637169
-0.000690435
-0.000717074
-0.00074459
-0.000772057
-0.000695006
-0.000609907
-0.000525134
-0.000397118
-0.000241787
-8.74751e-05
1.80802e-06
-5.8312e-05
-0.00011339
-0.0001686
-0.000120395
-6.41983e-05
-8.30665e-06
-0.000187615
-0.000515674
-0.000838546
-0.00102379
-0.000892592
-0.000772038
-0.000651209
-0.000842632
-0.00105819
-0.00127281
-0.00129471
-0.00119466
-0.00109873
-0.00101946
-0.000978707
-0.0009367
-0.000894762
-0.000597893
-0.000281372
3.42862e-05
-6.31302e-05
-0.000421943
-0.000771846
-0.000992485
-0.000915602
-0.000848631
-0.000781376
-0.000703255
-0.000624333
-0.000545489
-0.00771265
-0.0194644
-0.0310568
0.000628674
-0.000420584
-0.000387725
-0.000390625
-0.000110574
0.000191251
0.000492158
0.000629189
0.00066243
0.00069907
0.000676802
0.000519404
0.000366559
0.000213664
0.00016785
0.000130426
9.27511e-05
0.000108901
0.000159122
0.00020819
0.000233635
0.000204721
0.00017761
0.000150457
6.2631e-05
-2.989e-05
-0.000122196
7.16374e-06
0.000276872
0.000541809
0.000670876
0.000487422
0.000314311
0.000140975
3.86642e-05
-5.80247e-05
-0.000154834
-0.000175571
-0.000148125
-0.00012227
-0.000136918
-0.000244795
-0.000349562
-0.000454362
-0.000560269
-0.000666201
-0.000772064
-0.000856553
-0.000927483
-0.000998808
-0.00106454
-0.00111752
-0.00117087
-0.00122418
-0.00127011
-0.00131543
-0.00136074
-0.00131282
-0.00120583
-0.00110082
-0.00103967
-0.00107944
-0.00111591
-0.00115247
-0.00116708
-0.00117996
-0.00119289
-0.00126108
-0.00136428
-0.00146628
-0.00154337
-0.00156318
-0.00158483
-0.0016064
-0.00140505
-0.00118627
-0.000968183
-0.00101163
-0.00122085
-0.00142458
-0.00153273
-0.0014208
-0.00131603
-0.0012111
-0.00116821
-0.00113024
-0.00109214
-0.00102017
-0.00092676
-0.000834097
-0.000795562
-0.000881494
-0.000963378
-0.00104534
-0.00100539
-0.000955846
-0.000906639
-0.000894142
-0.000904929
-0.000914964
-0.000858852
-0.000650557
-0.000447262
-0.000243937
-0.00037234
-0.000526895
-0.000680516
-0.000614053
-0.000408026
-0.000206583
-2.89102e-05
9.39223e-05
0.000218425
0.000342795
0.000492311
0.000643733
0.000794998
0.000841432
0.000821369
0.000803433
0.000767366
0.000689737
0.000613479
0.000537225
0.000513443
0.000493833
0.000474103
0.000320563
8.21766e-05
-0.000153369
-0.000329099
-0.000367228
-0.00040969
-0.000451989
-0.000608556
-0.000774103
-0.000939262
-0.00106523
-0.00116629
-0.00126808
-0.00127435
-0.00106101
-0.000854738
-0.000648375
-0.000508641
-0.000374278
-0.000239831
-0.00032214
-0.000541966
-0.00075732
-0.000907078
-0.000905781
-0.00090924
-0.000912547
-0.000976011
-0.00104422
-0.00111225
-0.00118252
-0.0012542
-0.00132579
-0.00137452
-0.00137071
-0.00136855
-0.00136634
-0.00141626
-0.0014703
-0.00152417
-0.00141625
-0.00120565
-0.000998398
-0.000819289
-0.000705002
-0.000588759
-0.00047265
-0.000663673
-0.000879087
-0.0010936
-0.00115357
-0.00111538
-0.00108029
-0.00108315
-0.00117355
-0.00126116
-0.0013488
-0.00143631
-0.00152376
-0.00161116
-0.00168039
-0.00173808
-0.00179608
-0.00185653
-0.00192266
-0.00198858
-0.00205446
-0.00203152
-0.00200148
-0.00197169
-0.00194924
-0.00193147
-0.00191356
-0.00189692
-0.00188318
-0.00186935
-0.00185553
-0.0019199
-0.00199049
-0.00206084
-0.00208616
-0.00208285
-0.00208044
-0.00208592
-0.00210965
-0.00213279
-0.00215595
-0.00216291
-0.00216858
-0.00217428
-0.00217997
-0.00218567
-0.00219136
-0.00219617
-0.00219897
-0.00220183
-0.00220468
-0.00222191
-0.00224027
-0.00225859
-0.0022825
-0.00230994
-0.00233725
-0.0023578
-0.00236276
-0.00236821
-0.00237363
-0.00236835
-0.00236221
-0.0023561
-0.00235166
-0.00234829
-0.00234489
-0.00236097
-0.00242189
-0.0024814
-0.00254092
-0.00250949
-0.00247077
-0.00243229
-0.00244383
-0.00248717
-0.00252952
-0.00256204
-0.00257194
-0.00258252
-0.00259307
-0.00257067
-0.00254563
-0.00252068
-0.00250294
-0.0024898
-0.00247652
-0.00246847
-0.00247244
-0.00247604
-0.00247965
-0.00251075
-0.00254404
-0.00257724
-0.00258668
-0.00258101
-0.0025758
-0.00257945
-0.00260355
-0.002627
-0.00265047
-0.00266302
