0
0.00992099
0.00853196
0.00822722
0.00783293
0.00756744
0.00757313
0.00755634
0.00754144
0.00871145
0.00978159
0.0108582
0.0110823
0.0108098
0.0105787
0.0101733
0.00938338
0.00862635
0.00786787
0.00774509
0.0075704
0.00740026
0.00750055
0.00775877
0.00800366
0.00845852
0.00938343
0.0102685
0.0111554
0.0104184
0.0098147
0.00920112
0.00859072
0.00798197
0.00737408
0.00681201
0.00635183
0.00588415
0.00541784
0.00533241
0.0052164
0.00510304
0.00561992
0.00650509
0.00735923
0.00812468
0.00868662
0.00926398
0.00983918
0.00935667
0.00895955
0.00855624
0.00789797
0.00709049
0.0062962
0.00560426
0.00514341
0.0046649
0.00418856
0.00389834
0.00359382
0.00329091
0.00305018
0.00284609
0.00263943
0.0026223
0.00303089
0.00340523
0.00378168
0.00440263
0.00500335
0.00560472
0.00556514
0.00514968
0.00476438
0.00438159
0.00400918
0.00363654
0.00326451
0.00272994
0.00220891
0.00168764
0.00129175
0.000969677
0.000642358
0.000392363
0.000314886
0.000224125
0.000134536
0.000572633
0.000969145
0.00136826
0.00170402
0.0020025
0.0023034
0.00254327
0.00264673
0.00276054
0.00287338
0.00270625
0.00256091
0.00241413
0.00206376
0.0015937
0.00113355
0.000710257
0.000370878
2.55974e-05
-0.000318704
-0.000582006
-0.00085109
-0.00111932
-0.00133288
-0.00151408
-0.00169747
-0.00164743
-0.00107202
-0.000537365
-4.31268e-07
0.00043605
0.00087948
0.00132171
0.00163587
0.00187429
0.00211807
0.00219779
0.00190903
0.00164847
0.00138618
0.000769721
0.000180818
-0.000409271
-0.000843377
-0.00118527
-0.00153357
-0.00180323
-0.00189737
-0.0020045
-0.0021105
-0.00215153
-0.00219735
-0.00224274
-0.00227004
-0.00228662
-0.00230398
-0.00235505
-0.00248234
-0.00260377
-0.00272547
-0.00269916
-0.00268386
-0.00266777
-0.00238924
-0.00195564
-0.00153414
-0.00101642
-0.00028287
0.000433698
0.00115046
0.00137173
0.0016291
0.00188345
0.00192904
0.00185091
0.00178197
0.00158791
0.00111291
0.000659159
0.000204517
-0.000183511
-0.000575836
-0.000967274
-0.00122405
-0.00140088
-0.00158328
-0.00164071
-0.00141732
-0.00121465
-0.00101077
-0.000150359
0.000661229
0.00147518
0.00221286
0.00290509
0.0035996
0.00408291
0.004091
0.00413335
0.00417317
0.00407625
0.0039893
0.00390176
0.00381797
0.0037364
0.00365479
0.00348468
0.00311449
0.00275916
0.00240328
0.00206539
0.00172671
0.00138856
0.00136203
0.00152062
0.0016658
0.00195537
0.00256919
0.00315909
0.00374985
0.00398915
0.00425304
0.00451481
0.00468493
0.0048004
0.00491956
0.00495928
0.00482029
0.0046941
0.0045672
0.00429725
0.00403776
0.0037779
0.0033715
0.00287809
0.00239148
0.00197333
0.00171014
0.00143646
0.0011639
0.00103191
0.000890274
0.000749511
0.000795339
0.0009523
0.00110129
0.00147426
0.00235255
0.00319446
0.00403773
0.00422586
0.00438663
0.00454907
0.00456365
0.00449018
0.00442291
0.00426859
0.00391832
0.00358208
0.00324534
0.00273748
0.00222308
0.00170983
0.00134372
0.00106558
0.000781783
0.000526897
0.000335977
0.000140928
-5.3569e-05
-0.000154429
-0.000251192
-0.000348104
-0.000431193
-0.000505999
-0.000581269
-0.000664727
-0.000766919
-0.000867694
-0.000968429
-0.000999572
-0.00102769
-0.00105598
-0.000795193
-0.000361824
5.92484e-05
0.000475418
0.000879308
0.00128348
0.00168709
0.00171657
0.0017298
0.0017441
0.00161846
0.00140924
0.00120594
0.000999672
0.000787245
0.000575517
0.000364027
0.000249235
0.000138814
2.82473e-05
-8.09423e-05
-0.000189266
-0.000297503
-0.000275917
3.9355e-05
0.000334587
0.000630763
0.00131171
0.00200887
0.00270403
0.00296503
0.00296585
0.00298397
0.00296264
0.00285467
0.0027526
0.00265027
0.00244396
0.00223325
0.00202311
0.0016653
0.00121918
0.000779485
0.000490262
0.000541998
0.00057119
0.000601829
0.000821751
0.00104996
0.00127733
0.0015176
0.00176545
0.00201249
0.00226386
0.00252537
0.00278588
0.00304611
0.00300862
0.00295761
0.00290754
0.0025418
0.0019868
0.00144486
0.00101018
0.000819528
0.00061325
0.000408257
0.000636988
0.000885397
0.00113221
0.00146016
0.00183663
0.00220947
0.00251116
0.00265173
0.00280254
0.00295248
0.00287252
0.00278199
0.00269225
0.002544
0.00236068
0.00217986
0.00196505
0.00167327
0.0013868
0.00110036
0.0010999
0.00111283
0.00112487
0.00151294
0.00212694
0.0027257
0.00319501
0.00336959
0.00356277
0.00375451
0.00366317
0.00355857
0.00345494
0.00324498
0.00297115
0.00270173
0.00240967
0.00206649
0.00172699
0.00138768
0.00123416
0.00108967
0.000944781
0.000872508
0.00084398
0.000812726
0.00100019
0.00168316
0.00233405
0.00298614
0.0032821
0.00356064
0.00383993
0.00386413
0.00373464
0.00361495
0.00342565
0.00307969
0.00274398
0.00240805
0.00191789
0.00142081
0.000924787
0.00052692
0.000188455
-0.00015329
-0.000447227
-0.000633759
-0.000826743
-0.00101909
-0.0011863
-0.0013521
-0.00151779
-0.00161221
-0.0016636
-0.00171759
-0.00174789
-0.00172491
-0.00170526
-0.00168542
-0.00174425
-0.00180688
-0.0018692
-0.00194828
-0.00203743
-0.00212585
-0.00220468
-0.00226178
-0.00232015
-0.00237838
-0.00245333
-0.00252902
-0.00260458
-0.00238371
-0.00198382
-0.00159537
-0.00126861
-0.00108286
-0.000888725
-0.000695337
-0.000899245
-0.00112277
-0.00134484
-0.00164312
-0.00198731
-0.00232828
-0.00260383
-0.00273094
-0.00286692
-0.00300219
-0.00298325
-0.00297368
-0.00296355
-0.00298302
-0.00302037
-0.00305659
-0.00308928
-0.00311386
-0.0031389
-0.00316388
-0.00317645
-0.00318839
-0.00320034
-0.00307116
-0.0028566
-0.00264742
-0.00238712
-0.00201116
-0.00164258
-0.00127401
-0.000976956
-0.000683871
-0.000390898
-0.000185263
-3.26159e-05
0.000123015
0.000251543
0.000319184
0.000390375
0.00046127
0.000152431
-0.000175597
-0.000502093
-0.000768839
-0.000999206
-0.00123146
-0.00133024
-0.00112647
-0.000940869
-0.000754415
-9.94401e-05
0.000579094
0.00125543
0.00168288
0.00195913
0.00224398
0.00243734
0.00242451
0.00242383
0.00242245
0.00243073
0.00243951
0.00244825
0.00232345
0.00211766
0.00191687
0.00173808
0.00160962
0.00147836
0.00134742
0.0021161
0.00293115
0.00374254
0.00419848
0.0044383
0.00469046
0.00482243
0.00468338
0.00456028
0.00443639
0.00423463
0.00402896
0.00382375
0.0037803
0.00383515
0.00388424
0.00395306
0.00406607
0.00417639
0.00428673
0.00463206
0.00498953
0.00534588
0.00551292
0.0055648
0.00562326
0.00562018
0.0054782
0.00534437
0.00521023
0.00494231
0.00466751
0.00439342
0.00415822
0.0039468
0.00373425
0.00365443
0.00387589
0.00407986
0.0042846
0.00455895
0.00483677
0.00511408
0.00510155
0.00491267
0.00473405
0.00447223
0.00402231
0.00358361
0.00314477
0.00299154
0.00285392
0.00271557
0.00267132
0.00268435
0.00269411
0.00282392
0.00322634
0.00361287
0.00399986
0.00426655
0.00452642
0.00478639
0.00475465
0.00454524
0.00434609
0.00409672
0.00373418
0.00337842
0.00302268
0.00270007
0.0023796
0.00205937
0.0019313
0.0019204
0.00190295
0.00202543
0.00246537
0.00288705
0.00330928
0.00365326
0.00399259
0.0043318
0.00424552
0.00389981
0.00356894
0.00322398
0.00284836
0.00247486
0.00210167
0.00180609
0.00151511
0.0012242
0.00101332
0.000851342
0.000686832
0.000707975
0.00115101
0.0015702
0.00199025
0.00247467
0.00296219
0.003449
0.00355803
0.0034364
0.00332762
0.00314535
0.00279735
0.00245885
0.0021202
0.00176473
0.00140866
0.00105302
0.000829474
0.000686692
0.000539637
0.000623511
0.00123226
0.00181162
0.00239194
0.00279296
0.00318349
0.00357418
0.00354263
0.00325311
0.00297797
0.00271259
0.00247086
0.0022281
0.00198566
0.0016001
0.00120681
0.000814371
0.00063453
0.000584751
0.000527974
0.000651021
0.00118253
0.00169134
0.00220084
0.00252233
0.00283283
0.00314358
0.00308977
0.00281299
0.00254854
0.0022581
0.00190964
0.00156468
0.0012199
0.000953629
0.000692098
0.000430593
0.000292403
0.000229721
0.000163055
0.000282278
0.000824253
0.001343
0.00186244
0.00212189
0.00236616
0.00261098
0.00254665
0.0022931
0.00204991
0.00177151
0.00141384
0.00106078
0.00070784
0.000397408
8.97243e-05
-0.000217778
-0.000405168
-0.000518917
-0.000636454
-0.000713254
-0.000697887
-0.000687421
-0.000676706
-9.11005e-05
0.000527314
0.00114334
0.00141096
0.00146491
0.00153009
0.00149622
0.00123816
0.000992184
0.000745835
0.00041803
8.57805e-05
-0.000245886
-0.000539952
-0.000810844
-0.00108267
-0.00130995
-0.00143622
-0.00156765
-0.00169867
-0.00176193
-0.00182116
-0.00188054
-0.00173824
-0.00147232
-0.00121313
-0.000917551
-0.000539523
-0.000166191
0.000206997
0.000168409
0.000105622
4.41593e-05
-0.000103393
-0.000303674
-0.000501007
-0.000749625
-0.00111505
-0.00147403
-0.00183297
-0.00196009
-0.00207338
-0.00218728
-0.00225585
-0.0022966
-0.00233874
-0.00235757
-0.00232348
-0.00229215
-0.00226072
-0.00195417
-0.00163157
-0.00131013
-0.00111723
-0.00100337
-0.000885568
-0.000840397
-0.000960175
-0.00107136
-0.00118287
-0.00145838
-0.00174343
-0.00202769
-0.00219155
-0.00228134
-0.00237483
-0.00244775
-0.00247435
-0.00250329
-0.00253207
-0.00259233
-0.00265441
-0.00271634
-0.00252615
-0.00218104
-0.00184417
-0.0015319
-0.00127622
-0.00101793
-0.000760034
-0.000639056
-0.000526429
-0.000413493
-0.000503527
-0.00071834
-0.000926615
-0.00118177
-0.00154335
-0.00189918
-0.00225494
-0.00240282
-0.002538
-0.00267368
-0.00275875
-0.00281267
-0.0028681
-0.00290554
-0.00290219
-0.0029009
-0.0028995
-0.00286795
-0.00283459
-0.00280136
-0.00280923
-0.0028424
-0.00287426
-0.00290541
-0.00293481
-0.00296427
-0.0029937
-0.00253419
-0.00204529
-0.00155835
-0.00129067
-0.00115815
-0.00101902
-0.0069593
-0.0267677
-0.0458654
-0.0136655
-0.000361796
-0.00123305
-0.00139857
-0.00161616
-0.0018424
-0.00206798
-0.00223347
-0.00226209
-0.00229746
-0.00233246
-0.00236443
-0.00239618
-0.00242791
-0.00224021
-0.00191734
-0.00160146
-0.00124926
-0.000814542
-0.000384325
4.56889e-05
0.00019456
0.000325957
0.000458086
0.000505939
0.000501846
0.000500311
0.000440563
0.000248262
6.26576e-05
-0.000123094
-0.000201612
-0.000273422
-0.00034549
-3.19346e-05
0.000519339
0.00105844
0.00151107
0.00176565
0.00202966
0.00229295
0.00242382
0.00254633
0.00266913
0.00269788
0.0026686
0.00264217
0.00262445
0.0026269
0.00262836
0.00262987
0.0027798
0.00293887
0.00309734
0.00327862
0.00347388
0.00366828
0.00378125
0.00370846
0.00364474
0.00358063
0.00365323
0.00373433
0.00381494
0.00389199
0.00396679
0.00404163
0.00416247
0.00438841
0.00460907
0.00482977
0.00487953
0.0049185
0.00495794
0.00493358
0.00486983
0.00480803
0.00472135
0.00457801
0.00443753
0.00429705
0.00402872
0.00375255
0.00347702
0.00342508
0.00351135
0.00359093
0.00367674
0.00377614
0.00387479
0.00397338
0.00396171
0.00394306
0.00392477
0.00365649
0.00323379
0.00281882
0.00244669
0.00217271
0.00189434
0.00161643
0.00155457
0.0015065
0.00145783
0.00148154
0.00154998
0.00161625
0.00176121
0.00208573
0.00240146
0.00271731
0.00277676
0.00281982
0.00286361
0.00248234
0.00183825
0.00120715
0.000697292
0.000465011
0.000219898
-2.43811e-05
-0.000117876
-0.000201637
-0.000285776
-0.000350205
-0.000402426
-0.000455171
-0.0004528
-0.000324643
-0.000202491
-8.01725e-05
0.000169188
0.000426503
0.000683205
0.000963463
0.0012582
0.00155198
0.00161658
0.00115779
0.000723816
0.000289088
5.94209e-05
-0.000156845
-0.000373533
-0.000573947
-0.000764234
-0.000954814
-0.00110209
-0.00115068
-0.0012038
-0.00125666
-0.00097499
-0.000671922
-0.000370125
-0.000195535
-9.98444e-05
-5.96181e-07
0.000163913
0.000478061
0.000785014
0.00109201
0.000480801
-0.000189481
-0.000856424
-0.00122574
-0.00141038
-0.00160335
-0.00174895
-0.00178741
-0.00183076
-0.00187384
-0.00191064
-0.001947
-0.00198334
-0.00205382
-0.00214543
-0.00223599
-0.00231921
-0.00238565
-0.0024528
-0.00251985
-0.00257882
-0.00263722
-0.00269559
-0.00272653
-0.00274046
-0.00275515
-0.0027387
-0.00265114
-0.0025669
-0.00248259
-0.00259442
-0.00271901
-0.00284291
-0.00292049
-0.00296929
-0.00301935
-0.00307604
-0.00314807
-0.00321934
-0.00329058
-0.00335519
-0.00341931
-0.00348339
-0.00353262
-0.00357261
-0.00361299
-0.0036362
-0.00362024
-0.00360606
-0.00359181
-0.00360303
-0.00361592
-0.00362872
-0.00366033
-0.00370361
-0.00374632
-0.00377355
-0.00376534
-0.00375874
-0.00375207
-0.00378442
-0.00381932
-0.00385407
-0.00384807
-0.00381676
-0.00378661
-0.0037492
-0.00369527
-0.00364212
-0.00358899
-0.00357706
-0.00356788
-0.00355859
-0.00355822
-0.00356341
-0.00356834
-0.0035803
-0.00360829
-0.00363554
-0.00366281
-0.00366418
-0.00366384
-0.00366358
-0.00366088
-0.00365669
-0.00365256
-0.00364846
-0.00364442
-0.00364038
-0.00363634
-0.00369743
-0.00376281
-0.00382795
-0.00371058
-0.00347979
-0.00325421
-0.00312066
-0.00319786
-0.0032657
-0.00333389
-0.00333908
-0.00334005
-0.0033412
-0.00304946
-0.00257568
-0.00211032
-0.00168302
-0.0013431
-0.000999636
-0.000656634
-8.9954e-05
0.000491292
0.00107139
0.00153072
0.00191477
0.00230177
0.00258975
0.00265193
0.00272393
0.00279543
0.00299288
0.00319864
0.00340387
0.0034717
0.00345401
0.00344006
0.00352489
0.00383607
0.00413712
0.00443835
0.00453677
0.00462143
0.00470661
0.00470245
0.00464269
0.0045854
0.00453698
0.00450905
0.00448026
0.00445153
0.00452955
0.00461472
0.00469952
0.00469303
0.00462971
0.00456889
0.00449104
0.00437435
0.00425945
0.00414457
0.00404891
0.00395463
0.00386037
0.00379204
0.00373986
0.00368704
0.00362603
0.00354617
0.00346718
0.00338823
0.00334695
0.00330827
0.00326951
0.00327913
0.00331887
0.0033573
0.00341767
0.0035282
0.00363648
0.00374477
0.00355177
0.00333835
0.00312598
0.00297663
0.00286663
0.00275504
0.00259083
0.00230586
0.00202629
0.00174672
0.00156048
0.00138077
0.00120093
0.00115884
0.00120264
0.00124275
0.00122153
0.00105963
0.000903827
0.0007479
0.000588846
0.000429696
0.000270686
0.000201866
0.000189305
0.000174374
0.000134694
3.81094e-05
-5.59897e-05
-0.000150114
-0.000244531
-0.000338897
-0.000433185
-0.000432349
-0.000372183
-0.000314568
-0.000280456
-0.000300342
-0.000317939
-0.000335618
-0.000558989
-0.000796376
-0.00103298
-0.00115797
-0.00121328
-0.00127146
-0.00132413
-0.00136451
-0.00140537
-0.00144618
-0.0015121
-0.00157971
-0.0016472
-0.00152537
-0.00128542
-0.00105061
-0.000981141
-0.00129051
-0.00158383
-0.00187756
-0.00187359
-0.00184898
-0.00182525
-0.00186207
-0.00193669
-0.00200967
-0.00206143
-0.00206454
-0.00206966
-0.0020747
-0.00218292
-0.00229823
-0.00241316
-0.00250915
-0.0025933
-0.00267787
-0.00277544
-0.00290295
-0.00302911
-0.00315523
-0.0031225
-0.00307874
-0.00303546
-0.00297344
-0.00289973
-0.00282657
-0.00273737
-0.00261141
-0.00248706
-0.00236276
-0.0025528
-0.00276466
-0.00297544
-0.00294611
-0.00276675
-0.00259371
-0.00235219
-0.00195425
-0.00156306
-0.00117191
-0.00147781
-0.00183228
-0.00218447
-0.00214781
-0.0018681
-0.00159856
-0.00130279
-0.000947608
-0.00059514
-0.00024285
-0.000429868
-0.000654589
-0.000877588
-0.000806837
-0.00055244
-0.000305735
-3.38669e-05
0.000295181
0.000621633
0.000947926
0.00116677
0.0013779
0.00158917
0.00170425
0.00175917
0.00181649
0.00191824
0.00212206
0.00232157
0.0025211
0.00257261
0.00261365
0.00265508
0.00268837
0.00271657
0.00274495
0.00276483
0.00276529
0.00276653
0.00276774
0.00324978
0.00376544
0.00427933
0.00415411
0.00362903
0.00312048
0.00272285
0.0025804
0.0024278
0.00227574
0.0025249
0.00280231
0.00307836
0.00322218
0.00328319
0.00334747
0.00328613
0.0029373
0.00260026
0.00226302
0.00226139
0.00228358
0.0023048
0.00248446
0.00276322
0.0030378
0.00304315
0.00243142
0.0018448
0.00125764
0.000923919
0.000608463
0.000292531
0.00022658
0.000317141
0.000401405
0.000393508
0.000173895
-3.71312e-05
-0.000248331
0.000297947
0.000897844
0.00149514
0.00152253
0.00119295
0.00087777
0.000608145
0.000443924
0.000275662
0.000107692
-2.36584e-06
-0.000108208
-0.000214132
-0.000362337
-0.000536989
-0.000710459
-0.000851268
-0.000917286
-0.000986199
-0.00105494
-0.000838802
-0.00060241
-0.000367001
-0.000240457
-0.000182182
-0.00012127
-0.000128673
-0.000292372
-0.000449806
-0.000607362
-5.45403e-05
0.000548876
0.00114984
0.00142697
0.00150101
0.00158295
0.00145415
0.000842994
0.000251184
-0.000340919
-0.000615736
-0.000867544
-0.00112005
-0.00119776
-0.00116589
-0.00113831
-0.00113492
-0.00118733
-0.00123753
-0.00128778
-0.00136915
-0.0014527
-0.00153611
-0.00162087
-0.00170645
-0.00179194
-0.00173951
-0.00137094
-0.00101492
-0.000658692
-0.000600402
-0.000563668
-0.000526129
-0.00026965
0.000124096
0.000512225
0.000863603
0.00113061
0.00140066
0.00167039
0.00183803
0.00199816
0.00215845
0.00228705
0.00239574
0.00250511
0.00233216
0.00151199
0.000717376
-7.761e-05
-0.000313127
-0.000507911
-0.000704111
-0.000895913
-0.00108494
-0.00127393
-0.00142718
-0.00149862
-0.00157315
-0.00164751
-0.00166017
-0.00166833
-0.00167667
-0.00162721
-0.0015415
-0.00145725
-0.00114837
-0.000324383
0.000479293
0.00128313
0.00118648
0.00102432
0.000864783
0.000467422
-7.90739e-05
-0.00061947
-0.00101356
-0.00107209
-0.00114334
-0.00121406
-0.00129195
-0.0013703
-0.00144858
-0.00148535
-0.00149605
-0.00150773
-0.00125907
-0.000413344
0.000409099
0.0012318
0.0016307
0.00199835
0.00236691
0.00256999
0.00266911
0.00277208
0.00286922
0.00295338
0.00303798
0.0031225
0.00299832
0.00285893
0.00272023
0.00272214
0.00281242
0.00289931
0.0029778
0.00303684
0.00309657
0.00315624
0.00239395
0.00157186
0.000752631
0.000281564
2.94584e-05
-0.000230677
-0.000441586
-0.000540521
-0.000643581
-0.000746408
-0.00077238
-0.000792682
-0.000813181
-0.000694164
-0.000487494
-0.000284256
-0.000162396
-0.000227339
-0.000285256
-0.000343392
-0.000380726
-0.000416505
-0.000452314
-0.000570802
-0.000741237
-0.00090961
-0.000876259
-0.000380043
9.85768e-05
0.000577496
0.000492491
0.00036592
0.000240987
-4.06065e-05
-0.000420597
-0.000796654
-0.000997247
-0.000795249
-0.000608329
-0.000420988
-0.000207291
8.21549e-06
0.000223496
0.000107557
-0.000216673
-0.000532959
-0.000799112
-0.000949843
-0.00110473
-0.00125934
-0.00139408
-0.00152725
-0.00166038
-0.00156949
-0.0013377
-0.00111127
-0.000872907
-0.000607386
-0.000343061
-7.88854e-05
-0.000270841
-0.000496527
-0.000720808
-0.000963679
-0.00121815
-0.00147201
-0.00160293
-0.00145188
-0.00131129
-0.00117041
-0.000782834
-0.000377164
2.75466e-05
5.59811e-05
-0.000152422
-0.00035201
-0.000512846
-0.000584179
-0.000658731
-0.00073311
-0.000607419
-0.000466905
-0.000327035
9.85473e-05
0.00070386
0.00130218
0.00182863
0.0021901
0.00255731
0.00292404
0.00281478
0.00267007
0.00252676
0.00252818
0.00262078
0.00270999
0.00251436
0.00166465
0.000839295
1.36505e-05
8.5592e-05
0.000224588
0.000361055
0.000254608
-4.85052e-06
-0.000258585
-0.000230796
0.000443498
0.00109394
0.00174477
0.00194371
0.00210867
0.00227474
0.00204973
0.00157847
0.00111642
0.000725043
0.000496255
0.000261776
2.76712e-05
-3.42763e-05
-8.32674e-05
-0.000132689
-4.80817e-05
0.000120936
0.0002868
0.00031459
2.52737e-05
-0.000252457
-0.000530404
-0.000461029
-0.000365599
-0.00027117
-0.000403395
-0.000678437
-0.000948171
-0.00106801
-0.000843486
-0.000631438
-0.000419096
-0.000514676
-0.000633373
-0.00075116
-0.000537962
-0.000116183
0.000297857
0.000691107
0.00103637
0.0013831
0.00172952
0.00100878
0.000208012
-0.000589335
-0.00096984
-0.00108739
-0.00121421
-0.00132001
-0.00137845
-0.00143853
-0.00149851
-0.00154855
-0.00159781
-0.00164706
-0.00168918
-0.00172681
-0.00176457
-0.00162891
-0.00109506
-0.000575679
-5.61513e-05
0.000239545
0.000518122
0.000797107
0.000828705
0.000704288
0.000585464
0.000393537
3.40746e-05
-0.000319229
-0.000672501
-0.000862583
-0.00104018
-0.00121809
-0.00131333
-0.00135642
-0.00140131
-0.00141189
-0.00134385
-0.00127861
-0.00121333
-0.000446495
0.000373114
0.0011903
0.00115591
0.000584217
3.17473e-05
-0.000427571
-0.000671884
-0.000923552
-0.00117479
-0.00130609
-0.00142818
-0.00155052
-0.00114992
-0.00041943
0.000299031
0.000628035
6.21723e-05
-0.000472083
-0.00100707
-0.00104533
-0.00104574
-0.00104748
-0.00119287
-0.00142893
-0.00166168
-0.00183055
-0.00185268
-0.00187989
-0.00190691
-0.00159651
-0.00126056
-0.000925733
-0.000321716
0.000452071
0.00121944
0.00175133
0.00174248
0.00175237
0.00176161
0.00178246
0.00180419
0.00182588
0.00172558
0.00154829
0.00137378
0.00110853
0.000634898
0.000168785
-0.000297266
-0.000450637
-0.000579989
-0.00071008
-0.000831911
-0.000948515
-0.00106522
-0.00116163
-0.00121156
-0.00126305
-0.00131445
-0.00141321
-0.00151555
-0.0016177
-0.00152247
-0.0013026
-0.00108716
-0.000901221
-0.000783227
-0.000662984
-0.0005429
-1.77571e-05
0.000538154
0.00109263
0.00114588
0.000882412
0.000629959
0.000321385
-0.000115487
-0.000547677
-0.000979732
-0.00109686
-0.0011897
-0.00128331
-0.00136939
-0.00145071
-0.00153214
-0.00161817
-0.00171486
-0.00181113
-0.00190735
-0.00145502
-0.000960735
-0.000468215
-0.000118111
0.000141864
0.000404724
0.000432114
-8.11225e-05
-0.000575666
-0.00107051
-0.000951934
-0.000786139
-0.000622057
-0.000365641
-5.09543e-05
0.000261547
0.000532839
0.000709544
0.000889327
0.00106889
0.00129119
0.00151666
0.00174187
0.00178892
0.00172332
0.00166156
0.00156427
0.00138556
0.00120971
0.00103388
0.000917523
0.000805837
0.00069407
0.000363978
-0.0001041
-0.000567224
-0.000912089
-0.000985188
-0.00106737
-0.00114919
-0.00126257
-0.00137834
-0.00149394
-0.00153265
-0.00152271
-0.00151441
-0.00149667
-0.00145737
-0.00141881
-0.00138025
-0.000901763
-0.000389442
0.000121406
0.000429603
0.000609505
0.000793573
0.000789507
0.000353504
-6.7796e-05
-0.000489305
-0.000778718
-0.0010577
-0.00133684
-0.00144924
-0.00145612
-0.0014665
-0.00148194
-0.00150931
-0.00153627
-0.00156321
-0.00155648
-0.00154712
-0.00153786
-0.00141693
-0.00122536
-0.00103626
-0.000759078
-0.000279446
0.000193158
0.000665681
0.00017376
-0.000392991
-0.00095689
-0.00857478
-0.0206556
-0.0325808
-0.000423545
-0.00160177
-0.00167794
-0.00179046
-0.00149338
-0.00116466
-0.000837194
-0.000824731
-0.0010117
-0.00119198
-0.00125093
-0.00103061
-0.00081962
-0.000608466
-0.000654463
-0.000720518
-0.000785869
-0.00073226
-0.000603328
-0.000476955
-0.000379549
-0.000348827
-0.000315936
-0.000283138
-6.51749e-05
0.000167144
0.00039884
0.000673297
0.00097476
0.00127514
0.00133088
0.000824306
0.00033646
-0.000151679
-0.000410726
-0.00065168
-0.000893068
-0.00107312
-0.00121431
-0.00135666
-0.00146391
-0.00149063
-0.00151996
-0.00154918
-0.00132863
-0.00108861
-0.000849389
-0.000802646
-0.000877864
-0.000949066
-0.00106217
-0.00127137
-0.00147731
-0.00168323
-0.00161581
-0.00152696
-0.00143886
-0.00102987
-0.000417672
0.000187539
0.000611746
0.000619722
0.000641176
0.00066218
0.000647584
0.000630194
0.000612906
0.000258099
-0.000310513
-0.000871847
-0.00129053
-0.00138109
-0.00148218
-0.00158287
-0.00162739
-0.00166746
-0.00170765
-0.00175485
-0.00180647
-0.00185792
-0.00190972
-0.00196236
-0.00201494
-0.00206749
-0.00190833
-0.00173258
-0.00155747
-0.00156299
-0.00168301
-0.00179928
-0.00187743
-0.00186771
-0.00186082
-0.00185384
-0.00185106
-0.00184862
-0.00184616
-0.00183264
-0.00181211
-0.00179182
-0.00164973
-0.00122753
-0.000814563
-0.000401561
-0.000331957
-0.00028954
-0.000246282
-0.000157798
-4.06361e-05
7.55356e-05
4.50963e-05
-0.000322532
-0.000679178
-0.00103595
-0.00121573
-0.0013814
-0.00154741
-0.00169016
-0.00181813
-0.00194649
-0.00204413
-0.00207122
-0.00210055
-0.00212978
-0.00170601
-0.00124658
-0.000788574
-0.000607693
-0.000602665
-0.000592065
-0.000518256
-0.000298631
-8.37636e-05
0.000131118
-0.00033876
-0.000862717
-0.00138463
-0.0016826
-0.00183839
-0.00199858
-0.00210911
-0.00210588
-0.00210625
-0.0021065
-0.00211366
-0.00212137
-0.00212906
-0.00206624
-0.0019587
-0.00185263
-0.00164305
-0.00119536
-0.000755449
-0.000315569
-0.000632281
-0.00100901
-0.00138362
-0.00158092
-0.00166562
-0.0017538
-0.00182024
-0.00183697
-0.00185525
-0.00187346
-0.00192213
-0.0019732
-0.00202416
-0.00206826
-0.00210799
-0.00214783
-0.00213591
-0.00200494
-0.00187777
-0.00175056
-0.00148261
-0.00120359
-0.000925092
-0.000908516
-0.00105823
-0.00120266
-0.00137531
-0.0016126
-0.00184774
-0.00208279
-0.0021654
-0.00223578
-0.0023065
-0.00238679
-0.00247315
-0.00255926
-0.00263741
-0.00269726
-0.00275764
-0.00281798
-0.00281984
-0.00281702
-0.00281435
-0.00279927
-0.0027763
-0.00275359
-0.0027155
-0.00264199
-0.00256962
-0.00249726
-0.00255217
-0.00261722
-0.00268193
-0.00273873
-0.00279049
-0.00284237
-0.00288583
-0.00290995
-0.00293466
-0.00295933
-0.00296702
-0.00297335
-0.00297972
-0.00295412
-0.00290821
-0.00286295
-0.00285156
-0.00291808
-0.00298216
-0.00304628
-0.00306098
-0.00307171
-0.00308255
-0.00308556
-0.00308358
-0.00308177
-0.00307995
-0.00307816
-0.00307637
-0.00307457
-0.00309284
-0.00311271
-0.00313252
-0.00314062
-0.00314126
-0.00314214
-0.00313812
-0.00312288
-0.00310798
-0.00309309
-0.00316291
-0.0032395
-0.00331584
-0.00333213
-0.00331024
-0.00328954
-0.00328408
-0.00331377
-0.00334236
-0.00337098
-0.00334551
-0.0033157
-0.00328605
-0.00329352
-0.0033246
-0.00335493
-0.00337505
-0.00337162
-0.00336891
-0.00336618
-0.0033916
-0.00341927
-0.00344685
-0.00345564
-0.00345249
-0.0034497
-0.00345012
-0.00345799
-0.00346562
-0.00347326
-0.00349601
