0
0.011311
0.0100708
0.00971715
0.00929045
0.0089437
0.00876151
0.00856599
0.00837189
0.00853672
0.00867161
0.00880874
0.00864826
0.00831461
0.00799577
0.0077548
0.00769099
0.00761272
0.00753577
0.00727774
0.00703497
0.00679134
0.00671461
0.00673522
0.00674784
0.00676406
0.00678688
0.00680912
0.00683138
0.00650333
0.00620429
0.00590338
0.00548366
0.00499469
0.00451212
0.00407913
0.00375781
0.00342799
0.00309939
0.00356732
0.00397025
0.00437778
0.00455224
0.00459062
0.00463987
0.00462245
0.00445719
0.00430405
0.00415019
0.00363406
0.00314774
0.00265981
0.00243483
0.00236378
0.00228057
0.00245561
0.00320936
0.00391586
0.00462501
0.00437111
0.00419405
0.00401117
0.00392062
0.00388389
0.00384297
0.00376076
0.00358477
0.00341645
0.00324779
0.002693
0.00216949
0.00164434
0.00147152
0.00150536
0.00152293
0.00166867
0.00210003
0.00250836
0.00291785
0.00251331
0.00217301
0.00182822
0.00143648
0.00101713
0.000600593
0.000353564
0.000487961
0.000592512
0.000699218
0.000464504
0.000256621
4.6981e-05
6.59024e-05
0.000219067
0.000361621
0.000426852
0.00031627
0.000219414
0.000121651
0.000258142
0.000376403
0.000495884
0.00106848
0.00190746
0.00272472
0.00312373
0.002578
0.00210539
0.00162791
0.00123623
0.000838606
0.000442039
0.000351444
0.000441161
0.00051702
0.000519154
0.000352806
0.000199503
4.54429e-05
0.000380417
0.000677836
0.000977647
0.00145185
0.00202876
0.00259704
0.00284745
0.00238078
0.00196886
0.00155343
0.00107009
0.000592578
0.000115347
-5.38219e-05
-4.10907e-05
-4.20142e-05
0.000227749
0.00110559
0.00193664
0.00276994
0.0026639
0.00262813
0.00258716
0.00256892
0.00256385
0.00255781
0.00251333
0.00238194
0.00225719
0.00213214
0.00234477
0.00253208
0.00272098
0.00307727
0.00353244
0.00397963
0.00441065
0.00480468
0.00520085
0.00559629
0.00583144
0.00607802
0.00632341
0.00638783
0.00634507
0.00631023
0.00629084
0.00630762
0.00632173
0.00633602
0.00654948
0.0067481
0.00694751
0.00732547
0.00780906
0.00828426
0.0084526
0.00792771
0.00745392
0.00697711
0.00680827
0.00661736
0.00642833
0.00631345
0.0062427
0.00616886
0.00609862
0.00603589
0.0059727
0.00590964
0.00669762
0.00742325
0.00815232
0.00846726
0.00853647
0.0086232
0.00861276
0.00838592
0.00817491
0.00796306
0.00795569
0.00793373
0.00791284
0.00772171
0.0074296
0.00714511
0.00688765
0.006692
0.00649224
0.00629305
0.00586019
0.00544451
0.00502821
0.00480281
0.00469098
0.00457127
0.00444651
0.0043088
0.00417219
0.0040357
0.00462905
0.00517017
0.00571421
0.00566696
0.00526808
0.00489445
0.0044762
0.0039605
0.00345236
0.0029444
0.0026033
0.002251
0.00189997
0.00165936
0.00148468
0.00130564
0.00122229
0.00135423
0.001471
0.00158867
0.00223076
0.0028938
0.00355446
0.00373902
0.00363964
0.00356006
0.00329677
0.00262114
0.00197493
0.00132759
0.00074333
0.000162421
-0.000417917
-0.000772102
-0.000991203
-0.00121929
-0.00146614
-0.00175724
-0.00204491
-0.00233242
-0.00256814
-0.00280138
-0.00303446
-0.00325978
-0.00348035
-0.00370094
-0.0038842
-0.00398341
-0.00408821
-0.00419249
-0.00436661
-0.0045435
-0.00471997
-0.00495305
-0.00521982
-0.00548394
-0.00569691
-0.00579419
-0.00589918
-0.0060035
-0.00611641
-0.00622955
-0.00634251
-0.00639768
-0.00641825
-0.00644113
-0.0064701
-0.00651328
-0.00655544
-0.00659762
-0.00618685
-0.00575673
-0.00532849
-0.00514565
-0.0051098
-0.00506415
-0.00508867
-0.0052704
-0.00544139
-0.00561287
-0.00586558
-0.00612159
-0.00637704
-0.0065535
-0.00668257
-0.00681461
-0.00693972
-0.00704984
-0.00716081
-0.00727158
-0.00733677
-0.00739984
-0.00746296
-0.00751638
-0.00756396
-0.00761187
-0.00737789
-0.00650571
-0.00567676
-0.00484605
-0.00456527
-0.0043096
-0.00405263
-0.00410069
-0.00433162
-0.00455024
-0.00478003
-0.0050336
-0.00528528
-0.00553675
-0.00571504
-0.00588979
-0.00606454
-0.00620346
-0.00632082
-0.00643942
-0.00653653
-0.00658531
-0.00663717
-0.00668877
-0.00659661
-0.00649796
-0.00639986
-0.0057229
-0.00469863
-0.00369818
-0.00298099
-0.0029075
-0.0027925
-0.00268032
-0.0025649
-0.00244948
-0.00233421
-0.00238426
-0.00253365
-0.00267646
-0.00281644
-0.00294929
-0.00308243
-0.00321538
-0.00313166
-0.00303789
-0.00294489
-0.0027763
-0.00256235
-0.00235157
-0.00218117
-0.00210238
-0.00201785
-0.0019338
-0.00102176
-7.16723e-05
0.000874783
0.00142008
0.00172357
0.00204203
0.00228892
0.00237631
0.00247371
0.00257034
0.00270775
0.00284694
0.00298583
0.0031648
0.00336781
0.00356904
0.00372759
0.00378942
0.00385727
0.00392465
0.0040043
0.00408444
0.00416445
0.00411988
0.00400025
0.00388548
0.00382748
0.00389874
0.00396182
0.00402534
0.0045307
0.00505689
0.00558112
0.00585059
0.00596624
0.00609133
0.00609408
0.00582091
0.00556524
0.0053088
0.00508608
0.00486525
0.00464457
0.00461816
0.00470899
0.00479244
0.00488582
0.00500078
0.00511426
0.0052277
0.00555156
0.00588542
0.00621825
0.00624359
0.00608322
0.00593447
0.0057567
0.00551447
0.0052765
0.00503856
0.00469032
0.00433699
0.00398441
0.00364558
0.00331523
0.00298477
0.00272795
0.0026377
0.0025374
0.00243783
0.00225563
0.0020695
0.00188384
0.00191098
0.00206678
0.00221456
0.0022991
0.00223918
0.0021881
0.00213655
0.00176561
0.00141447
0.00106256
0.000709854
0.000356786
4.16724e-06
-0.000339959
-0.000665307
-0.000991396
-0.00131705
-0.00134599
-0.00135986
-0.00137463
-0.00109723
-0.000643129
-0.00020019
0.000317176
0.00100269
0.00167729
0.00235174
0.00207753
0.0017552
0.00143613
0.000913905
0.000268959
-0.000367885
-0.000906839
-0.00122336
-0.00155277
-0.00188102
-0.00210312
-0.00231953
-0.00253602
-0.00269171
-0.0028105
-0.00293134
-0.00272977
-0.00179635
-0.000907418
-1.69027e-05
0.000909461
0.00183672
0.00276282
0.00281642
0.00234085
0.00189707
0.00143944
0.000953985
0.000470747
-1.2053e-05
-0.000328453
-0.000635851
-0.000943417
-0.00124313
-0.00153798
-0.00183276
-0.00206752
-0.00216633
-0.00227299
-0.00237907
-0.00152587
-0.000623246
0.000275429
0.00116691
0.00205353
0.0029394
0.0034219
0.002989
0.00260992
0.00222815
0.00167895
0.00112146
0.000565105
0.000166649
-0.000135688
-0.00044325
-0.000740124
-0.00101389
-0.00128867
-0.00156308
-0.00176625
-0.00196543
-0.00216461
-0.00183239
-0.00117729
-0.000541576
6.46899e-05
0.000602378
0.00114339
0.0016836
0.00180597
0.00190587
0.00200695
0.00165278
0.00102193
0.000407674
-0.000166718
-0.000649189
-0.00113637
-0.00162272
-0.00197135
-0.0023122
-0.00265311
-0.00288882
-0.00306042
-0.00323548
-0.00340698
-0.00357114
-0.00373554
-0.00389973
-0.00365766
-0.00339385
-0.00313158
-0.0029531
-0.00282576
-0.00269567
-0.00243859
-0.00189218
-0.00136276
-0.000832977
-0.000931468
-0.00106405
-0.00119456
-0.00147998
-0.00185956
-0.00223342
-0.00257385
-0.00283807
-0.00310629
-0.00337398
-0.00358477
-0.00379223
-0.00399964
-0.00397011
-0.00379619
-0.00363055
-0.0034365
-0.00317866
-0.00292468
-0.00267077
-0.00221169
-0.00174177
-0.00127299
-0.00110295
-0.0011152
-0.00111728
-0.00122999
-0.00159314
-0.00194194
-0.00229115
-0.00248782
-0.00267585
-0.00286415
-0.00305121
-0.00323747
-0.00342356
-0.00355296
-0.0035536
-0.00356136
-0.00356873
-0.00276979
-0.00192675
-0.00108708
-0.000769914
-0.000771941
-0.000756369
-0.000813866
-0.00103537
-0.00124761
-0.00146013
-0.00169202
-0.00192477
-0.00215721
-0.00228863
-0.00235829
-0.00243127
-0.00224414
-0.00146552
-0.000720122
2.62761e-05
9.39102e-05
0.000123281
0.00015471
8.27761e-05
-5.2213e-05
-0.000183617
-0.000257589
-0.000200556
-0.000150716
-0.000100539
-0.000112765
-0.000128508
-0.000144043
-0.000127987
-9.26157e-05
-5.83303e-05
0.000182258
0.000892471
0.00157649
0.00226118
0.00222287
0.00214348
0.00206639
0.00190974
0.00170457
0.00150224
0.00134465
0.00128903
0.00122798
0.00116728
0.00113572
0.00110585
0.00107592
0.00115832
0.00130943
0.00145669
0.00177388
0.00247783
0.00316031
0.00384321
0.00401239
0.0041519
0.00429285
0.00415094
0.00383596
0.00353055
0.00322825
0.00293379
0.00263922
0.00234497
0.00204987
0.001755
0.00146043
0.00147338
0.00167468
0.00186577
0.00206383
0.0022768
0.00248876
0.00270054
0.00335279
0.00402999
0.00470516
0.00483388
0.00462762
0.00443928
0.00421048
0.00389146
0.00357753
0.00326367
0.00294692
0.0026303
0.00231401
0.00211083
0.00197709
0.00183983
0.00176161
0.00181725
0.00186582
0.00191471
0.00265213
0.00342921
0.00420339
0.0044986
0.00449983
0.00451641
0.00440438
0.00400113
0.0036135
0.00322546
0.00276708
0.00230498
0.00184355
0.0015519
0.00136456
0.00117199
0.000993124
0.000844604
0.000694665
0.000544954
0.00110367
0.00170376
0.00230109
0.00278501
0.00319905
0.00361628
0.00379692
0.00343925
0.00310974
0.00277912
0.00222989
0.00166817
0.00110767
0.000796734
0.000639212
0.00047396
0.000460506
0.000791956
0.00110535
0.00141935
0.00164826
0.00187188
0.00209555
0.00246149
0.00291474
0.00336305
0.00363774
0.00351658
0.00341577
0.00331402
0.00297568
0.00262346
0.0022723
0.00198817
0.00174538
0.00150073
0.00144548
0.00182156
0.00217533
0.00252987
0.00283464
0.00313614
0.0034375
0.00363254
0.00376211
0.00389487
0.00386615
0.00346972
0.00309229
0.00271428
0.00229421
0.00187196
0.00145025
0.00118764
0.00102302
0.00085363
0.000882684
0.00136357
0.00182123
0.0022796
0.00292887
0.00358915
0.00424822
0.00437182
0.00416576
0.00397644
0.0036803
0.00314219
0.00261674
0.00209118
0.00217736
0.00230075
0.00242216
0.00247543
0.00248666
0.00249998
-0.00437115
-0.0269477
-0.0487192
-0.0112778
0.00424018
0.00338915
0.00335293
0.00295726
0.00236728
0.00178753
0.00125963
0.000850431
0.000435755
2.17619e-05
-0.000267263
-0.000548353
-0.000829556
-0.000867692
-0.000756029
-0.000651878
-0.000273477
0.000729988
0.00170163
0.00267388
0.00265545
0.00257593
0.0024995
0.00204272
0.0013517
0.000672868
7.10644e-05
-0.000354457
-0.000788214
-0.00122114
-0.00146411
-0.00169509
-0.00192644
-0.0020774
-0.00217876
-0.00228244
-0.00238192
-0.00247221
-0.00256286
-0.0026534
-0.00191592
-0.00112761
-0.000342539
0.000239902
0.000697031
0.00115982
0.00128526
0.000641949
3.66334e-05
-0.00056994
-0.00100511
-0.00142922
-0.00185345
-0.00214412
-0.00235226
-0.0025642
-0.00279258
-0.0030592
-0.00332371
-0.00358807
-0.00370556
-0.00381374
-0.00392227
-0.00386922
-0.00371642
-0.00356858
-0.00313114
-0.00203289
-0.000967508
9.84292e-05
0.000759544
0.00139464
0.00203038
0.0021974
0.00207485
0.00196632
0.00170756
0.00110723
0.000523833
-5.98143e-05
-0.000547279
-0.00102826
-0.00150909
-0.00187214
-0.00216229
-0.00245564
-0.00267677
-0.0027337
-0.00279841
-0.00286268
-0.0025234
-0.00215884
-0.00179584
-0.00137515
-0.000918992
-0.000464951
-2.59113e-05
0.000379208
0.000785552
0.00119145
0.00142625
0.00164998
0.00187402
0.00175606
0.00142666
0.00110758
0.0007366
0.000247835
-0.000234904
-0.000717473
-0.00117476
-0.00163005
-0.00208501
-0.00240931
-0.00265268
-0.00289964
-0.00311317
-0.00325107
-0.0033924
-0.00353344
-0.00361565
-0.00369403
-0.00377252
-0.00387822
-0.00400073
-0.00412233
-0.00422702
-0.00429312
-0.00436096
-0.00442866
-0.00436441
-0.00429174
-0.00421953
-0.00364062
-0.00274822
-0.00187127
-0.00115882
-0.000822807
-0.000469571
-0.000117466
4.1351e-05
0.000187574
0.000334247
0.000281371
0.000104946
-6.55788e-05
-0.000150298
-3.85285e-05
6.40281e-05
0.000166917
-0.000501719
-0.00121969
-0.00193471
-0.00238683
-0.00267584
-0.00297212
-0.00319699
-0.00325981
-0.00333006
-0.0033999
-0.00333844
-0.00326851
-0.00319904
-0.00303335
-0.00280809
-0.00258577
-0.00197652
-0.000483012
0.000968507
0.00242062
0.00288646
0.00328773
0.0036916
0.00393332
0.00407453
0.00422021
0.00423739
0.00396154
0.00369934
0.00343675
0.00354449
0.00367633
0.00380694
0.00377491
0.003642
0.0035138
0.00353019
0.0038774
0.00420924
0.00454147
0.0045158
0.0044667
0.00441872
0.00403632
0.00344661
0.00286684
0.00239813
0.00218363
0.00195781
0.00173271
0.00151868
0.00130554
0.00109256
0.000960318
0.000878224
0.000793938
0.00109023
0.00225629
0.00338207
0.00450864
0.00451468
0.00444685
0.00438241
0.00392348
0.00321988
0.00252792
0.00195148
0.00163958
0.00131607
0.000993374
0.000839168
0.00069623
0.000552915
0.000507497
0.000522875
0.000535517
0.000625529
0.000892191
0.00115072
0.00140938
0.00207105
0.00275893
0.00344503
0.00389947
0.00420982
0.00452631
0.00467425
0.00443772
0.00421852
0.00399874
0.0034019
0.00278045
0.00216065
0.00170764
0.00135845
0.00100497
0.000724114
0.000608478
0.000485625
0.0003632
4.78395e-05
-0.000280142
-0.000607276
-0.000934962
-0.00126287
-0.00159048
-0.00184661
-0.00193963
-0.00203976
-0.00213949
-0.00196195
-0.001766
-0.00157103
-0.000690364
0.000616367
0.00190321
0.00289249
0.00320054
0.00353823
0.00387433
0.00382371
0.00374716
0.00367182
0.00350168
0.00327266
0.00304642
0.00263659
0.00180678
0.00099606
0.000185213
-0.000217858
-0.000593175
-0.000969375
-0.00126826
-0.00151898
-0.00177158
-0.00185585
-0.00155546
-0.00127208
-0.000988203
-0.00116512
-0.00137299
-0.00157934
-0.0015668
-0.00141798
-0.0012752
-0.000815486
0.000368952
0.00152095
0.00267335
0.00309924
0.00347563
0.00385384
0.0037071
0.00323365
0.00277473
0.00218906
0.00131428
0.000452742
-0.000408626
-0.000769228
-0.00109557
-0.0014231
-0.00156551
-0.00159262
-0.00162467
-0.0017393
-0.00204342
-0.00233913
-0.00263496
-0.00277034
-0.00289469
-0.00301942
-0.0030871
-0.00311925
-0.00315289
-0.00307766
-0.00275347
-0.0024402
-0.00212674
-0.00201222
-0.00191136
-0.00181
-0.00149448
-0.00104558
-0.00060276
-0.000271365
-0.000195109
-0.000108047
-2.15195e-05
-0.00030876
-0.000621357
-0.00093261
-0.00130936
-0.0017268
-0.00214215
-0.00250658
-0.00275471
-0.00300755
-0.00325999
-0.00311826
-0.0029496
-0.00278222
-0.00279044
-0.00290818
-0.00302118
-0.00317017
-0.00340121
-0.00362858
-0.00385592
-0.00388696
-0.00390446
-0.00392253
-0.00377882
-0.00353427
-0.00329417
-0.00295523
-0.00239017
-0.0018351
-0.00128007
-0.00106973
-0.000883309
-0.000696044
-0.000606674
-0.000578379
-0.000547545
-0.000624783
-0.000949177
-0.00126295
-0.0015769
-0.0019817
-0.00239249
-0.00280268
-0.00312438
-0.00339076
-0.00365922
-0.00373332
-0.00336286
-0.00301126
-0.00265916
-0.00217578
-0.00168365
-0.00119229
-0.000827727
-0.000542424
-0.000254061
-3.62174e-05
2.07549e-05
8.43634e-05
0.000147643
8.90131e-06
-0.000143776
-0.000295749
-0.000647384
-0.00112357
-0.0015942
-0.0020735
-0.00257262
-0.00307051
-0.00356804
-0.00372982
-0.0038681
-0.00400724
-0.00405014
-0.00403294
-0.00401823
-0.00404431
-0.00416402
-0.00427977
-0.00439558
-0.00446972
-0.0045409
-0.00461215
-0.00469529
-0.00478584
-0.00487602
-0.00475549
-0.00415238
-0.00356957
-0.0029864
-0.00256277
-0.00215062
-0.00173834
-0.00143286
-0.00119422
-0.000953036
-0.00071328
-0.00047629
-0.00023938
-2.6602e-06
0.000163748
0.000325102
0.00048653
0.000280035
-0.000156386
-0.000583081
-0.000743535
-0.000293606
0.000131113
0.000556513
0.000620952
0.000659962
0.000699974
0.000850687
0.0010706
0.00128753
0.0015604
0.00196137
0.00235683
0.00275219
0.00287238
0.00297308
0.0030745
0.00315594
0.00322489
0.00329429
0.00335549
0.00339799
0.00344121
0.00348436
0.00346274
0.00343656
0.00341058
0.00324396
0.00298942
0.00273862
0.00251998
0.00237514
0.00222746
0.00208
0.0020304
0.00198776
0.00194488
0.00205672
0.00226534
0.00246992
0.0027016
0.00299525
0.00328619
0.003577
0.00324397
0.00286691
0.0024919
0.00255022
0.00287981
0.00319829
0.00328015
0.00281902
0.00237992
0.0019403
0.00175492
0.00158775
0.00142
0.00131826
0.00125788
0.0011959
0.00123212
0.00149321
0.00174517
0.00199728
0.00246856
0.00295513
0.00344071
0.00368515
0.0037785
0.00387775
0.00380175
0.0033247
0.0028639
0.00240282
0.00211673
0.00184333
0.00156965
0.0013716
0.00122096
0.00106857
0.00100617
0.00114972
0.00128505
0.00142059
0.00204002
0.00269366
0.00334545
0.00370354
0.00387747
0.0040585
0.00416151
0.00408652
0.00401857
0.00395041
0.00352198
0.003068
0.00261538
0.00223787
0.00190756
0.00157566
0.00129063
0.00111257
0.000930456
0.000748645
0.00136434
0.00203696
0.00270684
0.00288378
0.00275161
0.0026316
0.00259417
0.00274706
0.00289242
0.00303796
0.00325442
0.00347583
0.00369688
0.00363642
0.00339946
0.00316953
0.00295601
0.00278047
0.00260359
0.0024269
0.00191014
0.00136917
0.000829565
0.000500872
0.000304579
0.000103313
0.000113476
0.000607785
0.001083
0.00155858
0.00181445
0.00205425
0.00229449
0.00248963
0.00265644
0.00282422
0.00292942
0.00289138
0.00285889
0.00282621
0.00203503
0.00118939
0.000346485
-6.40364e-05
-0.000203074
-0.00035243
-0.000342069
3.34943e-05
0.000394761
0.000756299
0.00134417
0.00194809
0.00255093
0.00263686
0.0023983
0.00217234
0.00176795
0.000955249
0.000158768
-0.000637724
-0.000917776
-0.00116003
-0.00140355
-0.000857008
0.000185342
0.001208
0.0020095
0.00230302
0.00261565
0.00292732
0.00290426
0.00285679
0.00281029
0.00251786
0.0020711
0.00163054
0.00120081
0.000796014
0.000390576
-1.45304e-05
-8.45958e-05
-0.000130119
-0.000176537
0.000655924
0.00204016
0.00340247
0.00430976
0.00417269
0.00407517
0.00397624
0.00285131
0.00165198
0.000456355
-6.32013e-05
-0.000157815
-0.00026837
2.3232e-05
0.00123589
0.00241297
0.0035905
0.00349273
0.00330142
0.00311378
0.00251838
0.001667
0.000825869
0.000134055
-0.000215139
-0.000576919
-0.000937955
0.000199259
0.00144589
0.00268749
0.00290766
0.00248568
0.00208803
0.00187549
0.00208936
0.00228714
0.00248538
0.00179729
0.00104437
0.000294422
-0.000101877
-0.000275686
-0.000457655
-0.000192565
0.00109741
0.00234827
0.00359966
0.0038581
0.00404307
0.00423063
0.00373648
0.00281385
0.00190782
0.00110933
0.000558158
-1.77802e-06
-0.000560974
-0.00078799
-0.000990289
-0.00119335
-0.00055713
0.000606771
0.0017503
0.00254435
0.0025358
0.00255691
0.00257691
0.00161595
0.000582939
-0.000446652
-0.001009
-0.00127719
-0.00155602
-0.00150314
-0.000690187
9.41927e-05
0.000879046
0.000997403
0.00106621
0.0011368
0.000954773
0.000613896
0.000279102
-6.65327e-05
-0.000436851
-0.000805992
-0.00117491
-0.000438699
0.000379205
0.00119352
0.00144102
0.00133164
0.0012354
0.00097413
0.000335103
-0.000289654
-0.000914477
-0.00126376
-0.00159229
-0.00192134
-0.00202401
-0.00198418
-0.00194957
-0.00154641
-0.000297733
0.000919259
0.00213652
0.00200728
0.00177764
0.00155182
0.00147203
0.0014843
0.00149322
0.00139904
0.00106792
0.000745629
0.000423256
-2.26465e-05
-0.000477497
-0.000931694
-0.00126051
-0.00151028
-0.00176272
-0.00195992
-0.00203077
-0.00210613
-0.00218128
-0.000874694
0.00053453
0.00193903
0.00244606
0.00238756
0.00234948
0.00224109
0.00197295
0.00171076
0.00144855
0.000637407
-0.000214395
-0.00106412
-0.00152314
-0.00173585
-0.00195725
-0.00212262
-0.00216026
-0.00220246
-0.00224446
-0.00121395
-0.000103499
0.00100329
0.00139374
0.00133261
0.00128769
0.00133481
0.00159457
0.00184655
0.00209863
0.00195134
0.00177408
0.00159803
0.00105932
0.000292209
-0.000466211
-0.00107025
-0.00131982
-0.00158184
-0.00184323
-0.00202253
-0.00219552
-0.00236862
-0.00180319
-0.00077233
0.000241256
0.00106869
0.0014682
0.00188261
0.0022962
0.0021572
0.00197653
0.00179747
0.00136786
0.000780396
0.000198939
-0.000352022
-0.000833005
-0.00131612
-0.00179882
-0.00191693
-0.00200738
-0.00209874
-0.0016719
-0.000918374
-0.000176905
0.000534352
0.00117593
0.00181951
0.00246257
0.00160554
0.000635367
-0.000330143
-0.000474332
-0.000100298
0.000255251
0.000472727
0.000371909
0.000282343
0.000192444
-0.000246447
-0.000711556
-0.00117542
-0.00145476
-0.00161759
-0.00178439
-0.00157019
-0.000481408
0.000576
0.00163377
0.00174095
0.0017758
0.00181315
0.00183577
0.00184916
0.00186286
0.00159061
0.000661576
-0.000243898
-0.00114956
-0.00142708
-0.00165659
-0.00188762
-0.00205702
-0.00218752
-0.00231929
-0.00215601
-0.00131519
-0.000498514
0.000318436
0.000851874
0.00136336
0.00187525
0.00201834
0.00192859
0.00184698
0.00152151
0.000636455
-0.000228603
-0.00109376
-0.00129358
-0.00144245
-0.00159298
-0.00176284
-0.0019449
-0.00212642
-0.00207971
-0.00150882
-0.000956419
-0.000403762
0.000520632
0.0014729
0.00242356
0.00266438
0.00245684
0.00226487
0.00206454
0.00184603
0.0016283
0.0014107
0.00123493
0.00106248
0.000890027
0.000438601
-0.000188939
-0.000810004
-0.00128929
-0.00144287
-0.00160751
-0.00177166
-0.000750036
0.000361976
0.00147013
0.00181728
0.00168349
0.00156624
0.00131111
0.00074039
0.000180845
-0.000378698
-0.000758098
-0.00112342
-0.00148897
-0.0013067
-0.000778322
-0.000262096
8.38343e-05
3.79634e-05
5.46395e-06
-2.74685e-05
0.000594776
0.00126708
0.00193722
0.00201308
0.00171328
0.00142644
0.00106796
0.000545641
2.92372e-05
-0.000487017
-0.000864885
-0.00123185
-0.00159894
-0.0018543
-0.00203897
-0.00222591
-0.00198245
-0.000750268
0.000447648
0.00164591
0.0012439
0.000718571
0.000197758
-0.000372575
-0.000973989
-0.00157395
-0.00192882
-0.00172085
-0.00153199
-0.00134262
-0.00114807
-0.000953235
-0.000758539
-0.00065023
-0.000596575
-0.000541118
-0.000628922
-0.00104579
-0.00145132
-0.00185696
-0.0020156
-0.00215501
-0.00229498
-0.00159281
-0.00035818
0.000857775
0.00165571
0.00149251
0.00136159
0.00122968
0.000878848
0.000511246
0.000144451
-0.000339408
-0.000897195
-0.00145214
-0.00190247
-0.00211259
-0.00233059
-0.00254818
-0.00266721
-0.00277852
-0.00289001
-0.00221588
-0.00104484
0.000108873
0.000953847
0.00108882
0.00124731
0.00140492
0.00130496
0.00118502
0.00106583
0.000476454
-0.000410317
-0.00128663
-0.00193406
-0.00205531
-0.00219391
-0.00233185
-0.00216196
-0.0019682
-0.00177535
-0.00960254
-0.0225041
-0.0352293
0.00286645
0.00150547
0.00144888
0.00134925
0.0013357
0.0013287
0.0013215
0.00117338
0.000936094
0.000701901
0.00050885
0.000410414
0.000308928
0.000207609
-0.000329058
-0.000899414
-0.00146829
-0.00169376
-0.00170173
-0.00171683
-0.00149945
-0.000748109
-1.47854e-05
0.000718648
0.000711046
0.000645488
0.000581873
0.000480705
0.00035582
0.000231794
0.00030997
0.000853007
0.00138048
0.00190812
0.00112631
0.000242405
-0.000637592
-0.00113712
-0.00139547
-0.00166152
-0.0017258
-0.00132696
-0.000943475
-0.000559739
-0.000225007
0.000105689
0.000436301
0.000126904
-0.000587856
-0.00128897
-0.00175239
-0.00166887
-0.00160318
-0.00153695
-0.000975555
-0.000375598
0.000222717
4.7292e-05
-0.000618359
-0.00126768
-0.00163405
-0.00134907
-0.00108537
-0.000821158
-0.000195663
0.000457885
0.0011101
0.00117803
0.000875656
0.000585446
0.000207015
-0.000373624
-0.000947359
-0.00152095
-0.00172574
-0.00190137
-0.00207783
-0.00217619
-0.00222506
-0.00227548
-0.00206563
-0.00125736
-0.000468868
0.000319752
0.000594069
0.000827676
0.00106244
0.000688817
-7.03623e-05
-0.000816673
-0.00140401
-0.0016254
-0.00185839
-0.00209086
-0.00219335
-0.00228552
-0.00237796
-0.00235269
-0.0022528
-0.00215537
-0.00178181
-0.000773279
0.000214299
0.00120192
0.000923216
0.000544566
0.00016935
-0.000179612
-0.00051178
-0.000844272
-0.00117605
-0.00150648
-0.00183674
-0.0021668
-0.00231395
-0.00244653
-0.00257949
-0.00273781
-0.0029122
-0.00308596
-0.00304258
-0.00249982
-0.00197327
-0.00144654
-0.000941728
-0.000438936
6.36002e-05
6.34034e-05
-0.000255691
-0.000564472
-0.00088819
-0.00124576
-0.00160204
-0.00195813
-0.00221439
-0.00246258
-0.00271087
-0.00288252
-0.00300552
-0.00312997
-0.0029716
-0.00216279
-0.00137504
-0.000587123
-0.000449694
-0.00036403
-0.000276787
-0.000596046
-0.00117314
-0.00174174
-0.00218947
-0.00235897
-0.00253712
-0.00271489
-0.00276203
-0.00279875
-0.00283577
-0.00263106
-0.00227299
-0.00191996
-0.00154749
-0.00113035
-0.000714872
-0.000299605
-0.000424532
-0.000592421
-0.000758859
-0.0010796
-0.00149819
-0.00191345
-0.00224523
-0.00238507
-0.00253083
-0.00267631
-0.00262888
-0.0025661
-0.00250383
-0.00228032
-0.00195451
-0.0016321
-0.00143247
-0.00151531
-0.00158929
-0.0016635
-0.00190889
-0.00216781
-0.00242614
-0.00264528
-0.00283947
-0.00303431
-0.0031674
-0.00315862
-0.00315425
-0.00314975
-0.00284439
-0.00251514
-0.00218683
-0.00196818
-0.00181922
-0.00166819
-0.00169242
-0.00211964
-0.00253412
-0.00294873
-0.00314502
-0.00332373
-0.00350287
-0.00362845
-0.00371998
-0.00381251
-0.00388092
-0.00389397
-0.00390872
-0.00392341
-0.00387201
-0.00381535
-0.00375889
-0.0036374
-0.00347463
-0.00331324
-0.00323521
-0.00334897
-0.00345675
-0.00356466
-0.00370493
-0.00384773
-0.00399036
-0.00407756
-0.00412951
-0.00418252
-0.00421492
-0.00419998
-0.00418651
-0.004173
-0.00401354
-0.00384245
-0.00367182
-0.00371865
-0.00390367
-0.00408435
-0.00423069
-0.00429785
-0.0043674
-0.00443684
-0.00447235
-0.00450511
-0.00453793
-0.00457352
-0.00461084
-0.00464809
-0.00467339
-0.00467119
-0.00466983
-0.00466845
-0.00458556
-0.00449615
-0.00440699
-0.00442868
-0.00452081
-0.00461075
-0.00468671
-0.00473041
-0.00477507
-0.00481967
-0.00484231
-0.00486318
-0.00488409
-0.00490056
-0.00491422
-0.00492795
-0.00494368
-0.00496401
-0.00498419
-0.00500436
-0.00500694
