0
-0.010548
-0.00972474
-0.00983798
-0.00987326
-0.00984781
-0.00967089
-0.00950681
-0.00934195
-0.00928217
-0.00921381
-0.00914627
-0.00909259
-0.00904705
-0.00900091
-0.00902523
-0.0092077
-0.00937687
-0.00954685
-0.00956368
-0.00959303
-0.00962131
-0.00954767
-0.00941457
-0.00928654
-0.00916424
-0.00905551
-0.00894586
-0.00883645
-0.00913252
-0.00939515
-0.00966006
-0.00983229
-0.00995043
-0.0100728
-0.010171
-0.0102161
-0.0102655
-0.0103144
-0.00922676
-0.00823256
-0.00723242
-0.00664673
-0.00630331
-0.00594097
-0.00571071
-0.00577325
-0.00581221
-0.00585299
-0.00560956
-0.00538925
-0.00516745
-0.0050406
-0.00496931
-0.0048937
-0.00462587
-0.00392454
-0.00325881
-0.00259131
-0.00187602
-0.00116566
-0.000456041
-0.000282497
-0.000423176
-0.000538773
-0.000664076
-0.000806844
-0.000948009
-0.00108908
-0.000840696
-0.000623372
-0.000403945
-0.000223623
-6.62202e-05
9.27341e-05
0.000365399
0.000894708
0.00140309
0.00191232
0.00231023
0.00271621
0.00312094
0.00343382
0.00369254
0.00395508
0.0042339
0.0045506
0.00486387
0.00517691
0.00546577
0.00575606
0.00604579
0.00639575
0.0067809
0.00716274
0.00744666
0.0075102
0.00759063
0.00766963
0.00818294
0.00866205
0.00914305
0.00935759
0.00941534
0.00948502
0.00945129
0.00918676
0.0089403
0.00869283
0.00859949
0.00849453
0.00839061
0.00848719
0.00870185
0.0089072
0.00919591
0.00967127
0.0101317
0.0105926
0.0104181
0.010292
0.0101624
0.0101161
0.0101188
0.0101178
0.0100019
0.00962599
0.00927027
0.00891357
0.00910632
0.00925747
0.00941152
0.00951638
0.00959231
0.00967029
0.00990054
0.0104747
0.0110223
0.011571
0.0117938
0.0120405
0.0122851
0.012445
0.0125547
0.012668
0.0127139
0.0126087
0.0125149
0.0124204
0.0117184
0.0110624
0.0104039
0.0100271
0.00981681
0.00959457
0.00955
0.0099038
0.0102277
0.0105534
0.0108138
0.0110787
0.0113428
0.0113035
0.0110847
0.0108793
0.0107645
0.010856
0.0109323
0.0110095
0.0108949
0.0107944
0.010693
0.0108842
0.0112486
0.0115998
0.0118993
0.0120803
0.0122697
0.0124581
0.0122712
0.0121117
0.0119505
0.0119261
0.0119828
0.0120336
0.0120794
0.0121133
0.012148
0.0121826
0.012021
0.0118737
0.0117257
0.0113322
0.0107932
0.0102655
0.00987388
0.00979067
0.00968549
0.00958205
0.00996101
0.010305
0.010651
0.0102756
0.00947214
0.0087003
0.00797712
0.00736768
0.00675103
0.00613576
0.00549666
0.00486015
0.00422437
0.00487767
0.00629702
0.0076602
0.00829942
0.0072961
0.00641011
0.00551709
0.00496469
0.00438907
0.0038159
0.00318113
0.00251011
0.00184259
0.00126634
0.00089573
0.000511229
0.000128239
-1.1764e-05
-0.000168563
-0.00032397
-0.000392134
-0.00040825
-0.000427974
7.16458e-06
0.00146998
0.00285924
0.00425168
0.0033249
0.0023032
0.0012895
0.000596916
9.6398e-05
-0.000416728
-0.000926495
-0.00143165
-0.00193642
-0.00244052
-0.00293423
-0.00342689
-0.00391895
-0.00406852
-0.00401372
-0.00397304
-0.00401005
-0.00422494
-0.00442732
-0.00463029
-0.00502586
-0.00542911
-0.00583128
-0.00609992
-0.00628866
-0.0064826
-0.00663009
-0.00667369
-0.00672431
-0.00677438
-0.00699124
-0.00721498
-0.00743795
-0.00767425
-0.00791838
-0.00816165
-0.00837479
-0.00852007
-0.00866975
-0.00881892
-0.00883782
-0.00885104
-0.00886464
-0.00875795
-0.00857943
-0.00840598
-0.00833502
-0.00849649
-0.0086421
-0.00878859
-0.00870663
-0.00861476
-0.00852369
-0.00854723
-0.00863939
-0.00872682
-0.00881476
-0.00890326
-0.0089916
-0.00907983
-0.00921799
-0.00935819
-0.00949807
-0.00953489
-0.00950996
-0.00948918
-0.00947532
-0.00947776
-0.00947912
-0.00948055
-0.00950748
-0.00953552
-0.00956346
-0.00961902
-0.0096911
-0.009762
-0.00972616
-0.00944856
-0.00918726
-0.00892523
-0.00883389
-0.00875036
-0.00866642
-0.00870566
-0.00881874
-0.00892683
-0.00907916
-0.00933113
-0.00957625
-0.00982149
-0.00990425
-0.00997952
-0.0100552
-0.0100476
-0.00999017
-0.00993604
-0.00991556
-0.00997171
-0.0100228
-0.0100742
-0.00999951
-0.00991915
-0.00983927
-0.00960265
-0.009272
-0.00894788
-0.00875924
-0.00887802
-0.00897677
-0.00907669
-0.0091601
-0.00924265
-0.00932515
-0.00945206
-0.00960561
-0.00975725
-0.00987897
-0.00993284
-0.00999101
-0.0100488
-0.010028
-0.0100034
-0.0099792
-0.00987814
-0.00973094
-0.00958687
-0.00948187
-0.00946561
-0.00944372
-0.00942221
-0.00901957
-0.00859941
-0.00818089
-0.00812134
-0.00827794
-0.0084206
-0.00855304
-0.00866052
-0.00876944
-0.00887813
-0.00876374
-0.00863885
-0.00851478
-0.00844483
-0.00840755
-0.00836824
-0.00834002
-0.00833654
-0.0083315
-0.00832657
-0.00827702
-0.00822538
-0.00817393
-0.00811911
-0.00806229
-0.00800567
-0.00801321
-0.0081662
-0.00830989
-0.00845399
-0.00832929
-0.00819173
-0.00805514
-0.00799924
-0.00799207
-0.00798186
-0.00803898
-0.00824835
-0.00844799
-0.00864798
-0.00875193
-0.00885109
-0.00895042
-0.00895149
-0.00889327
-0.0088388
-0.00875403
-0.00860097
-0.00845233
-0.0083036
-0.00799423
-0.00767731
-0.00736124
-0.00726185
-0.00729337
-0.00731679
-0.00736214
-0.00745612
-0.007547
-0.00763795
-0.0077801
-0.00792462
-0.00806883
-0.00805468
-0.00794484
-0.00784099
-0.00777291
-0.0077867
-0.00779548
-0.00780455
-0.00764425
-0.00747568
-0.00730781
-0.00716669
-0.00704181
-0.00691609
-0.00685524
-0.0069413
-0.00701833
-0.00709582
-0.00684068
-0.00660601
-0.00637038
-0.00656537
-0.00702074
-0.00745981
-0.00780562
-0.00793809
-0.00808328
-0.00822753
-0.00760825
-0.00695094
-0.00629671
-0.00604457
-0.00603606
-0.00601291
-0.00589757
-0.00557082
-0.00525715
-0.00494307
-0.00479198
-0.00464936
-0.00450641
-0.00431363
-0.00409072
-0.00386989
-0.00367178
-0.00352523
-0.00337577
-0.00322667
-0.00310433
-0.0029835
-0.00286273
-0.00287722
-0.00297368
-0.00306515
-0.00301299
-0.002634
-0.00227483
-0.00191492
-0.00117535
-0.000416911
0.000339516
0.0008233
0.00114148
0.00146906
0.00170726
0.00174424
0.00179303
0.00184106
0.00190013
0.00195971
0.00201919
0.00207113
0.00211846
0.00216601
0.00217889
0.00211307
0.00205193
0.0019906
0.00238561
0.00280414
0.00322081
0.00386968
0.00465921
0.0054396
0.00600651
0.00608824
0.00619813
0.00630625
0.0065905
0.00688375
0.00717613
0.00722537
0.00712687
0.00703704
0.00703868
0.00724922
0.00744741
0.00764609
0.00771155
0.00776987
0.00782854
0.00843509
0.00937443
0.0102935
0.0109345
0.0109421
0.0109862
0.0110281
0.0107311
0.0104164
0.010103
0.00992973
0.00984183
0.00974913
0.00964904
0.00953133
0.00941476
0.00929826
0.00917244
0.00904625
0.00892023
0.00884415
0.0087985
0.00875117
0.00865662
0.00845441
0.00825855
0.00806256
0.00819308
0.00834113
0.00848802
0.00861108
0.00871953
0.00882869
0.00903211
0.00945016
0.00985559
0.0102613
0.0101048
0.0099179
0.00973292
0.0095501
0.00936873
0.00918748
0.00889026
0.00832899
0.00778321
0.00723717
0.00723266
0.00725779
0.00728123
0.00718128
0.0070061
0.00683534
0.00686628
0.00735638
0.00782025
0.00828506
0.00830699
0.00830451
0.00830339
0.00832655
0.00836456
0.0084017
0.00829541
0.00786274
0.00744871
0.0070341
0.00729644
0.00759599
0.00789315
0.00769671
0.00719913
0.00671879
0.0064429
0.00663375
0.00679856
0.00696462
0.00736447
0.00777695
0.00818828
0.00839452
0.00847546
0.00856322
0.00870263
0.00896064
0.00921183
0.00946312
0.00930468
0.00912346
0.00894368
0.00878698
0.00864448
0.00850135
0.00857147
0.00912669
0.00965475
0.0101837
0.0101026
0.00998728
0.00987393
0.00955515
0.00911105
0.00867426
0.00843391
0.00864105
0.00882361
0.0090073
0.00896775
0.00891562
0.00886423
0.00887702
0.00892905
0.0089789
0.00900679
0.00898447
0.00896489
0.00894518
0.00865662
0.00835304
0.00805061
0.00779261
0.00756193
0.00733003
0.00701161
0.00649571
0.00599099
0.00548621
0.0056923
0.00593883
0.00618293
0.00617301
0.00600757
0.00585065
0.00582262
0.00608895
0.00633924
0.00659011
0.00660429
0.00660486
0.00660616
0.0063986
0.00606327
0.00573512
0.00549937
0.00547452
0.00543845
0.00540302
0.0051562
0.0048974
0.00463952
0.0046427
0.00480583
0.00496029
0.0051309
0.00533746
0.0055419
0.00574623
0.00597651
0.00620808
0.00643933
0.00623791
0.00577142
0.00531942
0.00493184
0.00469217
0.00444496
0.00419841
0.00448506
0.00480254
0.00511807
0.00500415
0.00462693
0.00426393
0.00415265
0.00461616
0.00504904
0.00548307
0.0055348
0.0055641
0.00559454
0.00560682
0.005608
0.00560976
0.00553127
0.00526999
0.00501851
0.00476678
0.00478674
0.00482266
0.00485772
0.00485589
0.0048314
0.00480811
0.0046053
0.00399344
0.00340344
0.00281292
0.00278583
0.00279207
0.00279658
0.00341947
0.0044217
0.00540329
0.00606298
0.00598779
0.00595062
0.00591153
0.00511623
0.00427674
0.00344038
0.00286782
0.00245756
0.00203938
0.00192894
0.00251853
0.00307156
0.00362591
0.00341052
0.00314942
0.00289094
0.00294741
0.00319747
0.00343737
0.00376151
0.00427682
0.00478183
0.00528685
0.00504577
0.00476019
0.00447718
0.00396821
0.0033206
0.00268071
0.0023281
0.00263059
0.00289947
0.00316978
0.00376195
0.00437295
0.00498239
0.00476056
0.00402756
0.00332119
0.00263459
0.00199522
0.00135411
0.00071374
0.00062895
0.000577819
0.000525039
0.00137965
0.00279218
0.00417516
0.00484396
0.00388225
0.00300356
0.00212159
0.00162818
0.00115878
0.000688648
0.000301169
-3.53306e-05
-0.00037405
-0.000698124
-0.000989507
-0.00128224
-0.0015746
-0.00170181
-0.00181885
-0.00193627
-0.00162398
-0.00104723
-0.000484243
-0.00686051
-0.0290683
-0.0504652
-0.0112733
0.00369824
0.00181179
0.000765506
-0.000103711
-0.000835743
-0.00157386
-0.00218413
-0.00250437
-0.00283868
-0.00317195
-0.00336999
-0.00355954
-0.00374932
-0.00378064
-0.00371431
-0.00365287
-0.00354257
-0.00332125
-0.00310562
-0.00288993
-0.00312265
-0.00338282
-0.00364138
-0.00390067
-0.00416026
-0.00441958
-0.00463245
-0.00473962
-0.00485187
-0.00496376
-0.00508819
-0.00521329
-0.00533823
-0.00546573
-0.00559476
-0.00572358
-0.00579671
-0.00574287
-0.00569528
-0.00564743
-0.00534678
-0.00503068
-0.00471564
-0.00466047
-0.00476568
-0.00486299
-0.00498886
-0.00517915
-0.00536613
-0.00555309
-0.00559958
-0.00563726
-0.00567534
-0.00574775
-0.00584133
-0.00593381
-0.00603733
-0.00616606
-0.00629345
-0.00642078
-0.00657412
-0.00672896
-0.00688358
-0.0067634
-0.00647357
-0.00619221
-0.00588267
-0.00550939
-0.00513953
-0.00476987
-0.00470097
-0.00465103
-0.00460023
-0.00470496
-0.00490571
-0.00510165
-0.00528523
-0.00544027
-0.00559653
-0.00575258
-0.00592739
-0.00610322
-0.00627885
-0.00644388
-0.00660231
-0.00676091
-0.00686773
-0.00685655
-0.00685101
-0.0068452
-0.00670161
-0.00654942
-0.00639777
-0.00610266
-0.00571897
-0.00533986
-0.00499707
-0.00473724
-0.00447373
-0.00421064
-0.00423904
-0.00428595
-0.00433194
-0.0045174
-0.004789
-0.00505628
-0.00526553
-0.00534211
-0.00542489
-0.00550729
-0.00562295
-0.00574062
-0.0058581
-0.00595919
-0.00605011
-0.00614142
-0.00620643
-0.00621152
-0.00621942
-0.00622719
-0.0062186
-0.00620897
-0.0061994
-0.00623759
-0.00630533
-0.00637162
-0.00642157
-0.00643413
-0.00644842
-0.00646262
-0.00628605
-0.00609736
-0.00590942
-0.00555356
-0.00509387
-0.00463945
-0.00428564
-0.0041617
-0.00402718
-0.00389327
-0.00387117
-0.00385631
-0.00384112
-0.00402873
-0.00434186
-0.00464888
-0.00487115
-0.00489951
-0.00493683
-0.0049737
-0.00522515
-0.00549027
-0.00575452
-0.00589746
-0.00596517
-0.00603631
-0.00609227
-0.00611403
-0.00613735
-0.00616058
-0.00618453
-0.0062085
-0.00623245
-0.00622374
-0.00619478
-0.00616678
-0.00601242
-0.00556936
-0.00513996
-0.00471033
-0.00460561
-0.00452212
-0.00443773
-0.00447512
-0.00458796
-0.00469724
-0.0048096
-0.00492873
-0.00504744
-0.00516607
-0.00527931
-0.00539211
-0.00550483
-0.00562906
-0.00576039
-0.00589128
-0.0059529
-0.00585631
-0.00576701
-0.00567746
-0.0058038
-0.00594418
-0.00608379
-0.00627286
-0.00649252
-0.00671059
-0.00689529
-0.00700378
-0.00711563
-0.00722723
-0.00732719
-0.0074263
-0.00752536
-0.00756269
-0.00756169
-0.00756243
-0.00745948
-0.00711966
-0.00679082
-0.00646179
-0.00643842
-0.0064352
-0.00643109
-0.00662831
-0.00695043
-0.00726664
-0.00751168
-0.00759376
-0.00768307
-0.00777198
-0.00781451
-0.00785395
-0.00789348
-0.00792565
-0.00795322
-0.00798098
-0.00791802
-0.00764764
-0.00738678
-0.00712572
-0.00678326
-0.00643567
-0.00608862
-0.00589594
-0.00579923
-0.00569832
-0.00554004
-0.00524998
-0.00496604
-0.00468208
-0.00489361
-0.00513792
-0.00538057
-0.00533807
-0.00511835
-0.00490669
-0.0045391
-0.00381548
-0.00310828
-0.00240097
-0.00252293
-0.00270011
-0.00287469
-0.00302995
-0.00317306
-0.00331659
-0.00320464
-0.00250856
-0.00183887
-0.0011686
-0.00111935
-0.00111168
-0.00110219
-0.000474186
0.000538269
0.00153293
0.00261374
0.00389096
0.00515843
0.00642522
0.00673736
0.00698521
0.00723565
0.00776542
0.00846885
0.00916405
0.00952782
0.00913334
0.00877236
0.00841023
0.00838022
0.00837257
0.00836396
0.00840696
0.00848204
0.00855565
0.00881424
0.009496
0.0101587
0.0108217
0.0108341
0.0108025
0.0107728
0.0105638
0.0102433
0.00992789
0.00979111
0.0100632
0.0103173
0.010572
0.0103672
0.0101316
0.00989741
0.00974047
0.00963168
0.00952091
0.00933316
0.00896896
0.00861268
0.00825637
0.0079268
0.00759929
0.00727198
0.00705064
0.00689538
0.00673741
0.00652229
0.00617595
0.00583554
0.00549517
0.00542535
0.005374
0.00532189
0.00514434
0.00488867
0.00463657
0.00444767
0.00440348
0.00435315
0.00430312
0.00451993
0.00475478
0.00498867
0.0054157
0.00596294
0.00650458
0.00680094
0.00653592
0.00629505
0.00605335
0.00568435
0.00530692
0.00493017
0.00451892
0.00408631
0.00365497
0.00324138
0.00286807
0.00249336
0.00211903
0.00207892
0.00206176
0.00204364
0.00174693
0.00127657
0.000813946
0.000440331
0.000270714
9.26218e-05
-8.49621e-05
0.00093903
0.0020449
0.00314638
0.00295783
0.00196464
0.00100619
0.000272116
5.40856e-05
-0.000185472
-0.000423922
-0.000574991
-0.000719918
-0.00086498
-0.00103281
-0.00121481
-0.00139606
-0.00157737
-0.00175894
-0.00194035
-0.00212162
-0.00233074
-0.00254163
-0.00275227
-0.00293994
-0.00311322
-0.00328696
-0.00340145
-0.00338052
-0.00336526
-0.00334977
-0.00332254
-0.00329451
-0.00326654
-0.0031523
-0.00298424
-0.00281856
-0.00268158
-0.00261036
-0.00253648
-0.00246277
-0.00267913
-0.00291549
-0.00315082
-0.00336489
-0.00356561
-0.00376671
-0.00398951
-0.00426229
-0.00453277
-0.00480312
-0.0048927
-0.00496962
-0.005047
-0.0049614
-0.00477404
-0.00459103
-0.0044908
-0.00458037
-0.00466204
-0.00474397
-0.00483719
-0.00493113
-0.00502496
-0.00511647
-0.00520651
-0.00529654
-0.00532948
-0.00523176
-0.00513949
-0.00504706
-0.00499801
-0.00495202
-0.00490594
-0.00477577
-0.00459308
-0.00441269
-0.00424771
-0.00411805
-0.00398705
-0.0038562
-0.00383427
-0.00382
-0.00380542
-0.00384574
-0.00392036
-0.00399351
-0.00405412
-0.00408593
-0.00411888
-0.00415177
-0.00422997
-0.00431129
-0.00439243
-0.00442477
-0.00442658
-0.00442963
-0.00443938
-0.00446462
-0.00448921
-0.0045138
-0.00459215
-0.00467422
-0.00475608
-0.00465253
-0.00443305
-0.00421843
-0.00406135
-0.00403636
-0.00400605
-0.00397599
-0.00406834
-0.00416928
-0.0042698
-0.00439735
-0.00454178
-0.0046854
-0.00482726
-0.00496513
-0.00510305
-0.00524086
-0.00530035
-0.00535425
-0.00540833
-0.00542077
-0.00540716
-0.0053946
-0.00530784
-0.00505113
-0.00480143
-0.00455165
-0.00460171
-0.00467302
-0.00474342
-0.00455001
-0.00419151
-0.00383989
-0.00367218
-0.00392623
-0.00416324
-0.00440075
-0.00436981
-0.0043198
-0.0042706
-0.00380449
-0.00307751
-0.00236149
-0.00197809
-0.00235727
-0.00270585
-0.00305536
-0.00291105
-0.00273164
-0.00255377
-0.00198955
-0.00118359
-0.00038784
0.000224264
0.00041535
0.000622946
0.000829724
0.000770482
0.00069227
0.000614869
0.000706246
0.000903344
0.00109611
0.0016171
0.00289022
0.00413269
0.00537539
0.00617007
0.0069321
0.00769483
0.00824306
0.00865678
0.00907546
0.00947449
0.00982939
0.0101857
0.0105418
0.0103556
0.0101307
0.00990745
0.00955395
0.00911895
0.00868747
0.00835648
0.00825569
0.00814598
0.0080367
0.00791916
0.0078011
0.00768316
0.00782575
0.00813163
0.00843091
0.00859671
0.00845623
0.00832779
0.00819899
0.00847864
0.00878753
0.00909505
0.00887078
0.0083131
0.0077688
0.0072931
0.00697534
0.0066517
0.00632853
0.00618899
0.0060628
0.00593619
0.00602235
0.00624194
0.00645619
0.00650772
0.00618589
0.00587874
0.00557126
0.00591799
0.00631182
0.00670352
0.00657172
0.00611148
0.00566426
0.00522981
0.00482533
0.00442001
0.00401504
0.00395258
0.003915
0.00387649
0.00367873
0.00338107
0.00308747
0.00298258
0.0033105
0.00362157
0.00393305
0.00385799
0.00375489
0.00365295
0.0037891
0.00407469
0.00435434
0.00441446
0.00397087
0.00354687
0.00312245
0.00332681
0.00357682
0.0038249
0.00385512
0.00374852
0.00364722
0.00359545
0.00365765
0.00371547
0.00377341
0.00374273
0.0037056
0.00366875
0.00384468
0.00415418
0.00445838
0.00474836
0.00500558
0.00526384
0.00552187
0.00506675
0.0045598
0.0040552
0.00413378
0.00457869
0.0050094
0.00530326
0.00528237
0.00527339
0.00526396
0.00497843
0.00467286
0.00436827
0.00450883
0.00492902
0.00533836
0.00555892
0.00534588
0.00514931
0.00495227
0.00509861
0.00527005
0.00544041
0.00548024
0.00543799
0.00539886
0.00531992
0.00514989
0.0049834
0.0048169
0.00473375
0.00465678
0.00457964
0.00455087
0.00455251
0.00455301
0.00455585
0.00456393
0.00457181
0.00457969
0.00454916
0.00451581
0.00448259
0.00416127
0.00365893
0.00316371
0.00306022
0.00385572
0.00461717
0.00537931
0.00522531
0.00500379
0.00478495
0.00451956
0.00422505
0.00393183
0.00374557
0.00380454
0.00385438
0.00390452
0.00396011
0.00401607
0.00407197
0.00408881
0.00408107
0.00407424
0.00401524
0.0038366
0.00366251
0.00348838
0.00379474
0.0041365
0.00447671
0.00416172
0.0034346
0.00272321
0.00240045
0.00297023
0.00350674
0.00404408
0.00379077
0.00347895
0.00316951
0.00317014
0.00336593
0.00355441
0.00372282
0.00384475
0.00396829
0.00409169
0.00390572
0.00369687
0.00348902
0.00343967
0.00349011
0.00353686
0.00336745
0.00270162
0.00205441
0.00140699
0.00180919
0.00228932
0.00276625
0.00263026
0.0021084
0.00160099
0.001622
0.00285666
0.00404625
0.00523661
0.00454997
0.00372369
0.0029031
0.00273102
0.00296743
0.00318883
0.00312162
0.00239084
0.00168465
0.000978081
0.000557542
0.000158655
-0.000240727
-0.000470623
-0.000593741
-0.000720634
-0.000465753
0.000665093
0.00176346
0.00286221
0.00303583
0.00314005
0.0032467
0.00307049
0.00271621
0.0023686
0.00226329
0.00271444
0.00314522
0.00357643
0.00320301
0.00276946
0.00233839
0.00228856
0.00247899
0.00266065
0.00263046
0.00211331
0.001614
0.00111441
0.00128071
0.00149695
0.00171124
0.0020583
0.00248888
0.00291617
0.00306408
0.00257065
0.00210051
0.00162987
0.00122914
0.000833918
0.000438786
0.00081481
0.00167679
0.00252082
0.00287935
0.00212239
0.00140571
0.000688108
0.000478974
0.00030831
0.000136399
0.000351956
0.000811694
0.00126243
0.00154667
0.0014483
0.00136357
0.00127842
0.00190108
0.0025768
0.00325016
0.0028594
0.00179772
0.000760556
5.66222e-05
0.000118979
0.000154185
0.000190326
0.000231286
0.000272588
0.000313848
0.00104396
0.00220834
0.00335657
0.00404557
0.00367968
0.00335124
0.0030217
0.00296945
0.00293823
0.0029063
0.00291663
0.00295362
0.00298964
0.00299214
0.00291763
0.00284587
0.00277407
0.00301909
0.00328801
0.0035559
0.00331809
0.00276127
0.00221601
0.00195508
0.00234766
0.00271709
0.00308707
0.00342049
0.00375093
0.00408124
0.00400411
0.00366988
0.00334486
0.00299283
0.00257921
0.00216803
0.00175705
0.00183764
0.00195561
0.0020722
0.00195959
0.0017023
0.00145023
0.00118111
0.000873033
0.000566523
0.000260171
4.01195e-05
-0.000173213
-0.000386631
-0.000151977
0.000365483
0.000872779
0.00120845
0.00114952
0.0011043
0.00105864
0.000636969
0.000186832
-0.000262008
-0.000675376
-0.00106622
-0.00145757
-0.00175881
-0.00185342
-0.0019551
-0.00205647
-0.00184174
-0.00160295
-0.00136515
-0.00129602
-0.00133345
-0.00136718
-0.00138855
-0.00138126
-0.00137497
-0.00136864
-0.000359941
0.000724961
0.0018065
0.00204388
0.00174792
0.00147046
0.00103617
0.000242793
-0.000537731
-0.00131816
-0.00142213
-0.00147413
-0.00152786
-0.00151679
-0.00146481
-0.00141427
-0.00144773
-0.00167427
-0.00189406
-0.00211393
-0.00227468
-0.00243079
-0.00258696
-0.00264751
-0.00264765
-0.00264984
-0.00267237
-0.00274182
-0.00280962
-0.00287744
-0.00264648
-0.00239267
-0.0021398
-0.00211203
-0.00222655
-0.00233616
-0.00246312
-0.0026297
-0.00279481
-0.00295987
-0.00309157
-0.00322062
-0.00334968
-0.00347988
-0.00361077
-0.00374155
-0.00370921
-0.0033021
-0.00290794
-0.00251361
-0.00253612
-0.00259081
-0.00264438
-0.0028115
-0.00305037
-0.00328665
-0.00345284
-0.00345797
-0.00346853
-0.0034789
-0.00351347
-0.0035499
-0.00358623
-0.00356443
-0.00350587
-0.00344858
-0.00339447
-0.00334771
-0.00330073
-0.00325379
-0.00342714
-0.00361745
-0.00380706
-0.00372159
-0.00346213
-0.00320868
-0.00307307
-0.00320857
-0.00333491
-0.00346146
-0.00339079
-0.00330486
-0.00321949
-0.00325024
-0.00335443
-0.00345611
-0.00356835
-0.00370477
-0.0038403
-0.00397577
-0.00409591
-0.00421478
-0.00433362
-0.00410412
-0.00365429
-0.00321209
-0.00289404
-0.00286159
-0.00281966
-0.00277807
-0.00282689
-0.00288272
-0.00293828
-0.00315439
-0.00347203
-0.00378609
-0.0040053
-0.00400645
-0.00401483
-0.00402297
-0.00400699
-0.00398913
-0.00397135
-0.0116233
-0.0241278
-0.0364637
-0.00121185
-0.00187682
-0.00135481
-0.00087234
-0.000827266
-0.00081648
-0.000804569
-0.00028119
0.000565878
0.00140172
0.0018678
0.0014837
0.00112785
0.000771306
0.00080793
0.00087524
0.000941496
0.00119422
0.00156494
0.00193153
0.00235552
0.00291149
0.00346276
0.00401383
0.00406039
0.00406747
0.00407584
0.00405794
0.00402345
0.00398953
0.00405122
0.00433275
0.00460691
0.00488113
0.00456291
0.00419848
0.0038358
0.00349348
0.00316418
0.00283466
0.00287138
0.00374987
0.00460035
0.00545118
0.0052004
0.00486338
0.00452938
0.00425469
0.00401769
0.00377962
0.00367875
0.00389311
0.00409708
0.00430125
0.00407527
0.00381564
0.00355727
0.00334564
0.00316368
0.00298088
0.00284593
0.00282079
0.00279211
0.00276356
0.00307681
0.00341676
0.00375562
0.00363917
0.00323419
0.0028388
0.00257581
0.00261767
0.00264966
0.00268195
0.00258578
0.00247954
0.0023737
0.00238865
0.00248018
0.00256917
0.00259401
0.00247116
0.00235315
0.00223506
0.00257429
0.00294938
0.00332308
0.00315206
0.00263575
0.00213087
0.00187668
0.0021995
0.0025036
0.0028081
0.00289014
0.00295457
0.00301953
0.00280954
0.0024253
0.00204688
0.00186762
0.00214656
0.00241066
0.00267506
0.00265214
0.00260653
0.00256166
0.00220216
0.00164324
0.00109104
0.000610141
0.000293273
-2.86212e-05
-0.00035015
5.62396e-05
0.000520021
0.000981681
0.000667695
-0.000138193
-0.000927922
-0.00137212
-0.001021
-0.000695379
-0.000369154
-0.000244441
-0.000135769
-2.66559e-05
-0.000312758
-0.000849481
-0.00137792
-0.00136479
-0.00010573
0.00111306
0.00233236
0.00144583
0.000392683
-0.000654527
-0.00131658
-0.00173402
-0.00215892
-0.00243421
-0.00236622
-0.00230911
-0.0022517
-0.00224006
-0.00223208
-0.00222398
-0.00229385
-0.00241317
-0.00253085
-0.00261159
-0.0026073
-0.00260568
-0.00260399
-0.00267005
-0.00274146
-0.00281266
-0.00290839
-0.00301966
-0.00313038
-0.00316606
-0.00302916
-0.00289777
-0.00276628
-0.00285956
-0.00297068
-0.00308117
-0.00318934
-0.00329599
-0.00340262
-0.00351373
-0.00363523
-0.00375633
-0.00387737
-0.00375112
-0.00360522
-0.00346002
-0.0033643
-0.00330001
-0.00323478
-0.00322472
-0.00334145
-0.00345416
-0.00356692
-0.00366837
-0.00376885
-0.0038693
-0.00395101
-0.0040208
-0.00409092
-0.00415567
-0.00420815
-0.00426098
-0.00431377
-0.00428417
-0.004248
-0.00421205
-0.00416935
-0.00412237
-0.00407555
-0.00405133
-0.00407909
-0.00410522
-0.00413139
-0.00417013
-0.00420985
-0.00424953
-0.00433193
-0.00444146
-0.00455007
-0.0046372
-0.00467488
-0.00471407
-0.00475319
-0.0047328
-0.00470765
-0.00468266
-0.00467283
-0.00467262
-0.00467212
-0.00466755
-0.00465356
-0.00463988
-0.00462619
-0.00466674
-0.0047116
-0.00475631
-0.00480715
-0.00486186
-0.00491643
-0.00493901
-0.00488802
-0.00483932
-0.00479058
-0.00483594
-0.00488884
-0.00494147
-0.0049428
-0.00491153
-0.00488127
-0.00486559
-0.00488349
-0.00490036
-0.00491724
-0.00494464
-0.00497287
-0.00500106
-0.00499367
-0.00496367
-0.00493437
-0.00492015
-0.00494063
-0.00496004
-0.00497947
-0.00498616
-0.00499183
-0.00499752
-0.00501928
-0.00505124
-0.00508287
-0.00509619
-0.00506738
-0.00503988
-0.00501234
-0.00501146
-0.00501273
-0.00501393
-0.00504054
-0.00508329
-0.00512553
-0.00515638
-0.00516101
-0.00516644
-0.00517185
-0.00516835
