0
0.0118702
0.0105334
0.00970878
0.008843
0.00822727
0.00816345
0.00805402
0.00794855
0.00898704
0.00992928
0.0108779
0.0110242
0.0107032
0.0104213
0.0100259
0.00938232
0.00876018
0.0081373
0.00881869
0.00939206
0.00997334
0.0101599
0.0101165
0.010092
0.00992494
0.00944107
0.00898381
0.00852513
0.0078639
0.00722021
0.00657614
0.0068533
0.00766825
0.00843829
0.00913343
0.0096533
0.0101865
0.0107178
0.00936301
0.00816253
0.00695155
0.0062321
0.00579983
0.00534516
0.00477474
0.00393873
0.00312535
0.00231147
0.00159298
0.000868006
0.000144712
-0.000292584
-0.000562174
-0.000844707
-0.000694032
0.000428475
0.00147188
0.00251992
0.00328269
0.00406688
0.00484814
0.00504875
0.00490891
0.00479622
0.00445087
0.00358661
0.00276466
0.00194068
0.000768741
-0.000373954
-0.00151715
-0.0021692
-0.00253285
-0.00291857
-0.00317004
-0.0031241
-0.00310152
-0.00307715
-0.00301686
-0.00295947
-0.00290195
-0.00254561
-0.00201399
-0.00149685
-0.000960293
-0.000381542
0.000193031
0.000767037
0.000249588
-0.000182449
-0.000620433
-0.00125583
-0.00200723
-0.00274851
-0.0033743
-0.00373961
-0.00412444
-0.00450717
-0.00450367
-0.00452989
-0.00455378
-0.00459231
-0.00463932
-0.00468561
-0.00481687
-0.00513957
-0.00544713
-0.00575538
-0.00616333
-0.00656305
-0.00696279
-0.00717442
-0.00727516
-0.00738418
-0.00741429
-0.00726821
-0.00713573
-0.00700241
-0.00688903
-0.00677431
-0.00665986
-0.00670158
-0.00683537
-0.00696201
-0.00711369
-0.00732085
-0.00752351
-0.00772621
-0.00782686
-0.00793504
-0.00804248
-0.00818479
-0.00834757
-0.00850856
-0.00852917
-0.00823318
-0.00796132
-0.00768806
-0.00759509
-0.00748881
-0.00738368
-0.00740132
-0.00749152
-0.00757618
-0.00766992
-0.00778333
-0.00789512
-0.00800686
-0.00813217
-0.0082563
-0.00838033
-0.00840989
-0.00838357
-0.00836142
-0.00825245
-0.00794824
-0.00765887
-0.00736883
-0.00728519
-0.0071865
-0.00708907
-0.00712737
-0.00724606
-0.00735868
-0.00750554
-0.00772888
-0.0079463
-0.00816383
-0.00712793
-0.00618503
-0.00523672
-0.00434865
-0.00349644
-0.00264286
-0.00197178
-0.0017108
-0.00142042
-0.00113259
-0.000758069
-0.00039037
-2.27106e-05
0.00027001
0.000518156
0.000769163
0.00100516
0.00120823
0.00141338
0.00161809
0.00169536
0.00178168
0.00186723
0.00202232
0.00221857
0.00241159
0.00262998
0.00290549
0.00317653
0.00344749
0.00344668
0.00346529
0.00348248
0.00369725
0.00402921
0.00435234
0.00471253
0.00515556
0.00559208
0.00602844
0.00583037
0.00567758
0.0055218
0.00573949
0.00617896
0.00660213
0.00691856
0.00699191
0.00708231
0.00717138
0.00752277
0.0078552
0.00818849
0.00833604
0.00837305
0.00841777
0.00848932
0.00862286
0.00875186
0.008881
0.00892955
0.00898367
0.00903732
0.00919748
0.00942095
0.0096397
0.00981761
0.00990284
0.00999441
0.0100854
0.0102208
0.010358
0.0104948
0.0106579
0.0108366
0.011014
0.0110667
0.0108378
0.0106286
0.0104184
0.0101706
0.00992155
0.00967291
0.00961617
0.00967394
0.00972375
0.00973167
0.00964364
0.00956232
0.00948064
0.00889407
0.00828681
0.0076818
0.00719187
0.00677098
0.00634594
0.00587212
0.00528652
0.00470934
0.00413237
0.00358587
0.00304135
0.00249743
0.00197027
0.00145338
0.000936495
0.000495759
0.000226383
-5.42299e-05
-0.000333703
-0.00054725
-0.000757677
-0.00096803
-0.00118915
-0.00141659
-0.00164331
-0.00189674
-0.00221092
-0.0025206
-0.00283016
-0.00313921
-0.00344786
-0.00375613
-0.00397261
-0.00413406
-0.00429898
-0.00444122
-0.00453294
-0.00462791
-0.00472255
-0.00497456
-0.00523323
-0.00549111
-0.00570876
-0.00590217
-0.00609695
-0.00625667
-0.00633761
-0.00642366
-0.00650927
-0.00662992
-0.006752
-0.00687382
-0.00703037
-0.00720765
-0.00738332
-0.00744419
-0.00724514
-0.00706348
-0.00688091
-0.00679582
-0.0067152
-0.0066344
-0.00670185
-0.00685817
-0.00700845
-0.00719739
-0.00747326
-0.00774307
-0.00801292
-0.00815483
-0.00829075
-0.00842688
-0.00842753
-0.00834687
-0.00827162
-0.0082284
-0.00825841
-0.00828361
-0.0083091
-0.0082982
-0.00828565
-0.00827322
-0.00828792
-0.00831891
-0.00834881
-0.00835899
-0.00832439
-0.00829272
-0.00826091
-0.00828648
-0.00831467
-0.00834266
-0.00841749
-0.00852042
-0.00862142
-0.00868225
-0.00865197
-0.00862758
-0.00860284
-0.00851812
-0.00843067
-0.00834352
-0.00827857
-0.00822702
-0.00817468
-0.00811839
-0.00805295
-0.00798817
-0.00792343
-0.00679324
-0.00561404
-0.00443945
-0.00367782
-0.00316523
-0.00263747
-0.00227257
-0.00227375
-0.00225172
-0.00223119
-0.00197167
-0.00170108
-0.00143153
-0.00110134
-0.000734823
-0.000371058
-9.78292e-05
-2.96898e-05
5.12868e-05
0.000131353
0.000326977
0.000527923
0.000728282
0.000942131
0.001164
0.00138508
0.00166471
0.00207737
0.00248118
0.00288505
0.00320463
0.00351977
0.0038348
0.00398714
0.00404132
0.00410154
0.00418987
0.00434292
0.00449175
0.00464066
0.00470394
0.00476296
0.00482218
0.00497718
0.00518992
0.00539883
0.00566473
0.00605974
0.00644627
0.00683286
0.00701632
0.00718959
0.00736327
0.00762079
0.00792884
0.00823339
0.00847354
0.00856751
0.00867036
0.00877253
0.00854456
0.00830047
0.00805766
0.00776049
0.00743064
0.00710319
0.00681356
0.00660956
0.00640059
0.00619217
0.00603796
0.00588662
0.00573529
0.00556532
0.00538416
0.00520389
0.00506689
0.00502795
0.00498311
0.00493867
0.00566966
0.00635276
0.00703793
0.00719282
0.00702694
0.00688066
0.00644788
0.00536718
0.00432688
0.00328541
0.00251278
0.0017546
0.00099646
0.00031909
-0.000309114
-0.000939517
-0.00145609
-0.0017155
-0.00199003
-0.00226332
-0.00238415
-0.00249706
-0.00261031
-0.00273972
-0.00287887
-0.00301728
-0.00318376
-0.0034141
-0.00364035
-0.00386659
-0.0040098
-0.0041486
-0.0042875
-0.00449325
-0.00473943
-0.00498292
-0.00516062
-0.00518888
-0.00522597
-0.0052625
-0.00517905
-0.00508947
-0.00500037
-0.00493498
-0.00488402
-0.00483227
-0.0047613
-0.00464649
-0.0045344
-0.00442227
-0.00368751
-0.00292107
-0.0021574
-0.00189334
-0.00193265
-0.0019541
-0.00218233
-0.00287797
-0.00354541
-0.00421372
-0.00446328
-0.00469063
-0.00491901
-0.00493253
-0.00481564
-0.0047065
-0.00468344
-0.00485688
-0.00501868
-0.00518096
-0.00504793
-0.00489945
-0.00475204
-0.00472722
-0.00477692
-0.00482224
-0.00487192
-0.00493097
-0.00498941
-0.00504782
-0.005089
-0.00512922
-0.00516945
-0.00515714
-0.00511291
-0.00507057
-0.00503414
-0.00501131
-0.00498773
-0.00496421
-0.00510323
-0.00525079
-0.00539769
-0.00552984
-0.00565296
-0.00577645
-0.00546627
-0.00417034
-0.00293233
-0.00169242
-0.00147246
-0.00130756
-0.00113971
-0.00102722
-0.000948349
-0.00086765
-0.000838673
-0.000926942
-0.00100844
-0.00109022
-0.000633161
-0.000147407
0.000336166
0.000479823
0.0004164
0.000364788
0.000531013
0.00119414
0.00182839
0.00246357
0.00278328
0.0030855
0.00338838
0.00363957
0.00385921
0.00408038
0.00431853
0.00459581
0.00487058
0.00514518
0.00503194
0.00489758
0.00476455
0.00486015
0.0050951
0.00532197
0.00556322
0.00583643
0.00610755
0.00637848
0.00662348
0.0068668
0.00710994
0.00739949
0.00771723
0.00803304
0.00832499
0.00856284
0.00880344
0.00904362
0.00906017
0.00906432
0.00906915
0.00901037
0.00891284
0.00881756
0.00870648
0.00855961
0.00841489
0.0082702
0.00849703
0.00874433
0.00899023
0.00917773
0.00932947
0.00948301
0.00956335
0.00947754
0.00940096
0.00932397
0.00927799
0.0092338
0.00918955
0.00916432
0.0091507
0.00913646
0.00916877
0.00930695
0.00943918
0.00957159
0.0093022
0.00901046
0.00872027
0.0082328
0.00762504
0.0070245
0.00679809
0.00742347
0.0080018
0.00858206
0.00855255
0.00848857
0.00842653
0.00793014
0.00716848
0.00642203
0.00585416
0.00569375
0.00551144
0.00533052
0.00472276
0.0040913
0.00346181
0.00278086
0.00206875
0.0013591
0.000759877
0.000411429
4.98516e-05
-0.00031063
0.00125832
0.00293608
0.00460619
0.00529748
0.00538928
0.00551314
0.00545279
0.0049771
0.00452415
0.00407048
0.00328918
0.00248979
0.00169222
0.0010411
0.000479922
-8.54533e-05
-0.000610872
-0.0010466
-0.00148665
-0.001926
-0.00218742
-0.0024383
-0.00268949
-0.00252497
-0.0021059
-0.00170079
-0.00105619
0.000132827
0.00129173
0.002451
0.00214368
0.00175156
0.00136434
0.000973426
0.000580557
0.000188207
-0.000260182
-0.00083673
-0.00140592
-0.00197489
-0.00233414
-0.00268083
-0.00302782
-0.00323008
-0.00334355
-0.00346157
-0.00353828
-0.0035216
-0.00350983
-0.00349781
-0.00356982
-0.00364668
-0.00372321
-0.00321105
-0.00233798
-0.00148468
-0.000897185
-0.000916634
-0.000904401
-0.000893833
-0.000902794
-0.000912905
-0.000922945
-0.00111745
-0.00142507
-0.00172649
-0.00206041
-0.00246806
-0.00287146
-0.00327466
-0.00360282
-0.00392623
-0.00424955
-0.00433633
-0.00427787
-0.00422697
-0.00402617
-0.00348451
-0.00296101
-0.00243711
-0.00209149
-0.00175678
-0.00142185
-0.00128482
-0.00126937
-0.00124769
-0.00122518
-0.00120002
-0.00117501
-0.00115003
-0.00161693
-0.00211274
-0.00260657
-0.00308136
-0.00354423
-0.00400724
-0.00432284
-0.00430299
-0.0043003
-0.00429674
-0.00438785
-0.00448455
-0.00458087
-0.00431106
-0.00381627
-0.00333344
-0.00281545
-0.00221802
-0.00162523
-0.00103282
-0.000622106
-0.000222703
0.000176869
0.000269
0.000172041
8.47595e-05
0.000112706
0.000404459
0.000682574
0.000961096
0.00109158
0.00121299
0.00133474
0.00158112
0.00190409
0.00222287
0.00246701
0.00254085
0.00262319
0.00270502
0.00280836
0.00291292
0.00301731
0.00327951
0.00363875
0.00399276
0.00434603
0.00469748
0.00504868
0.00539953
0.00523081
0.00503057
0.0048321
0.00490802
0.00515292
0.00538914
-0.00182677
-0.0260441
-0.0493901
-0.00958478
0.00698235
0.00610037
0.00608694
0.00602223
0.00595472
0.0058874
0.00585402
0.005898
0.0059381
0.00597835
0.00618864
0.00640919
0.00662901
0.00678841
0.00691049
0.00703429
0.00710399
0.00705059
0.00700331
0.00695578
0.00666644
0.00636244
0.00605946
0.00611106
0.00638126
0.00664046
0.00685632
0.00697236
0.00709319
0.00721367
0.00674237
0.00623484
0.00572958
0.00520689
0.0046737
0.00414155
0.00364411
0.00322532
0.0028031
0.00238146
0.00204402
0.0017121
0.00138025
0.00109656
0.000842677
0.000587594
0.000628432
0.00134427
0.00202659
0.00270988
0.00321069
0.00369967
0.00418876
0.00417565
0.00385258
0.00354483
0.00304464
0.00210644
0.00119034
0.000274053
-0.000332692
-0.000919528
-0.00150676
-0.00169677
-0.00164147
-0.00159805
-0.00154302
-0.00146276
-0.00138379
-0.00130483
-0.00138113
-0.00146712
-0.00155257
-0.00129301
-0.000820407
-0.000358482
-2.30607e-05
2.29089e-05
8.27038e-05
0.000141779
-0.000456775
-0.00109632
-0.0017333
-0.00219162
-0.00253932
-0.00289197
-0.00316834
-0.00327152
-0.00338285
-0.00349369
-0.00348422
-0.00346714
-0.00345044
-0.00330745
-0.00308645
-0.00286936
-0.00269411
-0.00261457
-0.00253056
-0.00244684
-0.00257808
-0.00272287
-0.00286688
-0.00304006
-0.0032312
-0.00342132
-0.00355654
-0.00356654
-0.00358245
-0.00359806
-0.00341981
-0.00322935
-0.00303965
-0.00285865
-0.00268313
-0.00250751
-0.00214724
-0.00136494
-0.000603208
0.00015877
0.000926387
0.00169373
0.00246036
0.0026771
0.00255345
0.00244587
0.00247335
0.00281101
0.00313385
0.00345707
0.00355336
0.00363499
0.00371723
0.00416521
0.00483949
0.00550258
0.00613763
0.00670822
0.00728127
0.00785368
0.00769452
0.00748833
0.00728453
0.00728188
0.00740389
0.00752
0.00747998
0.00708276
0.00670246
0.00632173
0.00646873
0.00664972
0.00682898
0.00685425
0.00678407
0.00671836
0.00676191
0.00705551
0.0073373
0.00761938
0.0078716
0.00812167
0.00837162
0.00778423
0.00667812
0.00559688
0.00459766
0.00378723
0.00296887
0.00215163
0.0017674
0.00141169
0.00105499
0.000680328
0.000294619
-9.02306e-05
-0.00042276
-0.000636083
-0.000854662
-0.0010728
-0.00122971
-0.00138249
-0.00153533
-0.00170129
-0.00187534
-0.00204887
-0.00218689
-0.0022439
-0.00230454
-0.00236496
-0.00249778
-0.00263524
-0.00277236
-0.00286395
-0.00292727
-0.00299182
-0.00309846
-0.00330154
-0.00350007
-0.00369863
-0.0038953
-0.00409168
-0.0042879
-0.00438696
-0.00442569
-0.00446711
-0.0044761
-0.0044113
-0.00434988
-0.00428836
-0.00439973
-0.00452241
-0.00464447
-0.00481308
-0.00501053
-0.00520651
-0.0053712
-0.00546445
-0.00556082
-0.00565697
-0.00574851
-0.00583966
-0.00593075
-0.00593135
-0.00587574
-0.0058227
-0.00576137
-0.0056813
-0.00560214
-0.005523
-0.00547464
-0.00542836
-0.00538203
-0.00536413
-0.00536388
-0.00536285
-0.00537403
-0.00541305
-0.00545079
-0.00548855
-0.00547043
-0.0054486
-0.00542695
-0.00543762
-0.00546835
-0.00549818
-0.00552693
-0.00555319
-0.00557954
-0.00560586
-0.00576095
-0.00592451
-0.00608754
-0.00615642
-0.00616672
-0.00617961
-0.00617469
-0.00612935
-0.00608583
-0.00604227
-0.00603605
-0.00603233
-0.0060285
-0.00600628
-0.00597262
-0.00593949
-0.00590975
-0.00588779
-0.0058655
-0.00584324
-0.00562419
-0.00539209
-0.00516077
-0.0047384
-0.00419735
-0.00366196
-0.00334989
-0.00354863
-0.00372487
-0.00390193
-0.00369189
-0.00345597
-0.00322138
-0.0026268
-0.00180843
-0.00100054
-0.000262998
0.000313468
0.000896445
0.00147863
0.00145886
0.00139848
0.00133992
0.00171494
0.00235977
0.00299232
0.00376257
0.00484738
0.00591761
0.00698754
0.00696498
0.00686849
0.00677528
0.00676144
0.00679711
0.00683061
0.00693015
0.00718066
0.00742444
0.00766829
0.00736033
0.00701515
0.00667188
0.00664359
0.00681153
0.00697088
0.00710506
0.00718096
0.0072593
0.00733746
0.00714269
0.00692949
0.00671726
0.00677416
0.00699872
0.0072159
0.00733256
0.00721867
0.00711474
0.00701047
0.00724506
0.0075026
0.00775893
0.00721702
0.00617782
0.00516072
0.00456265
0.0049247
0.00524553
0.00556784
0.00457197
0.00348667
0.00240611
0.00179936
0.00148825
0.00116485
0.00084446
0.000529377
0.000214337
-0.000100439
-0.000244703
-0.000377162
-0.000510008
-0.000604237
-0.000674372
-0.000745468
-0.000839311
-0.000985405
-0.00112917
-0.00127291
-0.00134004
-0.00140185
-0.00146383
-0.00158018
-0.0017304
-0.00187908
-0.00204377
-0.00224518
-0.00244488
-0.00264447
-0.00277165
-0.00289374
-0.00301594
-0.00310292
-0.00316791
-0.00323376
-0.00330039
-0.00336894
-0.00343736
-0.00350572
-0.00359199
-0.00367944
-0.00376676
-0.00387986
-0.00400901
-0.00413738
-0.0042538
-0.00434291
-0.00443309
-0.00452315
-0.00458505
-0.00464495
-0.00470489
-0.00466562
-0.00456442
-0.00446589
-0.00436235
-0.00424749
-0.00413319
-0.00401897
-0.00410994
-0.00421511
-0.00431961
-0.00443686
-0.00456202
-0.00468675
-0.00481206
-0.0049388
-0.00506537
-0.00519184
-0.00521588
-0.00523276
-0.00524993
-0.0051327
-0.00493156
-0.00473406
-0.00460786
-0.00464511
-0.00467559
-0.00470633
-0.00465037
-0.00458841
-0.00452675
-0.00445091
-0.00436626
-0.00428204
-0.00415623
-0.00393512
-0.0037181
-0.00350109
-0.00345705
-0.00342514
-0.00339277
-0.00324504
-0.00302525
-0.00280858
-0.00253765
-0.00214246
-0.00175268
-0.00136299
-0.00129667
-0.00125308
-0.00120861
-0.00112119
-0.00100694
-0.000893877
-0.000466328
0.000681667
0.00179941
0.00291747
0.00319903
0.00342156
0.00364631
0.00376445
0.00381595
0.00387011
0.00396406
0.00414947
0.00433103
0.0045126
0.00480194
0.00509867
0.00539487
0.00565554
0.00589391
0.00613299
0.00642453
0.00683661
0.00724349
0.00765025
0.0073455
0.0069907
0.00663821
0.00642362
0.00629543
0.00616386
0.0061264
0.00630409
0.00647298
0.0066421
0.00653981
0.00641837
0.00629781
0.00612185
0.0059113
0.00570231
0.0055222
0.00540819
0.00529163
0.00517526
0.00478071
0.0043667
0.0039538
0.00391107
0.00410008
0.00427968
0.00439657
0.00436902
0.00434726
0.00432529
0.00399732
0.00364781
0.00329944
0.00288833
0.00243808
0.00198975
0.0016072
0.0013751
0.00113722
0.000899755
0.000417553
-8.17555e-05
-0.000579989
-0.000584756
-0.000280464
1.13417e-05
0.000139986
-0.000106185
-0.000337328
-0.000568884
-0.0007022
-0.000828406
-0.000954792
-0.00121679
-0.00156367
-0.00190692
-0.00216754
-0.00223875
-0.00231737
-0.00239564
-0.00225161
-0.00209175
-0.00193264
-0.0018144
-0.00172182
-0.0016283
-0.00147923
-0.00120263
-0.000931253
-0.000659887
-0.000767303
-0.000901827
-0.00103518
-0.00137082
-0.0018331
-0.00229007
-0.00264496
-0.00276582
-0.00289574
-0.0030252
-0.00266804
-0.00227612
-0.00188586
-0.00148236
-0.0010707
-0.000659688
-0.000293323
-2.89569e-05
0.000239176
0.000506954
0.00109848
0.00171294
0.00232602
0.0023173
0.00191867
0.00153549
0.00133816
0.00156794
0.00178097
0.00199449
0.00118495
0.000302077
-0.000577269
-0.000705418
-0.00036231
-3.77056e-05
0.000190176
0.000194939
0.000208322
0.000221362
0.000335904
0.000457712
0.000579146
0.000545477
0.000414508
0.000287391
0.000169888
7.46484e-05
-2.13755e-05
-0.000117295
0.000169252
0.00048334
0.000796129
0.000658024
0.000236995
-0.000172845
-0.000360573
-3.83466e-05
0.000264071
0.000567017
0.000437158
0.000275938
0.000116042
-0.000109214
-0.000375401
-0.000639819
-0.000722508
-0.000388526
-7.07211e-05
0.000247459
-5.77074e-05
-0.000408055
-0.000756411
-0.000532495
5.0675e-05
0.00061971
0.00109859
0.00137002
0.00164914
0.00192776
0.0015844
0.00119588
0.000809379
0.000880402
0.00123875
0.00158592
0.00196187
0.00240322
0.00284175
0.00328005
0.00277659
0.00220462
0.00163567
0.00142765
0.00144645
0.00145665
0.00152545
0.00172791
0.00192517
0.00212248
0.00175281
0.00134185
0.000932764
0.00088385
0.00106126
0.00123001
0.00142533
0.00168099
0.00193419
0.00218729
0.00243713
0.00268656
0.00293582
0.00246774
0.00154901
0.000647891
9.93661e-05
0.000360405
0.000590893
0.000822354
0.00131255
0.00182145
0.00232926
0.00243867
0.00229763
0.00216605
0.0021479
0.00239068
0.00262353
0.00285657
0.00209941
0.0012698
0.000443512
0.000137681
0.000159193
0.000168493
0.000514991
0.00163413
0.00272368
0.00381353
0.003979
0.00407613
0.00417574
0.003772
0.00305193
0.00234413
0.00187533
0.0019553
0.00201486
0.00207513
0.00188444
0.00167531
0.00146703
0.00162492
0.0020131
0.00239248
0.00259
0.00236979
0.00216518
0.00196015
0.00203442
0.00212933
0.0022234
0.00180457
0.00106316
0.00033419
-0.000198568
-0.000280673
-0.000379304
-0.000477254
0.000610675
0.00178592
0.00295709
0.00321712
0.00290369
0.00261154
0.00239792
0.00236603
0.00232751
0.00228925
0.00168232
0.00103349
0.000386678
0.000269345
0.000485318
0.000688941
0.000987138
0.00150155
0.00200768
0.00251375
0.00186281
0.0011261
0.000393055
-2.13065e-05
-0.000234874
-0.000455603
-0.000607356
-0.000601609
-0.000601599
-0.00060138
-0.000233102
0.000162406
0.000556637
0.000535063
0.000251664
-2.20214e-05
-0.000288233
-0.000536729
-0.000785687
-0.00103445
-0.00105283
-0.00105398
-0.00105575
-0.0011569
-0.00132062
-0.00148196
-0.00147202
-0.00106885
-0.000680175
-0.00029126
0.000523986
0.00137064
0.00221554
0.00213048
0.00145962
0.000810365
0.000296462
9.44908e-05
-0.000118567
-0.000331073
-0.000756522
-0.00119767
-0.00163794
-0.00188447
-0.00200886
-0.00213756
-0.00186499
-0.000671663
0.000487769
0.00164759
0.00184385
0.00196757
0.00209381
0.00174318
0.0010922
0.000452429
5.84881e-05
0.000229293
0.000379785
0.000530895
0.000622811
0.000710215
0.000797718
0.00104738
0.00139918
0.00174709
0.00194229
0.00178685
0.00164401
0.00150082
0.00142557
0.00135549
0.00128528
0.00122481
0.00117051
0.00111603
0.000919464
0.000396581
-0.000114348
-0.000625337
-0.000719869
-0.000782885
-0.000846974
-0.000959945
-0.00110374
-0.00124634
-0.00109304
-0.000260265
0.000547882
0.00135633
0.00111018
0.000784405
0.00046167
0.000227654
4.97158e-05
-0.000130076
-0.000313325
-0.000504836
-0.000695921
-0.000886887
-0.000414509
0.000107843
0.000628068
0.000698255
0.000484496
0.000280871
0.000186203
0.000342413
0.000489702
0.000637201
0.000348409
2.66815e-05
-0.000293665
-0.000518209
-0.000682225
-0.000848246
-0.000940863
-0.000865203
-0.000795486
-0.00072561
-0.000474486
-0.000209738
5.43493e-05
0.000323992
0.000597064
0.000869824
0.00084672
0.000144263
-0.000534009
-0.00121265
-0.0014147
-0.00158032
-0.0017471
-0.00180864
-0.00180376
-0.00180119
-0.00146066
-0.000343997
0.000744914
0.00183403
0.00147344
0.00100249
0.000535703
7.72961e-05
-0.000375618
-0.000828409
-0.00119265
-0.00135388
-0.00152204
-0.00168984
-0.00161873
-0.0015294
-0.00144077
-0.000836019
9.446e-05
0.00101304
0.00156885
0.00129116
0.00104242
0.000792861
0.000849747
0.000930042
0.00100947
0.000847043
0.000531883
0.000222201
-1.59876e-05
-8.97661e-05
-0.00016915
-0.000248286
-0.000445863
-0.000652395
-0.000858478
-0.000177821
0.0010628
0.00228335
0.00288844
0.00207895
0.00131852
0.000556923
0.000323806
0.000131388
-6.22913e-05
-0.000159348
-0.000195368
-0.000233451
-0.000352236
-0.000656648
-0.000954511
-0.00125239
-0.000519341
0.000292512
0.00110112
0.00146281
0.00154193
0.00163063
0.00164357
0.00148329
0.00132902
0.00117465
0.000898191
0.000612504
0.000327325
6.02452e-05
-0.000195324
-0.000451111
-0.00067562
-0.000828506
-0.000983719
-0.00113875
-0.000943854
-0.000722097
-0.000501401
-0.000190279
0.000177909
0.000543916
0.000782792
0.000729671
0.000686462
0.000642947
0.00024248
-0.00018531
-0.000611887
-0.000864502
-0.00100705
-0.00115321
-0.00130139
-0.00145461
-0.00160756
-0.00176042
-0.00141688
-0.00103515
-0.000654966
-0.000292115
5.96594e-05
0.00041157
0.000550045
0.000198314
-0.000136714
-0.000472077
-0.000596021
-0.000703518
-0.000811496
-0.000964503
-0.00114597
-0.00132636
-0.00149112
-0.00162005
-0.00175009
-0.00188
-0.00141769
-0.000909724
-0.000403623
-5.57943e-05
0.000191794
0.000442564
0.000687829
0.000920912
0.00115425
0.00138741
0.000586667
-0.000293908
-0.00117124
-0.00118745
-0.000658758
-0.000148559
0.000206337
0.000203268
0.000212106
0.000220542
0.000174843
0.000124959
7.52471e-05
3.64283e-05
4.51506e-06
-2.76061e-05
-5.15047e-05
-5.65464e-05
-6.22098e-05
-6.78488e-05
-0.000132363
-0.000201425
-0.000270291
-0.00869233
-0.0223994
-0.0359227
0.00366605
0.0013875
0.000493586
-0.000445468
-0.000730822
-0.000965188
-0.00120108
-0.000789131
3.28035e-05
0.000840683
0.00135389
0.00118929
0.00104711
0.000904293
0.00113898
0.00140302
0.00166591
0.00175534
0.0017349
0.00171807
0.00164421
0.00143946
0.00123914
0.0010388
0.00158434
0.00218789
0.00278914
0.00298319
0.00291928
0.00286386
0.00268161
0.00220837
0.00174496
0.00128153
0.00112812
0.000999073
0.000869316
0.000832298
0.000854011
0.000873792
0.000910426
0.000985677
0.00105962
0.00113356
0.00149302
0.00187466
0.00225534
0.00181489
0.000854362
-8.86246e-05
-0.000779075
-0.000888327
-0.0010164
-0.00114377
-0.0011737
-0.00119596
-0.00121846
-0.000253377
0.0013372
0.00290646
0.00365397
0.00251156
0.00143112
0.000349366
-2.30904e-05
-0.000339557
-0.000657631
-0.000910176
-0.00112118
-0.00133338
-0.00147563
-0.00145725
-0.00144408
-0.00143075
-0.00148131
-0.00153688
-0.00159224
-0.000959464
0.000109331
0.00116339
0.00174217
0.00122773
0.000748804
0.000269044
-0.000175626
-0.000617279
-0.00105874
-0.0013007
-0.00141614
-0.00153556
-0.00163103
-0.00167181
-0.00171431
-0.00175673
-0.00163071
-0.00149145
-0.0013527
-0.00116977
-0.000958874
-0.000749006
-0.000610325
-0.000635265
-0.000654957
-0.000674804
-0.00111357
-0.00158521
-0.00205549
-0.00222655
-0.00220781
-0.00219513
-0.00207543
-0.00171
-0.00135264
-0.000995245
-0.000712315
-0.000435439
-0.000158547
-0.000389905
-0.000943551
-0.00148659
-0.00190404
-0.00203227
-0.00216961
-0.00230657
-0.00232695
-0.00233807
-0.00234947
-0.00237413
-0.00240719
-0.00243997
-0.00214634
-0.00110188
-8.1865e-05
0.000938277
0.000462678
-0.000131355
-0.000721266
-0.00118731
-0.00157458
-0.00196409
-0.00225914
-0.00233736
-0.00242238
-0.00250713
-0.00247633
-0.00243637
-0.00239673
-0.00186587
-0.00102344
-0.000191361
0.00036616
0.000292001
0.000237771
0.000182949
-0.00043786
-0.00110335
-0.00176702
-0.00207493
-0.00215695
-0.00224601
-0.00230323
-0.00228779
-0.00227464
-0.00226142
-0.00178434
-0.00127057
-0.000758269
-0.000512252
-0.000435331
-0.000353165
-0.00042965
-0.000870691
-0.00130005
-0.00172951
-0.00186046
-0.00196753
-0.00207528
-0.00207051
-0.00199433
-0.00192042
-0.00189753
-0.00199215
-0.00208304
-0.00217399
-0.00231675
-0.00246357
-0.00261017
-0.00272668
-0.00282407
-0.00292198
-0.00300905
-0.00307125
-0.00313419
-0.00319707
-0.0031702
-0.00313617
-0.00310238
-0.00280564
-0.00234199
-0.00188381
-0.00150541
-0.00131063
-0.00111028
-0.000910222
-0.00141246
-0.00197063
-0.00252673
-0.00278102
-0.00284353
-0.00291193
-0.00297375
-0.00302091
-0.0030685
-0.00311604
-0.00310513
-0.00308954
-0.00307411
-0.00309345
-0.00313489
-0.00317561
-0.00320943
-0.00322733
-0.00324572
-0.00326407
-0.00329136
-0.00331934
-0.00334729
-0.00338864
-0.00343849
-0.00348805
-0.00353632
-0.00358162
-0.00362699
-0.00367233
-0.00370389
-0.00373432
-0.00376476
-0.0037729
-0.00376685
-0.00376124
-0.00376052
-0.0037711
-0.00378132
-0.00379155
-0.00379459
-0.00379704
-0.00379951
-0.00379531
-0.00378687
-0.00377857
-0.00378838
-0.0038399
-0.00389011
-0.00394033
-0.00392875
-0.0039122
-0.00389581
-0.0038966
-0.00390831
-0.00391968
-0.00392208
-0.0039038
-0.00388617
-0.00386853
-0.0038919
-0.00391856
-0.0039451
-0.00396832
-0.00398941
-0.00401056
-0.00403363
-0.00406115
-0.00408853
-0.00411589
-0.00410766
