0
0.011839
0.010731
0.0109401
0.0110395
0.0111818
0.0113994
0.0116104
0.0118217
0.0113152
0.0108688
0.0104183
0.0101341
0.00994681
0.00975186
0.0097292
0.0100919
0.0104223
0.0107548
0.0102
0.00971878
0.00923234
0.00936261
0.00985225
0.0103117
0.0105762
0.0103977
0.0102556
0.0101108
0.0104733
0.010794
0.0111176
0.0109732
0.0105557
0.0101611
0.00985651
0.00975794
0.00964289
0.00952935
0.00935753
0.00919069
0.00902372
0.00916423
0.00948442
0.00978965
0.00995613
0.00980831
0.00968594
0.00956172
0.00937327
0.00919026
0.00900711
0.00907348
0.00928586
0.00948625
0.00935407
0.0084717
0.00765042
0.00682558
0.00683895
0.00678578
0.00673796
0.00698862
0.00741431
0.00782548
0.00815162
0.00828458
0.00843258
0.00857915
0.00722816
0.00599721
0.00475875
0.00418762
0.00400782
0.00379758
0.00410342
0.00556527
0.0069343
0.00830844
0.0076702
0.00719018
0.00669855
0.0062005
0.00569834
0.00519728
0.00474926
0.00441988
0.00408179
0.00374491
0.00450971
0.00518792
0.00587179
0.00577673
0.00522417
0.00470783
0.00428145
0.0040632
0.00382923
0.00359684
0.0034897
0.00337308
0.00325737
0.00405423
0.00538767
0.00667792
0.0073098
0.006453
0.00571141
0.00496214
0.00391461
0.00289146
0.001868
0.00186274
0.00245716
0.00300505
0.00363998
0.00446398
0.00527237
0.00608072
0.00567365
0.00535928
0.00503837
0.00423914
0.00315798
0.00209975
0.00141256
0.00156388
0.00165177
0.00174431
0.00273192
0.00365074
0.00457335
0.00455277
0.00397575
0.00344131
0.00287725
0.00225274
0.00163368
0.00101514
0.00124948
0.00141982
0.00159468
0.00232649
0.00338717
0.0044218
0.00489381
0.00409415
0.00339009
0.00267998
0.00185417
0.00103815
0.000222611
3.24747e-05
0.000212241
0.000364422
0.00111218
0.00319932
0.00518469
0.00717463
0.00654463
0.0061082
0.00565819
0.00470056
0.00344231
0.00220794
0.00119808
0.000696567
0.000158605
-0.000375906
0.000243484
0.000777743
0.00131743
0.00210102
0.00302898
0.00394508
0.00460881
0.00470257
0.00483759
0.00496942
0.00434627
0.00377873
0.00320798
0.00277852
0.00243288
0.00208169
0.00190797
0.00213339
0.00232971
0.00252785
0.00377166
0.00493846
0.00610911
0.00619304
0.0056322
0.00511841
0.00447296
0.003537
0.00262318
0.00170909
0.00151672
0.00127307
0.00103344
0.00138575
0.00208969
0.00276758
0.00319596
0.00305761
0.00295973
0.00285913
0.00212111
0.00142936
0.000735301
0.00127666
0.00255207
0.00377377
0.00475019
0.00516581
0.00562042
0.00607164
0.00600447
0.0059739
0.0059408
0.0051517
0.00391305
0.0027077
0.00168672
0.00108562
0.000455946
-0.000170849
-0.000470588
-0.000792778
-0.00111295
0.000178522
0.0024292
0.00460985
0.00631362
0.00693202
0.00762508
0.00831199
0.00825097
0.00815899
0.00806929
0.0075332
0.00673143
0.00594917
0.00528451
0.00488747
0.00447249
0.00405932
0.00426894
0.00450441
0.00473778
0.00515379
0.00567845
0.00619492
0.00668329
0.00710775
0.00753601
0.00796342
0.0071673
0.00632029
0.00547791
0.00486022
0.00437716
0.00388555
0.00348593
0.00329213
0.00308456
0.00287822
0.00235979
0.00182862
0.00129904
0.000784887
0.000280265
-0.00022432
-0.000668438
-0.000976649
-0.00129364
-0.00160962
-0.000982948
-0.000316191
0.000346959
0.000388675
5.86625e-05
-0.000245856
-0.000651594
-0.00128294
-0.00189827
-0.00251385
-0.0028205
-0.00311326
-0.00340656
-0.00365555
-0.00387796
-0.00410185
-0.0041249
-0.00369397
-0.00329395
-0.00289239
-0.00223061
-0.00155809
-0.000887182
-0.0011201
-0.00189419
-0.00263128
-0.00327201
-0.00369014
-0.00412249
-0.00455333
-0.00491858
-0.00528046
-0.00564208
-0.00590584
-0.00611082
-0.00631942
-0.00642358
-0.00629219
-0.0061765
-0.00605992
-0.00501025
-0.00391971
-0.00283329
-0.00272044
-0.00319165
-0.00362392
-0.00409573
-0.0046519
-0.00520183
-0.00575144
-0.00609344
-0.00642559
-0.00675795
-0.00699017
-0.00716221
-0.00733794
-0.00748737
-0.00757808
-0.0076725
-0.00776655
-0.00726085
-0.00672817
-0.00619793
-0.00541472
-0.00448002
-0.00355634
-0.00296561
-0.00312936
-0.00324414
-0.00336192
-0.00329797
-0.00322567
-0.00315401
-0.0032183
-0.00336428
-0.00350482
-0.00351993
-0.00325017
-0.00299906
-0.00274708
-0.00185494
-0.000933861
-1.58163e-05
0.000563685
0.000939207
0.00132729
0.00153622
0.0013416
0.00117297
0.00100291
0.0011081
0.00122615
0.00134323
0.00137117
0.00134541
0.00132308
0.00135512
0.00151086
0.00165855
0.00180657
0.00229205
0.00279305
0.00329244
0.00366602
0.00396362
0.00426564
0.00438378
0.00408613
0.00381505
0.00354264
0.00288695
0.00221358
0.00154217
0.00104508
0.000653327
0.000255457
0.00016479
0.000769292
0.00132951
0.00189179
0.00256677
0.00324646
0.00392501
0.00399786
0.00370537
0.00343603
0.00304055
0.00236186
0.00170165
0.00104111
0.000445371
-0.00014655
-0.000737973
-0.00118771
-0.00155173
-0.00192061
-0.00222628
-0.00238981
-0.00256193
-0.0027333
-0.00281181
-0.00288566
-0.00295971
-0.00238463
-0.00141782
-0.000476334
0.000480084
0.00146829
0.00245332
0.00343734
0.00242295
0.00131061
0.000205646
-0.000714593
-0.00152254
-0.00233638
-0.00299067
-0.00328503
-0.00360102
-0.00391531
-0.00414528
-0.00437079
-0.00459629
-0.00483038
-0.00506956
-0.00530814
-0.00552822
-0.00570664
-0.00588737
-0.00606774
-0.00612804
-0.00619554
-0.00626252
-0.00626147
-0.00621925
-0.00617956
-0.00618917
-0.00631095
-0.00642582
-0.00654096
-0.00666925
-0.00679806
-0.00692669
-0.00704643
-0.00716072
-0.00727521
-0.0073879
-0.00749675
-0.0076057
-0.00771451
-0.00775457
-0.00779108
-0.00782776
-0.00786329
-0.00789813
-0.00793296
-0.00796212
-0.00797844
-0.00799551
-0.00801252
-0.00812271
-0.00823758
-0.00835204
-0.00845557
-0.00855242
-0.00864956
-0.00871786
-0.00872085
-0.00872771
-0.00873433
-0.00858305
-0.00842375
-0.00826511
-0.00813671
-0.00802673
-0.00791579
-0.00785027
-0.00788766
-0.00791894
-0.00795054
-0.00799115
-0.00803219
-0.00807315
-0.00817283
-0.00830809
-0.0084411
-0.00853347
-0.0085334
-0.00853874
-0.00854376
-0.00786446
-0.00714999
-0.0064384
-0.00538232
-0.00411762
-0.00286656
-0.00187735
-0.00148313
-0.00105472
-0.000628789
-0.000413057
-0.000208658
-3.8371e-06
0.000272519
0.00059224
0.000909075
0.0012427
0.00161458
0.00198381
0.00235277
0.00250801
0.00265173
0.00279595
0.00307644
0.00343967
0.00379771
0.00416448
0.00455096
0.00493586
0.0053204
0.00538321
0.00542875
0.00547523
0.0055404
0.00561693
0.00569272
0.00579454
0.00595552
0.00611294
0.00627038
0.00580386
0.00530426
0.00480711
0.00450758
0.00432848
0.00414273
0.00395726
0.00377128
0.00358554
0.00339999
0.00442957
0.00552386
0.00661323
0.00665635
0.00606228
0.00550502
0.00497747
0.00452155
0.00406208
0.00360334
0.00342331
0.00325863
0.00309327
0.00327084
0.00365721
0.00403137
0.00446393
0.00502828
0.00558458
0.0061407
0.00558399
0.00496691
0.00435392
0.00371383
0.00305763
0.00240307
0.00189215
0.00170726
0.00150434
0.00130264
0.00149169
0.00170206
0.00191101
0.00258146
0.00353301
0.00446783
0.00512493
0.00514936
0.00520896
0.00526655
0.00467859
0.00405546
0.00343497
0.0028352
0.0022484
0.00166152
0.00120736
0.00105433
0.000884801
0.000716372
0.00146589
0.0022658
0.00306203
0.00379839
0.0044978
0.00519847
0.00536867
0.00433276
0.00336437
0.00239333
0.00178546
0.00119849
0.000611028
0.0002787
0.000102292
-8.24703e-05
6.53591e-05
0.000968896
0.00183008
0.00269264
0.00397713
0.00528414
0.00658848
0.00644951
0.00542859
0.00445688
0.00352046
0.00266925
0.00181433
0.000960545
0.000502805
6.79225e-05
-0.000367729
-0.000593607
-0.000691192
-0.000795628
-0.000359154
0.00130786
0.00290644
0.00450699
0.00509564
0.00562617
0.00615928
0.00552634
0.00418055
0.00287466
0.00175759
0.00107361
0.000367051
-0.000337536
-0.000562906
-0.000760653
-0.000959672
-0.000655528
-4.3645e-05
0.000551072
0.00150105
0.0032588
0.00497141
0.0066846
0.00604916
0.00527939
0.00451762
0.00359987
0.00258723
0.00158073
0.000721265
0.000196018
-0.000346475
-0.000887472
-0.00126934
-0.00164165
-0.00201407
-0.00174267
-0.00107703
-0.000433029
0.000550436
0.00230543
0.00401769
0.00573039
0.00497832
0.00408394
0.00319803
0.0023472
0.00151848
0.000689459
-4.01836e-05
-0.000544618
-0.00106039
-0.00157503
-0.00191726
-0.00224912
-0.00258117
-0.00205443
-0.0010014
2.28884e-05
0.00108904
0.00224851
0.00340187
0.00455433
0.00389009
0.00312004
0.00235633
0.00153699
0.000684019
-0.000166299
-0.000882652
-0.00129458
-0.00172195
-0.00214807
-0.00230751
-0.0024511
-0.00259536
-0.00218226
-0.0014273
-0.000690896
0.000225885
0.00155255
0.00285657
0.0041604
0.0034531
0.00262754
0.00180896
0.0010351
0.000289198
-0.000457379
-0.00109773
-0.00149706
-0.00190842
-0.00231874
-0.00253512
-0.00273978
-0.00294483
-0.00304011
-0.00306795
-0.00309924
-0.0026192
-0.000973937
0.000609785
0.00219504
0.00254925
0.0028297
0.00311364
0.00263799
0.00169589
0.000778622
-3.28359e-08
-0.000460946
-0.000937624
-0.00141301
-0.00180277
-0.00218703
-0.00257119
-0.00281688
-0.00297737
-0.00314203
-0.00284002
-0.00147461
-0.000164646
0.0011468
0.00218968
0.00321547
0.00424108
0.00419614
0.00349285
0.00282363
0.00212159
0.00134782
0.000578454
-0.000190353
-0.000675859
-0.0011438
-0.00161216
-0.00192867
-0.00215165
-0.00237912
-0.00253202
-0.00251564
-0.0025078
-0.00249953
-0.000686625
0.00123419
0.00314766
0.00364939
0.0032818
0.00295817
0.00254279
0.00192281
0.0013137
0.000704654
8.42565e-05
-0.000536281
-0.00115619
-0.001563
-0.00183843
-0.00212015
-0.00873435
-0.0297961
-0.050117
-0.0164202
-0.00105435
-0.000520234
0.000750874
0.00157202
0.00214012
0.00272022
0.00291938
0.00225154
0.00162734
0.00100161
0.000334372
-0.000334832
-0.00100328
-0.00142921
-0.00170554
-0.00198898
-0.00222473
-0.00235281
-0.00248608
-0.00261896
-0.00279319
-0.00296983
-0.00314617
-0.0024929
-0.00132838
-0.000190144
0.000704894
0.0010434
0.0014089
0.00177271
0.00114886
0.000464383
-0.000216456
-0.000858519
-0.00147634
-0.00209474
-0.0025946
-0.00282478
-0.00306791
-0.00331017
-0.00341013
-0.00350115
-0.00359252
-0.00367581
-0.0037541
-0.00383255
-0.00391318
-0.00399891
-0.00408431
-0.00416964
-0.00333152
-0.00243649
-0.00154509
-0.000855417
-0.000290598
0.000279723
0.000419229
-0.000423385
-0.00121767
-0.00201352
-0.00253075
-0.00303008
-0.0035298
-0.00374734
-0.00379059
-0.0038422
-0.0038682
-0.00383675
-0.00380809
-0.00377933
-0.00366325
-0.00354178
-0.00342068
-0.00270847
-0.00163137
-0.000572805
0.000334923
0.00089753
0.00147613
0.00205342
0.00171196
0.0013128
0.00091679
0.000263748
-0.000547812
-0.00135103
-0.00199061
-0.00225663
-0.00254022
-0.00282269
-0.00272585
-0.00260507
-0.00248554
-0.00158758
-0.000208756
0.0011459
0.00226784
0.00285731
0.00347149
0.00408391
0.00368014
0.00321211
0.00274756
0.0022523
0.00173831
0.0012257
0.000870501
0.000874367
0.000861267
0.000848981
0.000872365
0.000898009
0.000923522
0.00114694
0.00149272
0.00183241
0.00225695
0.00287507
0.0034835
0.00409182
0.00449024
0.00487489
0.00525982
0.00489818
0.00407464
0.00327351
0.00263198
0.00235647
0.0020641
0.00177278
0.00188651
0.00202617
0.00216448
0.0024691
0.00287653
0.00327879
0.00386188
0.00485808
0.0058341
0.00681015
0.00721928
0.00759154
0.00796517
0.00767346
0.00696985
0.00628602
0.00562949
0.00503663
0.00444136
0.00384676
0.00335452
0.0028693
0.00238421
0.00208205
0.00189331
0.00169951
0.00175936
0.00239807
0.00300947
0.00362157
0.00458503
0.00557049
0.00655404
0.00676998
0.0065101
0.00627234
0.00593211
0.00535975
0.00479859
0.00423743
0.00377849
0.00332658
0.00287477
0.00228754
0.00161655
0.000950007
0.000403084
0.000129227
-0.000156866
-0.000442138
0.000291299
0.00109066
0.00188629
0.00248892
0.00297158
0.00345926
0.00392608
0.00434636
0.00476837
0.00518991
0.00423535
0.00319142
0.00215249
0.00133309
0.000650275
-3.8118e-05
-0.000632857
-0.00101492
-0.00140628
-0.00179686
-0.00205011
-0.00229413
-0.00253835
-0.00210916
-0.00126219
-0.000434854
0.000347944
0.00102785
0.00171178
0.00239491
0.0026422
0.00286055
0.00308002
0.00226904
0.000818655
-0.000601674
-0.00171393
-0.00212036
-0.00255812
-0.00299408
-0.00327577
-0.00354704
-0.00381853
-0.00395861
-0.00401706
-0.00407911
-0.00412654
-0.00414099
-0.0041569
-0.00417273
-0.00424143
-0.00431358
-0.00438551
-0.00444928
-0.00450795
-0.00456679
-0.00463524
-0.00472572
-0.00481514
-0.00490453
-0.00498796
-0.00507093
-0.00515384
-0.00520115
-0.00522633
-0.00525247
-0.00529394
-0.00537059
-0.00544561
-0.00552063
-0.00571127
-0.00590948
-0.00610718
-0.00622033
-0.00628087
-0.00634369
-0.00640302
-0.00645468
-0.00650664
-0.00655854
-0.00661195
-0.00666543
-0.00671885
-0.00666579
-0.00654654
-0.0064303
-0.0063496
-0.00635036
-0.00634754
-0.00634487
-0.00630631
-0.00626536
-0.00622455
-0.00622282
-0.00624539
-0.00626687
-0.00632485
-0.00646622
-0.00660382
-0.00674146
-0.00673881
-0.00672672
-0.00671506
-0.00670655
-0.00670003
-0.00669343
-0.00666304
-0.0065782
-0.0064958
-0.00641337
-0.00644974
-0.0064941
-0.00653808
-0.00652912
-0.0064872
-0.00644674
-0.00635378
-0.00614078
-0.00593317
-0.00572551
-0.00555825
-0.00539386
-0.00522949
-0.00518244
-0.00520843
-0.00523125
-0.0052772
-0.0053758
-0.00547205
-0.00556831
-0.00561908
-0.00566671
-0.00571444
-0.00575665
-0.0057954
-0.00583427
-0.00576532
-0.00544968
-0.00514492
-0.00483996
-0.00461096
-0.00438731
-0.00416362
-0.00361423
-0.00286209
-0.00211929
-0.0013911
-0.000696454
-9.68138e-07
0.000693886
0.00117356
0.00163819
0.00210306
0.00253414
0.00294405
0.00335451
0.00391396
0.00481492
0.00570057
0.00658612
0.00668575
0.00673153
0.00677957
0.00683597
0.00689764
0.00695903
0.00701604
0.00706308
0.00711049
0.00715785
0.00721701
0.00727693
0.00733677
0.00742196
0.00752294
0.00762316
0.00763508
0.00744488
0.00726338
0.00708167
0.00654852
0.0059916
0.00543616
0.00497846
0.00458191
0.00418311
0.00393365
0.00402543
0.00410278
0.00418067
0.00399477
0.00379082
0.00358779
0.00347879
0.0034285
0.00337578
0.00333737
0.00333142
0.00332411
0.00331687
0.00314164
0.00295494
0.00276887
0.00253352
0.00226751
0.002003
0.0017547
0.00154337
0.00133068
0.00111822
0.00100791
0.000904765
0.000801406
0.000825308
0.000928637
0.00102858
0.00111848
0.00118518
0.00125279
0.0013203
0.0011044
0.000868968
0.00063454
0.000503537
0.000437175
0.000368191
0.000269313
0.000101644
-6.30395e-05
-0.00022771
-0.000350696
-0.000470689
-0.000590705
-6.12712e-05
0.000873644
0.00179106
0.00224519
0.00163755
0.00107416
0.000509412
0.000252535
1.73356e-05
-0.000218562
-0.000322658
-0.000344402
-0.000369512
-0.000359084
-0.000267603
-0.000179524
-9.13778e-05
0.000137849
0.000376784
0.000615125
0.00128066
0.00221297
0.0031336
0.00345292
0.00239473
0.0013937
0.000391154
0.000783161
0.00127272
0.00175789
0.00191214
0.00185936
0.00181507
0.00171803
0.00150093
0.0012889
0.00107683
0.00110183
0.00114348
0.00118442
0.00111753
0.000983226
0.000851767
0.00107337
0.00210397
0.00310095
0.00409848
0.00289994
0.00154746
0.000202309
-0.000427872
-0.000610527
-0.000811124
-0.000623257
0.000452749
0.00149203
0.00253195
0.00367423
0.00482293
0.00597044
0.00618234
0.00580886
0.00545923
0.00478617
0.00337386
0.00199241
0.000610825
0.000140105
-0.000265776
-0.000673934
-0.000900731
-0.00101404
-0.00113181
-0.00126732
-0.00144403
-0.00161894
-0.00179379
-0.00144636
-0.0010621
-0.000679626
0.000660396
0.00259936
0.00451285
0.0053667
0.00379182
0.00231508
0.000835607
0.000205756
-0.00036322
-0.000934167
-0.00126283
-0.00143978
-0.00162261
-0.0018283
-0.0020871
-0.00234358
-0.00259995
-0.00261548
-0.00261382
-0.00261285
-0.00266016
-0.0027377
-0.00281398
-0.00215116
0.000205732
0.00249372
0.00478263
0.00487426
0.00480882
0.00474964
0.00369285
0.00201159
0.000356309
-0.000877669
-0.00114528
-0.00145077
-0.00175453
-0.00189488
-0.00202342
-0.00215233
-0.00220816
-0.00221821
-0.00223004
-0.00225902
-0.00232746
-0.0023943
-0.00246115
-0.00262937
-0.00280475
-0.00297971
-0.00309755
-0.00317956
-0.0032629
-0.00338921
-0.00361424
-0.00383522
-0.00405619
-0.00403497
-0.00399634
-0.00395843
-0.00351103
-0.00280708
-0.00211369
-0.00178108
-0.00227591
-0.00273811
-0.00320122
-0.00320043
-0.0031662
-0.00313329
-0.00315056
-0.0031993
-0.00324679
-0.00315095
-0.00272643
-0.00231499
-0.00190337
-0.00244487
-0.00305483
-0.00366167
-0.003752
-0.00351828
-0.00329729
-0.00310836
-0.00299391
-0.00287666
-0.00275962
-0.00232545
-0.00186864
-0.00141305
-0.00125659
-0.00128785
-0.00131185
-0.00152595
-0.00217537
-0.00280752
-0.00343986
-0.00342748
-0.00336837
-0.00331109
-0.00345573
-0.00372708
-0.00399336
-0.00419146
-0.00423304
-0.00428059
-0.00432787
-0.0043347
-0.00433858
-0.00434257
-0.00411059
-0.00373055
-0.00335647
-0.00301454
-0.00274651
-0.00247586
-0.00220551
-0.00213809
-0.00208548
-0.00203235
-0.00201465
-0.00201918
-0.00202286
-0.00206081
-0.0021773
-0.00229071
-0.00240416
-0.00106634
0.000376454
0.00181416
0.00257468
0.00290966
0.00326053
0.00372351
0.00444541
0.00515694
0.00586832
0.00589454
0.00587066
0.00584868
0.00596016
0.00615548
0.00634748
0.00649231
0.00652885
0.00656945
0.00660986
0.00642805
0.00623009
0.00603288
0.00594754
0.00593252
0.00591487
0.00593801
0.0060545
0.00616739
0.00628033
0.00609797
0.00589406
0.00569111
0.00547461
0.00524969
0.00502525
0.00488577
0.00494102
0.00498892
0.00503707
0.00487813
0.00470407
0.00453071
0.00419073
0.00374615
0.00330581
0.00297884
0.00291191
0.00283531
0.00275914
0.00287328
0.00300138
0.00312885
0.00310373
0.00298265
0.00286525
0.00274656
0.00262512
0.00250388
0.00238272
0.00265887
0.00296417
0.00326815
0.0033072
0.00317962
0.00305832
0.00293405
0.00280338
0.00267305
0.00254281
0.00222307
0.00188953
0.00155675
0.00187758
0.00260942
0.00332552
0.00370728
0.00332116
0.0029637
0.00260545
0.0020904
0.00156407
0.00103855
0.000913631
0.00104076
0.00115852
0.00130762
0.00152797
0.00174555
0.00196306
0.00205117
0.00212962
0.00220837
0.00226634
0.00231123
0.00235657
0.00218967
0.00153576
0.000900187
0.000264409
0.000797395
0.00141694
0.00203286
0.00273232
0.00348409
0.0042334
0.0043521
0.00302393
0.00174959
0.000474225
-4.46019e-05
-0.000506739
-0.000970606
-0.000318762
0.0010352
0.00236259
0.00339143
0.00373403
0.00410137
0.00446753
0.00338548
0.00219605
0.00101138
0.000250242
-0.000243946
-0.000747469
-0.00112046
-0.0011951
-0.0012805
-0.00136545
0.000197036
0.00188168
0.00356068
0.00417685
0.00412343
0.00409427
0.00384081
0.00307448
0.00232724
0.00157985
0.00103943
0.00051486
-9.90267e-06
-0.000405722
-0.000720231
-0.00103744
-0.001112
-0.000630023
-0.00016843
0.000293565
0.00138163
0.00251596
0.00364781
0.00335616
0.00216769
0.00101228
0.000110713
-0.000206403
-0.000544261
-0.000881133
-0.00107184
-0.00125143
-0.0014313
-0.000583412
0.000911898
0.00238297
0.00325921
0.00276912
0.00232823
0.0018859
0.001069
0.000224414
-0.000618578
-0.00102432
-0.00115435
-0.00129412
-0.000928226
0.000597785
0.00208138
0.00356543
0.00347085
0.0032573
0.00304814
0.00261266
0.00203473
0.00146227
0.000887404
0.000306943
-0.000272907
-0.000852367
-0.000965028
-0.00104236
-0.00112089
-0.00128823
-0.00151156
-0.00173275
-0.00139681
0.000218499
0.00178741
0.00335685
0.00353884
0.00361575
0.00369632
0.00306792
0.00199263
0.000933875
0.000114016
-0.000156834
-0.000446844
-0.000735974
-0.00103694
-0.00133861
-0.00164004
-0.000914469
0.000458769
0.00180827
0.00272074
0.00262881
0.00257223
0.00251445
0.0024025
0.0022865
0.00217072
0.00235019
0.00271589
0.0030748
0.00299403
0.00190317
0.000848425
-0.000206845
-0.000508908
-0.000753519
-0.000999967
-0.000500991
0.000468218
0.00142033
0.00208619
0.00209404
0.00212484
0.00215482
0.00128925
0.000356023
-0.000574199
-0.000560602
4.87664e-05
0.000636981
0.000870582
0.000288443
-0.000264937
-0.000818931
-0.000785669
-0.000707637
-0.000631213
-3.74686e-05
0.000882679
0.00179087
0.00210272
0.00104455
3.45733e-05
-0.000976377
0.000242042
0.00163002
0.00301117
0.00277837
0.00152641
0.000310531
-0.000633452
-0.000951019
-0.00128999
-0.00162799
-0.00167335
-0.00169628
-0.00171998
-0.00128877
-0.000570398
0.000137593
0.000829881
0.00148591
0.00214273
0.00279907
0.00257348
0.00228044
0.00198992
0.0022446
0.00284364
0.00343046
0.00344013
0.00212336
0.000852968
-0.000418145
-0.000635716
-0.000772298
-0.000911559
-0.00106557
-0.00122892
-0.00139184
-0.00137278
-0.000935703
-0.000513208
-9.05051e-05
0.000957429
0.00205279
0.00314578
0.00333894
0.00296341
0.00260751
0.00206894
0.00111186
0.000169689
-0.000772352
-0.000115456
0.000664136
0.00143903
0.00203865
0.00252727
0.00301933
0.00323769
0.00282783
0.00243957
0.00205085
0.0012464
0.000410379
-0.000424004
-0.000941296
-0.00125799
-0.00158127
-0.00178679
-0.00172252
-0.00166741
-0.00161204
-0.00103994
-0.000428283
0.000181622
0.000894299
0.00167175
0.0024465
0.00286854
0.00248049
0.00212
0.00175883
0.00100931
0.000230209
-0.000547374
-0.00096354
-0.00115103
-0.00134609
-0.00153305
-0.00170217
-0.00187178
-0.00204125
-0.00154801
-0.00100374
-0.000461551
0.000299236
0.00119806
0.00209166
0.00267784
0.00255782
0.00246153
0.00236452
0.00168822
0.00096739
0.000248535
-0.000275448
-0.000675997
-0.0010804
-0.00142828
-0.00164689
-0.00186967
-0.00209216
-0.00221985
-0.00234011
-0.00246053
-0.00141862
0.000358479
0.00210992
0.00326017
0.00302807
0.00284209
0.00265471
0.00175164
0.000793447
-0.000162282
-0.000807789
-0.00125678
-0.001712
-0.00203526
-0.00205604
-0.00208684
-0.00211729
-0.002201
-0.00228881
-0.00237643
-0.0102325
-0.0230037
-0.0356039
0.00520387
0.0035999
0.0033981
0.00315012
0.0023783
0.00156591
0.000755386
0.000140828
-0.000349501
-0.000843602
-0.00125106
-0.00146004
-0.00167542
-0.00189045
-0.00196065
-0.0020195
-0.00207868
-0.000950798
0.000928421
0.00278172
0.0039878
0.0037055
0.00347223
0.00323751
0.00208762
0.000866809
-0.000350873
-0.000902425
-0.00103196
-0.00117522
-0.00128111
-0.00130225
-0.00132615
-0.00134994
3.1584e-05
0.00152237
0.00300862
0.00314495
0.00242617
0.00173577
0.00104888
0.000371618
-0.000305514
-0.000982208
-0.0012021
-0.00138604
-0.00157103
-0.0017896
-0.00202941
-0.00226838
-0.00201523
-0.000630623
0.000716313
0.0020636
0.00186329
0.00154156
0.00122399
0.000681124
-4.26776e-06
-0.000684593
-0.00122459
-0.0014421
-0.00166992
-0.00189726
-0.00208232
-0.00226395
-0.00244557
-0.00218899
-0.00165479
-0.00112991
-0.000581043
2.27113e-05
0.000624304
0.00122558
0.000655335
-6.83377e-06
-0.000665611
-0.00113534
-0.00148507
-0.00183845
-0.00211721
-0.00222498
-0.00233817
-0.00245112
-0.00243212
-0.00240271
-0.00237366
-0.00144897
4.32703e-05
0.00151633
0.00241422
0.00198913
0.00160677
0.00122328
0.000622934
5.80642e-06
-0.000610388
-0.00103578
-0.00134009
-0.00164808
-0.00187305
-0.00190759
-0.0019482
-0.00198859
-0.00220967
-0.00244491
-0.00267954
-0.00260753
-0.00234108
-0.002081
-0.00151083
-0.000227698
0.00103189
0.00229142
0.00193308
0.00144687
0.000965036
0.000385577
-0.000255584
-0.000894374
-0.00142994
-0.00172846
-0.00203432
-0.00233975
-0.00244575
-0.00253589
-0.00262647
-0.00271525
-0.00280287
-0.00289048
-0.0028153
-0.00236574
-0.00192831
-0.00149079
-0.000682964
0.000153791
0.0009891
0.000723358
-0.000240887
-0.00118245
-0.00190814
-0.00213637
-0.00238016
-0.00262331
-0.00272172
-0.00280857
-0.00289573
-0.00298971
-0.00308799
-0.00318608
-0.00327292
-0.00333398
-0.00339582
-0.00345759
-0.00238522
-0.00122323
-6.47771e-05
0.000136538
-0.000269681
-0.000656564
-0.00106494
-0.00152168
-0.00197661
-0.00243131
-0.00255816
-0.00265883
-0.00276025
-0.00287867
-0.00300788
-0.00313666
-0.00326586
-0.00339607
-0.00352618
-0.0036562
-0.00370031
-0.00373755
-0.00377498
-0.00314575
-0.00209345
-0.00105501
-0.000441937
-0.000807698
-0.00114271
-0.00147847
-0.00195093
-0.00243405
-0.00291653
-0.00322552
-0.00342427
-0.00362634
-0.00379064
-0.00386849
-0.00394898
-0.00402934
-0.00407636
-0.00412069
-0.00416507
-0.00420209
-0.00423443
-0.00426689
-0.0042826
-0.00425982
-0.00423824
-0.00421664
-0.00429415
-0.00437955
-0.00446465
-0.00452889
-0.00457986
-0.00463122
-0.00468123
-0.00472823
-0.00477529
-0.00482232
-0.00486816
-0.00491388
-0.00495957
-0.00499402
-0.00502132
-0.00504882
-0.00506353
-0.00504883
-0.00503504
-0.00502124
-0.00503061
-0.00504182
-0.00505298
-0.00508313
-0.00512536
-0.00516719
-0.0052021
-0.00522111
-0.0052406
-0.00526006
-0.00526085
-0.00526014
-0.00525948
-0.00529337
-0.00534922
-0.00540436
-0.00543816
-0.00542285
-0.00540906
-0.00539522
-0.00542444
-0.0054571
-0.00548964
-0.00551049
-0.00552391
-0.00553755
-0.00555561
-0.00558389
-0.00561184
-0.00563978
-0.00562445
-0.00560565
-0.00558697
-0.0055827
-0.00558759
-0.0055922
-0.00559944
-0.00561273
-0.00562583
-0.00563893
-0.00566238
-0.00568666
-0.0057109
-0.00572021
-0.00572003
-0.00572014
-0.00571915
-0.00571566
-0.00571225
-0.00570884
-0.00570786
