0
0.00206469
0.00240558
0.00295964
0.00349508
0.00345327
0.0021121
0.000880803
-0.000357552
-0.0010625
-0.00181036
-0.00255344
-0.00258727
-0.00220762
-0.00186265
-0.000867441
0.00158333
0.00391047
0.00624393
0.00640689
0.00674749
0.00707299
0.00586724
0.00376821
0.0017456
5.62213e-05
-0.000873803
-0.0018642
-0.00284806
-0.00314142
-0.00349043
-0.00383436
-0.00286559
-0.00113054
0.00053961
0.00200252
0.00299071
0.00401568
0.00503602
0.00333302
0.0018524
0.000356241
-0.000950383
-0.00214634
-0.00334926
-0.00439343
-0.00508435
-0.00580249
-0.0065173
-0.00690227
-0.00731301
-0.00772103
-0.00758053
-0.00711894
-0.00668369
-0.00552555
-0.0027447
-9.73763e-05
0.00255636
0.000710596
-0.000775132
-0.00228705
-0.00366132
-0.0049556
-0.00625415
-0.0073455
-0.00797397
-0.00863798
-0.00929814
-0.00985994
-0.0104286
-0.0109958
-0.0114106
-0.0117356
-0.0120672
-0.0123485
-0.0125187
-0.0126973
-0.0128749
-0.0130602
-0.0132446
-0.0134288
-0.0136548
-0.0139053
-0.0141534
-0.0143802
-0.0145587
-0.0147407
-0.0149222
-0.0150083
-0.0151017
-0.0151944
-0.0153032
-0.0154212
-0.0155383
-0.0156743
-0.0158528
-0.0160277
-0.0162027
-0.0162107
-0.0162315
-0.0162514
-0.0161853
-0.0160686
-0.015956
-0.015975
-0.0162908
-0.0165834
-0.0168773
-0.0170352
-0.0172032
-0.0173702
-0.0175405
-0.0177127
-0.0178844
-0.0179536
-0.017792
-0.0176481
-0.0175031
-0.0175967
-0.0176721
-0.0177487
-0.0178145
-0.017874
-0.0179338
-0.0180312
-0.0182137
-0.0183894
-0.0185654
-0.0184785
-0.0184114
-0.0183429
-0.0183651
-0.0184406
-0.0185119
-0.018542
-0.0184782
-0.0184216
-0.0183645
-0.0184034
-0.018435
-0.0184672
-0.018389
-0.0182457
-0.0181075
-0.0180523
-0.0181848
-0.0183032
-0.0184225
-0.0185046
-0.0185894
-0.0186739
-0.0186458
-0.0185513
-0.0184617
-0.0182841
-0.0179083
-0.0175476
-0.0171864
-0.0171635
-0.0171158
-0.01707
-0.0170849
-0.0171357
-0.0171838
-0.0164675
-0.0140256
-0.0117134
-0.0093951
-0.00905485
-0.00857072
-0.00809779
-0.00748308
-0.00678524
-0.00609447
-0.00518535
-0.00378315
-0.00241879
-0.00105367
-0.000654953
-0.000186781
0.000275683
0.000952144
0.00175488
0.00254734
0.00328098
0.00388159
0.00449092
0.00509875
0.0056061
0.00611995
0.00663259
0.00695741
0.00717057
0.00739143
0.00765964
0.00803652
0.00840508
0.00877371
0.00939912
0.0100053
0.010612
0.0108718
0.0109254
0.0109937
0.011042
0.011048
0.0110569
0.0110657
0.0110488
0.0110339
0.0110188
0.011131
0.0113189
0.0115012
0.0115488
0.0112911
0.0110554
0.0108185
0.0106763
0.0105275
0.0103795
0.0100115
0.00951288
0.0090241
0.00857998
0.00823748
0.00788833
0.00754014
0.00674418
0.00598065
0.00521592
0.00488193
0.00480456
0.0047094
0.0045519
0.00425043
0.00395939
0.00366803
0.00346155
0.00325884
0.00305615
0.00268352
0.00220978
0.0017437
0.00125159
0.000701
0.000155209
-0.00039016
-0.00100904
-0.00163024
-0.00225042
-0.00270578
-0.00306258
-0.00342567
-0.00375527
-0.00401084
-0.00427114
-0.00453076
-0.00492108
-0.00531646
-0.00571096
-0.00604031
-0.00633057
-0.00662311
-0.00690749
-0.00717429
-0.00744192
-0.00770913
-0.00800992
-0.00831177
-0.00861315
-0.00895737
-0.00932703
-0.00969445
-0.0100365
-0.0103213
-0.0106097
-0.0108974
-0.0111086
-0.0113161
-0.0115236
-0.0117542
-0.0119984
-0.0122413
-0.0124858
-0.0127341
-0.0129818
-0.0132292
-0.0132932
-0.0133492
-0.0134056
-0.0134265
-0.0134263
-0.0134274
-0.0134721
-0.0136154
-0.013752
-0.0138888
-0.014026
-0.0141631
-0.0142999
-0.0144052
-0.0144914
-0.0145788
-0.0146821
-0.0148217
-0.0149588
-0.0150958
-0.0151302
-0.0151601
-0.0151902
-0.0153044
-0.015469
-0.0156301
-0.0156894
-0.0155179
-0.015362
-0.0152052
-0.0152149
-0.0152322
-0.0152489
-0.0152466
-0.0152328
-0.0152197
-0.0152379
-0.0153269
-0.0154112
-0.0154957
-0.0154793
-0.0154584
-0.0154378
-0.0154932
-0.0155941
-0.0156919
-0.0157612
-0.0157656
-0.0157742
-0.0157825
-0.0156691
-0.0155502
-0.0154318
-0.0153453
-0.0152781
-0.0152098
-0.015133
-0.0150369
-0.0149421
-0.0148474
-0.0148013
-0.0147576
-0.0147138
-0.0146865
-0.014669
-0.0146509
-0.0140105
-0.0119597
-0.010002
-0.00804092
-0.00681656
-0.00562805
-0.00443877
-0.00343846
-0.0025522
-0.00165978
-0.000866893
-0.000297183
0.000286043
0.000867663
0.00183923
0.0028281
0.0038146
0.00469128
0.0055014
0.00631471
0.00703622
0.00755144
0.00807909
0.00860528
0.00949346
0.0103979
0.0113001
0.0120876
0.0128055
0.0135268
0.0139987
0.0139063
0.0138496
0.0137908
0.0136208
0.0134457
0.0132711
0.0130613
0.0128304
0.0126011
0.0124316
0.0123976
0.0123551
0.0123132
0.0122925
0.0122729
0.0122532
0.0117875
0.011053
0.0103362
0.00970893
0.00928593
0.00885075
0.00841686
0.00791001
0.00740015
0.00689112
0.00635334
0.00579848
0.00524536
0.00471763
0.00424686
0.00377315
0.0033002
0.00290345
0.00251088
0.00211854
0.00183765
0.00162417
0.0014068
0.00115722
0.000833602
0.000514934
0.000196354
-0.000291771
-0.000787766
-0.00128267
-0.00179709
-0.00232304
-0.00284765
-0.0033128
-0.0036437
-0.00398239
-0.0043202
-0.00460592
-0.00488872
-0.00517135
-0.00548908
-0.0058279
-0.00616502
-0.00647807
-0.00673679
-0.0069985
-0.0072597
-0.00714315
-0.00704962
-0.00695482
-0.00543759
-0.00306042
-0.000738108
0.000842704
0.000736079
0.000731419
0.000720616
-0.000769628
-0.00233328
-0.00389063
-0.00500014
-0.00583787
-0.00669092
-0.00739413
-0.00776059
-0.00814681
-0.00853138
-0.00859838
-0.0086491
-0.00870074
-0.00853803
-0.0082456
-0.00796127
-0.00675649
-0.003462
-0.000296044
0.0028738
0.00245203
0.00184617
0.00125198
0.000339994
-0.000763765
-0.00185483
-0.00284664
-0.00361301
-0.00439183
-0.00516899
-0.00381863
-0.00235961
-0.000908734
0.00128989
0.00394076
0.00656182
0.00812214
0.00727272
0.0065663
0.00585228
0.0042073
0.00251549
0.000828427
-0.000433903
-0.00143784
-0.00245575
-0.00313871
-0.00306408
-0.00303392
-0.00300119
0.000799992
0.00479485
0.00877371
0.00998442
0.00951343
0.0091411
0.00832035
0.00649339
0.00472716
0.00295944
0.00225831
0.00161418
0.000967486
0.00286947
0.00631886
0.00967449
0.0119292
0.0116741
0.0115646
0.0114468
0.0101749
0.00884299
0.00751609
0.00633634
0.0052467
0.00415311
0.00384673
0.00532767
0.00670401
0.00808478
0.00929032
0.0104853
0.0116795
0.011025
0.00924635
0.00753423
0.00600207
0.00488532
0.00374607
0.00260941
0.00181701
0.00104393
0.000270637
0.00165266
0.00434561
0.00696076
0.00866655
0.00829816
0.00804824
0.00779187
0.00590556
0.00393293
0.00196745
0.000604351
-0.000391226
-0.00140651
-0.0022506
-0.00270949
-0.00318966
-0.00366808
-0.00328575
-0.00285694
-0.00243124
-0.000149697
0.00326133
0.00660484
0.00838712
0.00661439
0.0050437
0.00346342
0.00197496
0.000492949
-0.000987758
-0.00199346
-0.00270923
-0.00344045
-0.00402081
-0.00426108
-0.00452011
-0.0047778
-0.00218592
0.000560297
0.00329483
0.00472521
0.00535939
0.00603725
0.0060007
0.00434539
0.00278201
0.00121525
0.000125371
-0.000937046
-0.00199981
-0.00277583
-0.00337664
-0.00398649
-0.00417104
-0.00338983
-0.00266293
-0.00193383
0.00120332
0.00447149
0.00772882
0.00835922
0.00738551
0.0065013
0.00535497
0.00362225
0.00192372
0.000225178
-0.000569742
-0.0013133
-0.00205886
-0.00154314
-0.000257392
0.000984726
0.00274184
0.00566744
0.00852587
0.0113849
0.0109754
0.0103824
0.0098001
0.00814597
0.00583795
0.00356809
0.00170344
0.00076281
-0.0002271
-0.00121325
-0.00183389
-0.00243322
-0.00303305
-0.00146954
0.00141588
0.0042265
0.00647249
0.00742755
0.00845147
0.00947056
0.00771425
0.00580174
0.00389973
0.00237326
0.00107739
-0.000229515
-0.0013382
-0.00199878
-0.00268277
-0.00336477
-0.00360512
-0.00381997
-0.00403597
-0.00193451
0.00158423
0.00502317
0.00741162
0.00740259
0.00752199
0.00763438
0.00585485
0.00396827
0.00208943
0.00065702
-0.000501302
-0.00167301
-0.00262717
-0.00308915
-0.00357685
-0.00406267
-0.00417453
-0.00426468
-0.00435589
-0.00215442
0.0014505
0.0049771
0.0072248
0.00655441
0.00603938
0.00551666
0.00378601
0.00198684
0.000193206
-0.00103665
-0.00192041
-0.0028215
-0.00358013
-0.00401756
-0.00447147
-0.00492403
-0.00512786
-0.00531698
-0.00550668
-0.00350898
-0.000170976
0.00309313
0.00512263
0.00433449
0.00369493
0.00304826
0.00156268
2.92937e-05
-0.00149998
-0.00257999
-0.00338391
-0.00420142
-0.00489458
-0.00530715
-0.00573393
-0.00615953
-0.00481201
-0.00336138
-0.00191763
-7.95985e-05
0.00199949
0.0040639
0.00511814
0.00387114
0.00274486
0.00161348
0.000363491
-0.00089239
-0.00214666
-0.00309669
-0.00385956
-0.00463132
-0.00525557
-0.00554572
-0.00585282
-0.00615873
-0.0035603
-0.000791749
0.00196518
0.00349246
0.0042636
0.00507285
0.00525982
0.00403386
0.00288172
0.00172698
0.000599284
-0.000525787
-0.00164984
-0.00243095
-0.00300105
-0.00358136
-0.00305121
8.77374e-06
0.00293636
0.00586772
0.00686404
0.00774354
0.00862809
0.0081168
0.00674783
0.00542392
0.0041504
0.0029953
0.00183536
0.000676846
0.000140044
-0.000358851
-0.000859164
-1.46221e-05
0.00165663
0.00328431
0.0049993
0.00691045
0.00880975
0.0107077
0.0102191
0.00958663
0.00896207
0.0077222
0.00610446
0.0045074
0.00303014
0.00182642
0.000610136
-0.000604289
-0.00110369
-0.00155923
-0.00201652
-0.00121368
0.000364432
0.00190208
0.00357146
0.00553867
0.007489
0.00943821
0.00805247
0.0064647
0.00488861
0.00333985
0.00180883
0.000278444
-0.00797092
-0.0315504
-0.0543425
-0.0180688
-0.00276966
-0.00374351
-0.0039072
-0.00262626
-0.000429032
0.00172052
0.00342957
0.00413091
0.00488151
0.00562893
0.00428727
0.00281841
0.0013573
0.000152626
-0.000893369
-0.00194617
-0.00282315
-0.00330108
-0.00379824
-0.00429395
-0.00456691
-0.00482588
-0.00508529
-0.00507867
-0.00490807
-0.00474569
-0.00381667
-0.00113882
0.00145054
0.0040417
0.00323607
0.0022208
0.00121679
9.47942e-05
-0.00109924
-0.00228858
-0.0032593
-0.00373209
-0.00422874
-0.00472373
-0.00496766
-0.00519576
-0.00542442
-0.00458512
-0.00308722
-0.00162283
-0.000165779
0.00127265
0.00271058
0.00414714
0.00311077
0.00192097
0.00073977
-0.000353408
-0.00139163
-0.0024315
-0.00331368
-0.0038374
-0.00437795
-0.00491716
-0.00516953
-0.00540371
-0.00563854
-0.00576342
-0.0058204
-0.00588059
-0.00493347
-0.00168702
0.0014456
0.00458068
0.00496869
0.00518366
0.00540674
0.00441535
0.00267436
0.000971003
-0.000466244
-0.00129386
-0.00214988
-0.00300373
-0.00351704
-0.00400842
-0.00450037
-0.00487449
-0.00517571
-0.00548012
-0.00526826
-0.00387824
-0.00254572
-0.00121173
0.00127769
0.00383819
0.00639287
0.00762545
0.00804016
0.00849336
0.0082539
0.00643743
0.00469754
0.00295566
0.00166889
0.00041212
-0.000844879
-0.00174599
-0.00242675
-0.00311729
-0.00308611
-0.00140843
0.000189892
0.00179045
0.00420603
0.00667157
0.00913244
0.0101492
0.0102721
0.0104369
0.00991922
0.00784716
0.00585012
0.00385143
0.00269188
0.001587
0.000480584
-0.000323678
-0.000940753
-0.00156602
-0.00206428
-0.00227407
-0.00249716
-0.00271942
0.000210341
0.00334012
0.00645763
0.00820789
0.00911081
0.0100524
0.0105194
0.00990753
0.00934647
0.00878357
0.00855687
0.00835202
0.00814634
0.00800172
0.00789494
0.0077865
0.00774553
0.00785843
0.00796409
0.00806999
0.00783405
0.00757619
0.00731959
0.00610782
0.00430473
0.00253063
0.00112981
0.000582913
-2.8846e-06
-0.000586347
-0.000882991
-0.00116077
-0.00143917
-0.00168798
-0.0019184
-0.00214945
-0.00145723
0.00134467
0.00404709
0.0067516
0.00800747
0.00916804
0.0103319
0.00962889
0.00776882
0.00596343
0.00422713
0.0026524
0.00107172
-0.000507239
-0.00110321
-0.00163451
-0.00216828
-0.00154434
-0.000202717
0.00110497
0.00300673
0.00626442
0.00945742
0.0126505
0.0116194
0.0103125
0.00901934
0.0075913
0.00608044
0.00457471
0.00317561
0.00201899
0.000852432
-0.000312619
-0.000937009
-0.00152536
-0.00211481
-0.00128251
0.000431821
0.00210476
0.00372239
0.00521121
0.00670449
0.00819623
0.0067648
0.00514182
0.00352892
0.0021355
0.000879048
-0.000382435
-0.0014275
-0.00197977
-0.00255368
-0.0031261
-0.00342443
-0.00370439
-0.00398493
-0.00215864
0.000975406
0.0040481
0.00643434
0.00724814
0.0081315
0.00901096
0.00654455
0.00385817
0.00118401
-0.000322142
-0.00110193
-0.00191339
-0.00257258
-0.0028878
-0.00321804
-0.00354733
-0.00375238
-0.00394901
-0.00414583
-0.00254206
0.000180124
0.00285027
0.00501915
0.00603938
0.00710959
0.00817664
0.00703624
0.00574945
0.00447027
0.00291056
0.00117715
-0.000547052
-0.00189665
-0.00239048
-0.00292162
-0.00345066
-0.0037456
-0.00402465
-0.00430414
-0.00260274
0.000329857
0.00320573
0.00528752
0.0055504
0.00589292
0.00623165
0.0044247
0.00247517
0.000533593
-0.000679994
-0.00144019
-0.00221958
-0.00288292
-0.00328365
-0.00369552
-0.00410654
-0.00127626
0.00176995
0.00480407
0.00602424
0.0061151
0.0062551
0.0056945
0.00353618
0.00144929
-0.000638896
-0.00144171
-0.00215717
-0.0028758
-0.00331328
-0.00357574
-0.00384558
-0.00404499
-0.00408433
-0.00413057
-0.00417648
-0.00111611
0.00215212
0.00540854
0.00716453
0.00798557
0.0088463
0.00858559
0.00576372
0.00305482
0.000343387
-0.000536281
-0.00129098
-0.0020504
-0.00253726
-0.00285438
-0.00317852
-0.00283762
-0.000975832
0.000818994
0.00261516
0.00506386
0.00755511
0.0100424
0.00976926
0.0077765
0.00585912
0.0041335
0.0028521
0.0015528
0.00025537
-0.000280352
-0.000763683
-0.00124884
-0.00158988
-0.00184108
-0.00209589
-0.00158077
0.000695978
0.00289572
0.00509688
0.00641361
0.00766884
0.00892562
0.00824712
0.00636258
0.00453087
0.00292062
0.0018205
0.000699664
-0.000419342
-7.90391e-05
0.00036112
0.000796677
0.00274696
0.00564098
0.00849264
0.00975158
0.00736343
0.00513139
0.00289463
0.00169706
0.000571831
-0.000555498
-0.0012533
-0.00168309
-0.0021238
-0.00134699
0.00221565
0.0056581
0.0091027
0.00753505
0.00562296
0.00372695
0.00231731
0.00121194
9.47452e-05
-0.000821714
-0.00128096
-0.00175898
-0.00223581
0.000290237
0.003022
0.00574288
0.00584868
0.00432223
0.00286524
0.00157691
0.000679906
-0.000232672
-0.00114384
-0.00159476
-0.00201344
-0.00243311
-0.00111217
0.00129489
0.00365477
0.00527165
0.00518515
0.00516948
0.00515088
0.00353567
0.00181071
9.17246e-05
-0.000882827
-0.00139212
-0.00192027
-0.00236965
-0.00264102
-0.00291953
-0.00319752
0.000230561
0.00391425
0.00758435
0.00726503
0.00445377
0.00174762
-0.000357217
-0.00107774
-0.0018547
-0.0026287
-0.00287962
-0.00309383
-0.00330936
-0.00284883
-0.00196609
-0.00110143
0.000256121
0.00274182
0.00517919
0.00761654
0.00552982
0.00312798
0.000741014
-0.000598518
-0.00128272
-0.00199318
-0.00257998
-0.00288681
-0.00320483
-0.00352213
-0.00248851
-0.00136085
-0.000237948
0.00125647
0.00298258
0.00469784
0.00548672
0.00415423
0.00290916
0.00166154
0.000620357
-0.000405567
-0.00143128
-0.00190598
-0.00203604
-0.00217997
-0.00119543
0.00237302
0.00583384
0.00929622
0.00716749
0.00464618
0.00214281
0.000723398
-1.7204e-05
-0.000784645
-0.00105707
-0.000198691
0.000613348
0.0014266
0.00224242
0.00305784
0.00387261
0.00331689
0.00190395
0.000526646
-0.000577361
-0.00105328
-0.00155407
-0.00205347
0.000858561
0.0040101
0.00714949
0.00707512
0.00498943
0.00298605
0.00136611
0.000630357
-0.000140213
-0.000908773
-0.00134609
-0.00175957
-0.00217368
-8.54304e-05
0.00356851
0.007157
0.00891518
0.00647655
0.00420727
0.00193305
0.000883416
-7.83781e-05
-0.0010429
-0.00162004
-0.00195457
-0.00229848
-0.00262105
-0.00289593
-0.00317248
-0.00344875
-3.85665e-05
0.00363204
0.00728941
0.00717322
0.00469357
0.00230952
0.000465428
-0.000134753
-0.000783683
-0.00143017
-0.00183253
-0.00221715
-0.00260216
-0.00295095
-0.00327697
-0.00360363
-0.00342857
-0.00210386
-0.000825518
0.000453647
0.0018432
0.00323969
0.0046348
0.00419496
0.00260549
0.00106245
-0.000218109
-0.000894356
-0.0015938
-0.00229178
-0.00261961
-0.00292064
-0.00322249
-0.000997703
0.00280995
0.00655265
0.00841096
0.00594728
0.00365454
0.00135692
0.000426485
-0.000404997
-0.00123969
-0.000296594
0.00176063
0.00377279
0.00506974
0.00472494
0.00444436
0.0041615
0.00321597
0.00222333
0.00123329
0.000940941
0.0010862
0.00121434
0.0016883
0.00295373
0.00418746
0.00542146
0.00409969
0.00259425
0.00109709
0.000728855
0.00106897
0.00138141
0.00199457
0.00329509
0.00456804
0.00584108
0.00571553
0.00548885
0.00526625
0.00445935
0.00328621
0.00212809
0.0014882
0.00203684
0.00253929
0.00304313
0.0036731
0.00431179
0.00494966
0.00414902
0.00244591
0.000778775
6.57281e-05
0.00154221
0.00293357
0.00432713
0.00288121
0.00122995
-0.000412191
-0.000400907
0.000648346
0.00165709
0.00260235
0.00339946
0.00420161
0.00500296
0.00356154
0.00195779
0.000361446
8.28704e-05
0.00063182
0.00114882
0.00198357
0.00354481
0.00507722
0.00660955
0.0048583
0.00286866
0.000889587
-0.000108829
-0.000490944
-0.000896167
-0.000718201
0.000795002
0.00225642
0.0037187
0.00329075
0.00272491
0.00216471
0.0018566
0.00170704
0.0015516
0.00221054
0.00473693
0.00719087
0.00964569
0.00753826
0.00509808
0.00267229
0.00131113
0.000619499
-9.68365e-05
0.000452738
0.00390348
0.00724244
0.0105831
0.00849658
0.00601315
0.00354651
0.00208786
0.00126337
0.00041569
-0.000253217
-0.000514868
-0.000791593
-0.00106755
0.00214864
0.00561948
0.00907819
0.00871808
0.0059576
0.00328895
0.00122745
0.000564341
-0.000150513
-0.000862901
-0.00108599
-0.00127287
-0.00146097
0.000779432
0.00454592
0.00825274
0.00996911
0.00711691
0.00443685
0.00175239
0.000834041
4.66472e-05
-0.000745028
-0.00121514
-0.00148305
-0.00175826
-0.000851496
0.00276657
0.00628141
0.00979748
0.00734752
0.00445798
0.00158686
0.000158542
-0.000361551
-0.000914847
-0.000514843
0.00206936
0.00457098
0.00707379
0.00541215
0.00344306
0.00148677
0.0003078
-0.000381581
-0.00108849
-0.00166266
-0.00193437
-0.00221702
-0.00249906
-0.000219108
0.00224951
0.00470939
0.00483994
0.00350462
0.00222409
0.0010983
0.000331073
-0.00044874
-0.00122752
-0.00112136
-0.000949454
-0.000780085
0.000940564
0.00363702
0.00629582
0.00736083
0.00476718
0.00230911
-0.000152125
0.000113017
0.000581069
0.00104138
0.00283775
0.00547453
0.00807875
0.00909206
0.00645341
0.00394963
0.00144277
0.000536747
-0.000249235
-0.00103901
-0.00153671
-0.0018505
-0.00217073
-0.00146365
0.00160074
0.00457741
0.00755509
0.00584623
0.00378811
0.00174413
0.000512777
-0.000206176
-0.000943148
-0.00154488
-0.00183837
-0.0021428
-0.00244661
0.000345678
0.00336804
0.00637992
0.00654138
0.00490713
0.00333879
0.00194444
0.000953533
-5.11835e-05
-0.00105468
-0.00150486
-0.00191324
-0.00232283
-0.00257719
-0.00273372
-0.00289365
-0.0022218
0.000359291
0.00287002
0.00538148
0.00480942
0.004006
0.00321144
0.00211888
0.000839012
-0.000433239
-0.00147319
-0.00198037
-0.00250623
-0.00303105
-0.00314359
-0.00322503
-0.00330752
-0.00118565
0.00232506
0.00578373
0.00760087
0.00564773
0.00383031
0.00200935
0.000890885
-0.00017391
-0.00123986
-0.00185111
-0.00217559
-0.00251004
-0.00278818
-0.00293816
-0.00309258
-0.00324673
-0.000785284
0.00187218
0.0045208
0.00466867
0.00323948
0.00186714
0.000694025
-1.82165e-05
-0.000746257
-0.00147322
-0.00137189
-0.00120794
-0.00104632
0.000128361
0.00194161
0.00373106
0.00457251
0.00323657
0.00197832
0.000718226
0.00164263
0.00273199
0.00381479
0.00371222
0.00286182
0.00203831
0.00125917
0.00058336
-9.56017e-05
-0.000773975
0.00153193
0.00406292
0.00658425
0.00671602
0.00533994
0.00401766
0.00276861
0.00169093
0.000608003
-0.000473983
-0.000885589
-0.00124597
-0.00160788
-4.90309e-05
0.0027215
0.0054478
0.00676108
0.00482771
0.00300894
0.00118743
0.000352089
-0.000407652
-0.0011695
-0.00158824
-0.0017904
-0.00199994
-0.00135581
0.00124846
0.00378279
0.00631778
0.00556059
0.00455275
0.00355431
0.00240294
0.0011555
-8.77354e-05
-0.00105956
-0.00140871
-0.00177918
-0.00214866
0.000291427
0.00294465
0.00558867
0.00604081
0.00510866
0.00422499
0.00322152
0.00194595
0.000680655
-0.000584123
-0.000952357
-0.00125177
-0.00155334
3.62262e-05
0.00281969
0.00556013
0.0068412
0.00476852
0.00281265
0.000854098
0.00139655
0.00213032
0.00285701
0.00342111
0.00388222
0.00434654
0.00422774
0.00276986
0.00135889
-5.2724e-05
0.00200429
0.00432627
0.00663758
0.00635357
0.00442972
0.00256327
0.00110623
0.000592741
4.73689e-05
-0.000496541
0.00112244
0.0029067
0.00468411
0.00504419
0.00450844
0.00400359
0.00331744
0.0022167
0.00113083
4.51942e-05
-0.0003233
-0.000636363
-0.000951097
0.000494529
0.00305235
0.00557066
0.00670448
0.00465601
0.00271691
0.00077542
0.000117907
-0.000440225
-0.00100135
-0.00140739
-0.00171538
-0.00202649
-0.00136041
0.00155073
0.00438398
0.00721795
0.00533897
0.0030972
0.000869203
-0.000294592
-0.000784981
-0.00129776
-0.00172412
-0.00195409
-0.00219053
-0.0024266
-0.00142543
-0.000329179
0.000763129
0.00195578
0.00321152
0.0044643
0.00478814
0.00297794
0.00124063
-0.000497953
-0.00103465
-0.00147796
-0.0019241
-0.00215157
-0.00224074
-0.00233449
-0.00207866
-0.00101979
1.14876e-05
0.001043
0.0024861
0.00396026
0.0054324
0.00475608
0.00272077
0.000732219
-0.000798588
-0.00127538
-0.00178703
-0.00229717
-0.0024531
-0.00258143
-0.00271059
-0.00125282
0.00120867
0.0036351
0.00501155
0.00397392
0.00301725
0.00205854
0.00121947
0.000390204
-0.00043884
-0.00108504
-0.00161539
-0.00214922
-0.00158963
0.00148272
0.00446975
0.00745763
0.00593587
0.00406377
0.0022045
-0.00785011
-0.0230893
-0.0381469
0.000331928
-0.00122263
-0.00145362
-0.00172817
0.000420442
0.00275663
0.00508509
0.00505439
0.0035301
0.00205603
0.000792411
1.51629e-05
-0.000777588
-0.00156931
-0.00174208
-0.00186641
-0.00199224
-0.000236411
0.00271038
0.0056161
0.00695552
0.00469324
0.00255065
0.000405542
-0.000284098
-0.000859506
-0.00143828
-3.75358e-05
0.00261637
0.00522751
0.00670575
0.00557822
0.00453668
0.003493
0.00243055
0.00136723
0.000304628
-0.000398057
-0.000872616
-0.00135431
-0.000808521
0.00209881
0.00492725
0.00775641
0.00605041
0.0039897
0.00194189
0.00128112
0.00149943
0.001689
0.00218007
0.00336244
0.00452156
0.00568069
0.00429771
0.00271587
0.00114151
0.000776122
0.00117695
0.00155268
0.00228764
0.00384708
0.00537881
0.00691044
0.0053014
0.00344629
0.00160035
0.000569721
5.61692e-05
-0.000473763
-0.00065732
-4.60342e-05
0.000539192
0.00112488
0.0020206
0.00294023
0.00385849
0.00335014
0.00193769
0.000555284
-0.000328963
-6.64952e-05
0.000158896
0.000385335
0.00137852
0.00243159
0.00348206
0.0034803
0.00281146
0.00216447
0.00147692
0.000697141
-7.91759e-05
-0.000855105
-0.00115047
-0.00140773
-0.00166605
-0.00181701
-0.00189989
-0.0019849
-0.00123465
0.00143641
0.00404433
0.00665261
0.00514541
0.00331371
0.00149355
0.000413179
-0.000197606
-0.000822984
-0.00129686
-0.00142389
-0.0015619
-0.00169947
-0.00184867
-0.00199871
-0.00214862
-0.00157973
-0.000555093
0.000454401
0.00133895
0.00193586
0.00254152
0.00314652
0.00187496
0.000455371
-0.000958614
-0.00172063
-0.00206882
-0.00242991
-0.00271967
-0.00284662
-0.00297865
-0.00311043
-0.00322083
-0.00332948
-0.00343811
-0.00358865
-0.00376574
-0.00394188
-0.00408399
-0.00414789
-0.00421421
-0.00428042
-0.00429082
-0.00429679
-0.00430289
-0.00435713
-0.00444191
-0.00452568
-0.00458641
-0.00459417
-0.00460359
-0.00461295
-0.00457113
-0.00452527
-0.00447957
-0.00316995
-0.00105852
0.0010264
0.00224139
0.00145479
0.000731493
6.66374e-06
-0.000796191
-0.00160482
-0.00241276
-0.00289668
-0.00317482
-0.00345923
-0.00369704
-0.00382832
-0.00396285
-0.0040972
-0.00411678
-0.00412719
-0.00413788
-0.00249675
0.000192646
0.00284765
0.00431171
0.00303539
0.00184531
0.000653287
-0.000265471
-0.00116191
-0.00205848
-0.00261372
-0.00295213
-0.00329708
-0.00356821
-0.00367024
-0.00377747
-0.00388447
-0.00397411
-0.00406232
-0.00415052
-0.0041969
-0.00421673
-0.00423736
-0.00425174
-0.0042518
-0.00425231
-0.0042528
-0.00432597
-0.00440493
-0.00448365
-0.00454996
-0.00460837
-0.00466698
-0.00473728
-0.00483453
-0.00493088
-0.00502721
-0.00505718
-0.00508182
-0.00510661
-0.00513698
-0.0051709
-0.00520469
-0.00522836
-0.00522874
-0.00522983
-0.0052309
-0.00526731
-0.00530652
-0.00534563
-0.00539758
-0.00545766
-0.00551747
-0.00557316
-0.00561942
-0.00566594
-0.00571242
-0.00570249
-0.00568803
-0.00567372
-0.00569676
-0.00574353
-0.00578954
-0.00582512
-0.00583665
-0.00584892
-0.00586115
-0.0058721
-0.00588295
-0.00589379
-0.00592296
-0.00596377
-0.00600421
-0.00604828
-0.00610075
-0.00615294
-0.0062051
-0.00621383
-0.00621906
-0.00622439
-0.00618153
-0.00610803
-0.00603551
-0.00599319
-0.00602041
-0.00604548
-0.00607061
-0.00608156
-0.00609135
-0.00610117
-0.00610215
-0.0060975
-0.00609303
-0.00610224
-0.00614295
-0.00618267
-0.00622239
-0.00622276
