0
0.0156144
0.0133409
0.0101182
0.00697968
0.0045199
0.00359443
0.00254337
0.00150445
0.00128991
0.0010076
0.000731347
0.00281986
0.00628522
0.00963146
0.0116748
0.0107745
0.0101175
0.00944168
0.00705971
0.00482149
0.00257516
0.00137526
0.000785903
0.000147632
0.000970425
0.00506733
0.00889073
0.0127302
0.0133144
0.0141623
0.0149875
0.0135982
0.0109153
0.00834159
0.00601716
0.00426841
0.00247595
0.00068992
0.000107122
-0.000571771
-0.00124183
-0.000633518
0.000722281
0.00201581
0.00391979
0.00718812
0.0103418
0.0134996
0.0121787
0.0112181
0.0102303
0.00851841
0.00638216
0.00428315
0.00248804
0.00137922
0.000217574
-0.00093803
-0.00142719
-0.00196847
-0.00250476
-0.00158881
0.00017778
0.00187428
0.00400411
0.00709998
0.0101147
0.0131311
0.0124659
0.0120916
0.011695
0.00945214
0.00612641
0.00289091
0.000355
-0.000595965
-0.00166955
-0.00273187
-0.00332275
-0.00394955
-0.00457256
-0.00513624
-0.00566461
-0.0061949
-0.00664993
-0.00693691
-0.0072365
-0.00753465
-0.00751709
-0.00752402
-0.00752905
-0.00550937
-0.00230056
0.000811401
0.00353923
0.00539065
0.00730678
0.00921498
0.00780663
0.00665556
0.00548649
0.00358705
0.00125792
-0.00103468
-0.00296154
-0.00406238
-0.00522472
-0.00638059
-0.00708057
-0.00781427
-0.00854429
-0.00890122
-0.00903804
-0.00919141
-0.00934052
-0.00948328
-0.0096263
-0.00976909
-0.00993593
-0.0101007
-0.0102654
-0.0105198
-0.010827
-0.0111298
-0.0114366
-0.0117522
-0.0120667
-0.0123807
-0.0125248
-0.0126815
-0.012837
-0.0129901
-0.0131416
-0.013293
-0.0134504
-0.0136213
-0.013791
-0.0139605
-0.0139001
-0.0138569
-0.0138125
-0.0138177
-0.0138522
-0.0138844
-0.0139451
-0.0140698
-0.0141896
-0.0143096
-0.0140851
-0.0138865
-0.0136863
-0.0120546
-0.00957722
-0.00716594
-0.00504385
-0.00358091
-0.00207156
-0.000567841
-0.00149182
-0.00223593
-0.00299217
-0.00193898
0.00018398
0.0022254
0.00328078
0.0021008
0.00108608
6.07515e-05
-0.00150578
-0.00303053
-0.0045561
-0.00544523
-0.00595696
-0.00649542
-0.00619545
-0.00400829
-0.00196136
9.27804e-05
0.00333709
0.00649046
0.00964584
0.0105939
0.0102328
0.0099669
0.00996293
0.010566
0.0111245
0.0116854
0.011825
0.0119948
0.0121621
0.0118587
0.0112759
0.010714
0.0104557
0.0108857
0.0112658
0.0116489
0.0115816
0.0115467
0.0115094
0.0117481
0.0121503
0.0125404
0.0126111
0.0119591
0.0113595
0.0107569
0.00981307
0.00889474
0.00797591
0.00785574
0.0082104
0.00853097
0.00883295
0.00908787
0.00934575
0.00960306
0.0109586
0.0122349
0.0135149
0.0137963
0.0134836
0.0132131
0.0126721
0.011526
0.0104239
0.00932026
0.00848741
0.0076368
0.00678861
0.00635674
0.00617309
0.00597239
0.00592995
0.00624215
0.00652923
0.00681766
0.00849576
0.0102294
0.0119568
0.012884
0.0133337
0.0138159
0.0134143
0.0110205
0.00876761
0.00650813
0.00459125
0.00269102
0.000792269
-0.000358917
-0.00106361
-0.00179804
-0.00242366
-0.00280929
-0.00321087
-0.0036108
-0.00408744
-0.00456673
-0.00504518
-0.00550811
-0.00596153
-0.00641498
-0.00682796
-0.00715024
-0.00747826
-0.00780545
-0.00811963
-0.00843287
-0.00874575
-0.00909528
-0.00946654
-0.00983582
-0.0101821
-0.0104765
-0.0107741
-0.011071
-0.0112492
-0.011422
-0.011595
-0.0116671
-0.0116789
-0.0116947
-0.0117754
-0.0120035
-0.0122214
-0.0124397
-0.0125672
-0.0126905
-0.0128139
-0.0128775
-0.0129052
-0.0129353
-0.0129843
-0.0130765
-0.0131658
-0.0132551
-0.0132798
-0.0133016
-0.0133236
-0.0133976
-0.0135027
-0.0136056
-0.0136788
-0.0136844
-0.0136944
-0.0137042
-0.0139422
-0.0141901
-0.0144371
-0.0145286
-0.014527
-0.0145315
-0.0145012
-0.0143927
-0.0142896
-0.0141862
-0.0141305
-0.014077
-0.0140235
-0.0127407
-0.0107214
-0.00875313
-0.00733078
-0.00714935
-0.0068869
-0.00663009
-0.00654962
-0.00647732
-0.00640457
-0.00657762
-0.00689809
-0.00720852
-0.00738691
-0.00726517
-0.00716312
-0.00705991
-0.00468399
-0.00220634
0.00026149
0.000998186
0.000694487
0.000458565
0.000175694
-0.000203733
-0.000576428
-0.000949077
0.000764884
0.00257366
0.00437398
0.00544151
0.00606782
0.00672171
0.00732768
0.0078303
0.00833891
0.00884649
0.00931062
0.00977218
0.0102333
0.0108603
0.0115868
0.0123061
0.0127936
0.0127562
0.0127523
0.0127463
0.0130725
0.013414
0.013754
0.0136693
0.0133289
0.0130051
0.012966
0.0135743
0.0141407
0.0147091
0.0147078
0.0146793
0.0146527
0.014742
0.0149013
0.0150559
0.0153026
0.0157577
0.0161991
0.0166408
0.0167483
0.0168397
0.0169319
0.0167259
0.0163403
0.0159664
0.0156903
0.0156369
0.0155697
0.0155034
0.0149989
0.0144737
0.0139504
0.0136048
0.0133664
0.0131217
0.0128342
0.0124486
0.0120695
0.0116905
0.0108096
0.00990523
0.00900343
0.00839923
0.00797496
0.00754007
0.00695797
0.00603963
0.00514321
0.00424655
0.00328978
0.0023311
0.00137371
0.000742506
0.000308563
-0.000136991
-0.000485899
-0.000617893
-0.000763058
-0.000907235
-0.00149747
-0.00210916
-0.00271878
-0.003242
-0.00371272
-0.00418607
-0.0037163
-0.00110719
0.00136805
0.00384843
0.00498783
0.00605907
0.00713315
0.00603213
0.00361664
0.00128404
-0.000678838
-0.00179449
-0.00296023
-0.00412152
-0.00439283
-0.00471775
-0.00503904
-0.00281522
0.000947531
0.00461269
0.00722401
0.00743494
0.00779047
0.00813685
0.00558542
0.00288983
0.000206159
-0.00152981
-0.00269092
-0.00388519
-0.00485077
-0.00530363
-0.00578671
-0.0062674
-0.00657699
-0.00687751
-0.0071782
-0.0073948
-0.00756037
-0.0077288
-0.00786626
-0.00793409
-0.00800599
-0.00807757
-0.00834294
-0.008618
-0.00889215
-0.00914008
-0.00937199
-0.00960458
-0.0098362
-0.0100661
-0.0102958
-0.0105253
-0.0105174
-0.0104973
-0.010478
-0.0104307
-0.0103664
-0.0103033
-0.0102891
-0.0103862
-0.0104766
-0.0105673
-0.0106767
-0.010787
-0.0108971
-0.0110434
-0.0112116
-0.0113783
-0.0109813
-0.00930341
-0.00770254
-0.00609903
-0.00386575
-0.00160174
0.000657818
0.00120408
0.00070978
0.000276764
-0.000491214
-0.00201274
-0.00348861
-0.00496542
-0.00558989
-0.00616872
-0.00674954
-0.00698219
-0.00700333
-0.00703671
-0.00712169
-0.00732564
-0.00752247
-0.00771949
-0.00787632
-0.00803086
-0.00818535
-0.00642175
-0.00349301
-0.000634834
0.00165684
0.00265562
0.00372768
0.00479429
0.00387554
0.00285157
0.00183483
0.000474406
-0.00109423
-0.00264912
-0.00389018
-0.00441825
-0.00498653
-0.00555185
-0.00601924
-0.00648086
-0.00694229
-0.00721745
-0.00737914
-0.00754712
-0.0077411
-0.00799531
-0.0082458
-0.00849622
-0.00851958
-0.00853063
-0.00854236
-0.00867684
-0.00888602
-0.00909073
-0.00924501
-0.00928434
-0.00933012
-0.00937549
-0.00847105
-0.00751582
-0.00656454
-0.00477889
-0.00248582
-0.000223945
0.000855837
-0.000753867
-0.00221041
-0.00367393
-0.00470386
-0.00570907
-0.00671454
-0.00733319
-0.00771587
-0.00811134
-0.00844905
-0.00865761
-0.00887317
-0.00908809
-0.00911247
-0.00912633
-0.00914076
-0.00914297
-0.00913775
-0.00913295
-0.00891282
-0.00820284
-0.0075209
-0.00683816
-0.00378085
-0.00059506
0.00258005
0.00376959
0.0037469
0.00379144
0.00362062
0.00296851
0.00234375
0.00171817
0.000431624
-0.000890469
-0.00220914
-0.00307601
-0.00366666
-0.00427188
-0.00480874
-0.00519276
-0.00558478
-0.00597592
-0.00624757
-0.00651226
-0.00677704
-0.00692777
-0.00700879
-0.00709354
-0.00615171
-0.00287378
0.000272694
0.00342292
0.00480658
0.0060895
0.00737652
0.00743225
0.00673577
0.00608107
0.00533519
0.00438611
0.00344913
0.0025125
0.00122374
-8.36913e-05
-0.00138869
-0.00214557
-0.00256701
-0.00300618
-0.00235566
0.000773016
0.00376413
0.00675946
0.00840963
0.00998173
0.0115564
0.0116683
0.0108857
0.0101522
0.00955638
0.00927907
0.00898491
0.00869198
0.00829271
0.00788776
0.00748355
0.00732677
0.0073215
0.0073081
0.00721954
0.00695877
0.0067075
0.00645599
0.00611155
0.00576209
0.00541327
0.00531052
0.00535847
0.00539833
0.005657
0.00641312
0.00714193
0.00787142
0.00847454
0.0090698
0.00966485
0.00966127
0.00929102
0.00894062
0.00844438
0.00761786
0.00680971
0.00600145
0.00513053
0.00425679
0.00338412
0.00279389
0.00237697
0.00195134
0.00144628
0.000758578
8.12299e-05
-0.00059595
-0.000970156
-0.00132635
-0.00168311
0.000422058
0.00403579
0.0075665
0.0100896
0.0103115
0.0106538
0.0109894
0.00943619
0.00777371
0.0061187
0.00453159
0.00298694
0.00144169
0.000204064
-0.000334727
-0.000909411
-0.00148162
-0.00155532
-0.0015996
-0.00164537
0.000470569
0.00391219
0.00728133
0.00970408
0.00996571
0.0103392
0.0107065
0.00914471
0.00747023
0.00580332
0.00426573
0.00280832
0.00134827
0.000187935
-0.000291545
-0.000805679
-0.00131749
-0.00152571
-0.00171569
-0.00190642
-0.000441629
0.0020394
0.00446559
0.00661236
0.00811886
0.0096567
0.0111914
0.0100652
0.00878137
0.00750692
0.00577316
0.00375809
0.00175948
0.00017912
-0.000448404
-0.00112398
-0.0017964
-0.00223143
-0.00265182
-0.00307253
-0.00330281
-0.00341599
-0.003535
-0.00283614
-0.000273155
0.00219246
0.00466051
0.0064667
0.00823145
0.00999651
0.00961703
0.00791888
0.00628925
0.00466039
0.00303916
0.00141919
-0.000199205
-0.000861868
-0.00146616
-0.0020728
-0.00260531
-0.00309213
-0.00358076
-0.00401537
-0.00432764
-0.00464575
-0.00496325
-0.00487004
-0.00475198
-0.00463528
-0.00467745
-0.00481743
-0.00495237
-0.00510738
-0.00530777
-0.00550569
-0.00570353
-0.00596013
-0.00622008
-0.0064796
-0.00669983
-0.00689578
-0.00709274
-0.0138858
-0.035727
-0.0567967
-0.0219615
-0.0073023
-0.00806567
-0.00806137
-0.00810788
-0.00816025
-0.00821228
-0.00828127
-0.008389
-0.00849469
-0.00860039
-0.00866454
-0.00872608
-0.00878769
-0.0087737
-0.00871313
-0.00865493
-0.00829172
-0.00723274
-0.00620912
-0.00518478
-0.0039965
-0.00279915
-0.00160342
-0.00159616
-0.00232163
-0.00301037
-0.00370164
-0.00439538
-0.00508833
-0.00578063
-0.00592235
-0.00602985
-0.00613892
-0.00575631
-0.00507064
-0.00440047
-0.00363153
-0.00263807
-0.00165655
-0.000675399
-0.00131764
-0.00206024
-0.00279723
-0.00349832
-0.00417687
-0.00485586
-0.00535053
-0.00542544
-0.00552068
-0.00561484
-0.00519779
-0.0047492
-0.00430257
-0.00277525
-0.000581458
0.00157792
0.00316826
0.00345846
0.00381129
0.00416074
0.00360394
0.00299083
0.00238103
0.0013566
7.65955e-05
-0.00118986
-0.00196352
-0.0016122
-0.00131539
-0.00101624
0.00139651
0.0039401
0.00647495
0.00726384
0.00697371
0.00673564
0.0060798
0.00447559
0.00291836
0.00136038
0.000465749
-0.00038626
-0.00123949
-0.00184329
-0.00229279
-0.00274923
-0.00316656
-0.00349595
-0.00382922
-0.00416198
-0.00421685
-0.00425408
-0.00429211
-0.00426606
-0.00420043
-0.00413674
-0.0041373
-0.00428474
-0.00442508
-0.00456561
-0.00484197
-0.00512674
-0.00541084
-0.00572138
-0.00604817
-0.00637388
-0.00574552
-0.00293835
-0.000236757
0.00246727
0.00385451
0.00515661
0.0064615
0.00682166
0.00659737
0.00640081
0.00570582
0.00387511
0.00209952
0.000323004
-0.000387994
-0.0010302
-0.00167504
-0.00223216
-0.00273491
-0.00323973
-0.00332603
-0.00245708
-0.00163365
-0.000808855
0.00213093
0.00520411
0.0082682
0.00977989
0.0103298
0.010924
0.011286
0.0111227
0.010984
0.0108443
0.0107505
0.0106596
0.0105687
0.0103808
0.0101327
0.00988772
0.00971462
0.00970586
0.0096895
0.0096735
0.0102825
0.0109313
0.0115777
0.0118074
0.0117787
0.011762
0.0117351
0.0116861
0.0116382
0.0115902
0.0115663
0.0115439
0.0115215
0.01116
0.0105886
0.0100274
0.00954517
0.00924395
0.0089347
0.00862611
0.00779591
0.00693245
0.0060713
0.00500668
0.00381633
0.00263282
0.00164998
0.00112505
0.000579671
3.57223e-05
-0.000259165
-0.000537542
-0.000816418
-0.00102617
-0.00119301
-0.00136165
-0.00149674
-0.00155554
-0.00161775
-0.00167975
-3.56939e-05
0.00171879
0.00346667
0.00554519
0.007828
0.0100995
0.0108494
0.00812264
0.00555587
0.00298418
0.00164806
0.000394186
-0.000862275
-0.00155444
-0.00189628
-0.00225364
-0.00250909
-0.00253359
-0.00256849
-0.00260289
-0.00292957
-0.00327526
-0.00361979
-0.00401888
-0.00445168
-0.00488259
-0.00525685
-0.00550193
-0.0057526
-0.00600278
-0.0062514
-0.00649971
-0.00674781
-0.00683849
-0.00683136
-0.00682862
-0.00686043
-0.0069717
-0.00707931
-0.00718698
-0.00728554
-0.0073834
-0.00748121
-0.0076649
-0.00790188
-0.00813627
-0.00832986
-0.00843015
-0.00853451
-0.00863859
-0.00874808
-0.00885784
-0.0089675
-0.00896887
-0.00890296
-0.00884009
-0.00880156
-0.00881892
-0.00883379
-0.00884876
-0.00899221
-0.00914413
-0.00929554
-0.00944603
-0.00959589
-0.00974565
-0.00987127
-0.00994184
-0.0100148
-0.0100876
-0.0101937
-0.010302
-0.0104101
-0.0104157
-0.0103576
-0.0103023
-0.0102671
-0.0102784
-0.0102876
-0.0102969
-0.0102754
-0.0102519
-0.0102285
-0.0102633
-0.0103343
-0.0104036
-0.0104703
-0.010531
-0.0105919
-0.0106528
-0.0105629
-0.010463
-0.0103636
-0.0103237
-0.0103209
-0.0103166
-0.0102919
-0.0102206
-0.0101514
-0.0100821
-0.0100099
-0.00993756
-0.00986527
-0.00941392
-0.00872679
-0.00805049
-0.00703062
-0.00522496
-0.00345492
-0.00168487
0.000635939
0.00299223
0.00534495
0.00625745
0.00627294
0.00632718
0.00656557
0.00722932
0.00787414
0.00851921
0.00932682
0.0101448
0.0109617
0.011182
0.0110307
0.0108956
0.010851
0.0110152
0.0111702
0.0113255
0.0114103
0.0114902
0.0115703
0.0115114
0.0113662
0.0112247
0.0113221
0.0119666
0.0125871
0.013208
0.0134183
0.0136004
0.0137836
0.0139798
0.014184
0.0143877
0.0141706
0.0129903
0.0118521
0.010713
0.0104971
0.0103445
0.0101893
0.00997103
0.00971335
0.00945756
0.00888239
0.007576
0.00630175
0.00502722
0.00522405
0.00552166
0.00581476
0.00574369
0.00544547
0.00515711
0.00459662
0.0034138
0.00225827
0.00110257
0.000445759
-0.000176248
-0.000799199
-0.00123992
-0.00156689
-0.00189838
-0.00216987
-0.00230484
-0.00244544
-0.00258568
-0.00269888
-0.00281012
-0.00292136
-0.00317371
-0.00351403
-0.00385038
-0.00415613
-0.00439181
-0.00463022
-0.00486832
-0.00497378
-0.00506999
-0.0051665
-0.00535489
-0.00560058
-0.00584367
-0.00552515
-0.0039207
-0.00237124
-0.000820775
-0.000762374
-0.000807419
-0.000848118
0.000154863
0.00180917
0.00343501
0.00392087
0.00179523
-0.000220136
-0.00223841
-0.00133925
-0.000238072
0.000853817
0.00237636
0.00416713
0.00594531
0.00680811
0.00557534
0.00443029
0.00328255
0.00195678
0.000619575
-0.000716057
-0.0002655
0.00130058
0.00281934
0.00381034
0.0035897
0.00341917
0.00324672
0.00380282
0.00440937
0.00501335
0.00475046
0.003946
0.00316445
0.00266915
0.00283086
0.00296548
0.00310109
0.00331536
0.00353497
0.00375419
0.00426957
0.00496988
0.00566205
0.0061199
0.00604096
0.00598403
0.00592624
0.00566317
0.00538588
0.0051094
0.00511191
0.00528885
0.00545854
0.0056268
0.00579131
0.00595583
0.00612021
0.00571358
0.00526708
0.00482257
0.00457034
0.00443847
0.00430182
0.00431598
0.00467504
0.00501983
0.00536492
0.00526004
0.00512352
0.0049884
0.00505706
0.0052532
0.00544402
0.00539856
0.0048114
0.00424659
0.00368134
0.00454947
0.00551825
0.00648219
0.00594603
0.00447143
0.0030358
0.00200529
0.00190514
0.00176767
0.00163181
0.00126534
0.000882816
0.000501239
0.00131722
0.00288237
0.00441623
0.00502609
0.00351727
0.00209451
0.000669441
0.000584688
0.000595117
0.000601732
0.000737845
0.000954875
0.0011685
0.00162599
0.00264225
0.00363541
0.00462869
0.00347865
0.00217695
0.000882332
0.00143921
0.00315532
0.00482394
0.00563053
0.00445881
0.00336662
0.00227213
0.00261682
0.00306387
0.0035065
0.00301823
0.00194701
0.000899744
0.00046126
0.00141924
0.0023212
0.00322466
0.00334957
0.00341877
0.00349011
0.00301701
0.00220305
0.00140318
0.00104893
0.0017166
0.00234346
0.00297143
0.00250816
0.00196707
0.00142947
0.00206947
0.00344722
0.00479489
0.00546256
0.00457009
0.00373958
0.00290728
0.00260961
0.0023505
0.00209009
0.00264284
0.00370503
0.00474645
0.005051
0.00366548
0.00234714
0.0010272
0.00268709
0.00456012
0.00642337
0.00622181
0.0047257
0.00328123
0.00235824
0.002634
0.00286284
0.00309333
0.00319955
0.00329676
0.00339424
0.00341811
0.00339583
0.00337537
0.00329334
0.00307032
0.00285294
0.00263552
0.00237406
0.00210961
0.00184548
0.00182659
0.00196153
0.00209041
0.00222575
0.00237547
0.00252452
0.00267348
0.00299828
0.00333558
0.00367214
0.00357777
0.00321308
0.00285909
0.00250819
0.00216499
0.00182176
0.00147879
0.00172557
0.00201494
0.00230246
0.0021007
0.00159192
0.00109532
0.000870094
0.00126778
0.00164126
0.00201538
0.00246775
0.0029255
0.00338269
0.00361332
0.00370169
0.00379543
0.0036245
0.00284713
0.00209353
0.0013396
0.00243623
0.00366686
0.00489145
0.00506408
0.00457613
0.00411372
0.00364248
0.00315279
0.00266418
0.00217589
0.00242835
0.00273468
0.00303874
0.00353883
0.00416184
0.00477972
0.00505243
0.00453361
0.00404519
0.003556
0.00401245
0.00453771
0.00505998
0.00437833
0.00294062
0.0015326
0.000854303
0.00185111
0.00278389
0.00371838
0.00343899
0.00307087
0.00270639
0.00262998
0.00273467
0.00283246
0.00312028
0.00384357
0.00454991
0.00525637
0.00425406
0.003127
0.00200548
0.00177252
0.00209808
0.00240244
0.00275555
0.00321896
0.00367789
0.00413665
0.00400928
0.00383891
0.00367027
0.00363165
0.00367482
0.00371489
0.00361185
0.00318021
0.00276116
0.00234196
0.00153459
0.000699146
-0.000134624
0.00133167
0.00424358
0.00709945
0.00910856
0.00917272
0.00930921
0.00944292
0.006908
0.00417777
0.00145682
0.000125502
-0.000331471
-0.000820561
-0.00083348
0.000242976
0.00127824
0.00231427
0.00274725
0.00313536
0.00352484
0.00290463
0.00164958
0.000418941
-0.000175775
0.000689709
0.00150061
0.00231293
0.00145826
0.000480648
-0.000491706
-0.0011538
-0.00162043
-0.00209392
-0.00249358
-0.00272485
-0.00296215
-0.00319905
-0.0033071
-0.00340553
-0.00350423
-0.00364827
-0.00382081
-0.00399218
-0.00310241
0.000222655
0.00345598
0.00669029
0.00682866
0.00673673
0.0066533
0.00530248
0.00315458
0.0010374
-0.000653176
-0.00136407
-0.00211023
-0.00285456
-0.0031943
-0.00350367
-0.00381393
-0.00248411
-0.000122248
0.00220028
0.00384879
0.00394909
0.00410567
0.00426009
0.00293372
0.00149769
6.66892e-05
-0.000805183
-0.00132468
-0.0018566
-0.00228482
-0.00247656
-0.00267673
-0.00287645
-0.00015279
0.00278767
0.00571814
0.00579583
0.00407671
0.00242384
0.000979548
1.8054e-05
-0.000960193
-0.00193713
-0.00224368
-0.00249983
-0.00275761
-0.00305975
-0.00338979
-0.00371859
-0.00397327
-0.00405802
-0.00414883
-0.00423936
-0.00434126
-0.00444394
-0.00454653
-0.00473008
-0.0049646
-0.00519712
-0.00537292
-0.00541852
-0.00546876
-0.0055188
-0.00567588
-0.00584091
-0.00600554
-0.00603331
-0.00597482
-0.00591946
-0.00594218
-0.00614437
-0.00633999
-0.00653572
-0.00658975
-0.00663309
-0.00667677
-0.00668927
-0.00668211
-0.00667566
-0.00665161
-0.00658721
-0.00652429
-0.00646136
-0.00654434
-0.00663827
-0.00673175
-0.00686332
-0.00701887
-0.00717345
-0.00698769
-0.00602047
-0.00508167
-0.00414253
-0.00219079
-0.000163806
0.00185908
0.00236209
0.00190654
0.00148527
0.00113314
0.000942255
0.000745799
0.000549678
0.00079065
0.00106454
0.00133708
0.00162423
0.00192051
0.00221626
0.00269056
0.00357515
0.00444466
0.00531408
0.00440819
0.00336833
0.00233391
0.00216434
0.00254047
0.00289715
0.00322742
0.00349577
0.00376612
0.0040362
0.00401701
0.00397587
0.00393553
0.00438671
0.00514791
0.00589771
0.00645231
0.00655833
0.00667998
0.006801
0.00674991
0.00668576
0.00662211
0.00689583
0.00738239
0.00786117
0.00807556
0.00768248
0.00731086
0.00693875
0.00683216
0.00674586
0.00665891
0.00618587
0.00546924
0.00476158
0.00417319
0.00385881
0.00353512
0.00321198
0.00287334
0.00253372
0.00219437
0.00220475
0.00243592
0.00265927
0.00259167
0.00185527
0.00114255
0.000429502
0.000449241
0.000524946
0.000598664
0.00032536
-0.000167039
-0.000651527
-0.00102638
-0.00114917
-0.00128058
-0.0014116
0.000997574
0.00359963
0.00619324
0.00584632
0.00364225
0.00150364
-8.37709e-05
-0.000401571
-0.000762827
-0.00112234
0.000176988
0.00160265
0.00302299
0.00390308
0.0044416
0.00499147
0.00529611
0.00503875
0.00480083
0.00456241
0.00446978
0.0043884
0.00430669
0.00461893
0.00517996
0.00573211
0.00580281
0.00476709
0.00376987
0.00277203
0.00274775
0.00279831
0.00284629
0.00350204
0.00454163
0.00556743
0.00623308
0.00607104
0.0059373
0.00580268
0.00457131
0.00325625
0.00194493
0.00117883
0.000757591
0.000324919
0.000546126
0.00226859
0.00393895
0.00560994
0.00440359
0.00297611
0.0015571
0.00061487
-2.5577e-05
-0.000675807
-0.000598825
0.00114796
0.00283709
0.00452703
0.00353065
0.00232745
0.00113205
0.000330662
-0.00022126
-0.000781225
-0.000800967
0.000419674
0.00159769
0.00277634
0.00391025
0.00504002
0.00616918
0.00525428
0.00304699
0.000884652
-0.000719125
-0.00103758
-0.001399
-0.00175873
-0.00197463
-0.00217925
-0.00238411
-0.00108099
0.00117559
0.0033987
0.0047067
0.00391076
0.00318578
0.00245892
0.00135813
0.000228993
-0.000898443
-0.00150501
-0.0017819
-0.00206963
-0.00233826
-0.00256412
-0.00279126
-0.0030182
-0.000547792
0.00213065
0.00480037
0.0048019
0.00311507
0.00148556
0.000340192
0.00031067
0.000244059
0.000178725
0.00122548
0.00235812
0.00348716
0.00299417
0.00147478
-9.55294e-06
-0.000572424
0.000984305
0.00246975
0.00395657
0.0042367
0.00442269
0.00461168
-0.0054513
-0.0220007
-0.0383247
0.00441684
0.00279005
0.00263008
0.00242177
0.00279195
0.00320685
0.00362001
0.00330795
0.00253685
0.00178138
0.00106184
0.000425464
-0.000213235
-0.000851437
0.00103878
0.00312539
0.00520416
0.00536861
0.0043208
0.0033135
0.00233732
0.00143488
0.000530606
-0.00037301
-0.000780012
-0.00114793
-0.00151689
-0.00172592
-0.00183364
-0.00194462
-0.00117811
0.00160556
0.00432142
0.00703772
0.00544228
0.00351007
0.00159013
0.000360422
-0.000431571
-0.00123733
-0.00184392
-0.00199429
-0.00215943
-0.00232399
-0.00251443
-0.0027068
-0.00289898
-0.00303126
-0.00312556
-0.00322104
-0.00327279
-0.00322415
-0.0031788
-0.00313337
-0.00324262
-0.00336396
-0.00348482
-0.0036068
-0.00372945
-0.003852
-0.00397478
-0.00409818
-0.00422148
-0.0043447
-0.0044996
-0.00465691
-0.00481403
-0.0048805
-0.00488951
-0.00490037
-0.00489081
-0.00483444
-0.00477962
-0.00472478
-0.00482865
-0.00494495
-0.00506078
-0.00515486
-0.00523513
-0.00531579
-0.00537831
-0.00539918
-0.00542139
-0.00544353
-0.00175833
0.00221708
0.00618061
0.0064986
0.00450536
0.00258762
0.00106799
0.000467956
-0.000161191
-0.000789001
-0.00129422
-0.00178946
-0.0022847
-0.0017494
-0.000560847
0.000606036
0.00172553
0.00273542
0.00374817
0.00476018
0.0032846
0.0016132
-5.08787e-05
-0.000883988
-0.00118984
-0.00151232
-0.00174275
-0.00176298
-0.0017899
-0.00181659
0.000605205
0.00321945
0.0058259
0.00549246
0.0032944
0.00115704
-0.000475784
-0.000945402
-0.00145168
-0.00195648
-0.00223185
-0.00248887
-0.00274632
-0.00291302
-0.00302214
-0.00313301
-0.00322541
-0.00327551
-0.00332692
-0.00337826
-0.0034224
-0.00346595
-0.00350949
-0.00369446
-0.00396911
-0.00424075
-0.00444962
-0.00451407
-0.00458305
-0.00465184
-0.00470966
-0.00476658
-0.00482348
-0.00487348
-0.00491907
-0.00496477
-0.00502252
-0.00510803
-0.0051926
-0.00527715
-0.00521909
-0.00514971
-0.00508073
-0.00504206
-0.00502265
-0.00500265
-0.00499005
-0.00499442
-0.00499825
-0.0050021
-0.002833
-0.000492016
0.00184212
0.0026382
0.00245775
0.00230798
0.00180329
0.000484127
-0.000808733
-0.00210161
-0.00243
-0.00268129
-0.00293483
-0.00298373
-0.00290274
-0.00282586
-0.0028399
-0.00306334
-0.00328011
-0.00349695
-0.00363819
-0.00377332
-0.00390855
-0.0040703
-0.00424885
-0.00442677
-0.0045758
-0.00465845
-0.00474312
-0.00482767
-0.00494509
-0.00506507
-0.0051849
-0.00524597
-0.00526972
-0.0052946
-0.00532823
-0.00538206
-0.00543523
-0.00548839
-0.00551265
-0.00553459
-0.00555658
-0.00561625
-0.00569984
-0.00578263
-0.00585181
-0.00588967
-0.00592848
-0.00596723
-0.0060231
-0.00608031
-0.00613745
-0.0061867
-0.00623092
-0.00627528
-0.00631293
-0.0063352
-0.00635792
-0.00638062
-0.00638301
-0.00638377
-0.00638458
-0.00641278
-0.00645839
-0.00650342
-0.00655182
-0.00660794
-0.00666379
-0.00671961
-0.0067243
-0.00672489
-0.00672559
-0.00671905
-0.00670791
-0.00669691
-0.00671707
-0.00680896
-0.00689859
-0.00698823
-0.00697528
-0.00695408
-0.00693315
-0.00692556
-0.00692645
-0.00692708
-0.00692393
-0.00691204
-0.00690042
-0.0068888
-0.00694345
-0.00700342
-0.00706318
-0.0070509
-0.00699282
-0.00693617
-0.00691466
-0.00697408
-0.00703099
-0.00708795
-0.00706195
-0.00702928
-0.00699683
-0.00700858
-0.00704842
-0.00708739
-0.0071201
-0.00713836
-0.00715705
-0.00717572
-0.0071933
