0
0.00603184
0.00552385
0.00582849
0.00606514
0.00675592
0.00845443
0.0100666
0.0116833
0.0111118
0.010722
0.0103179
0.00919679
0.00765781
0.00615579
0.00502431
0.00472946
0.00436634
0.00400943
0.00616832
0.00811745
0.0100806
0.0110112
0.0113399
0.0117172
0.012139
0.0126706
0.0131923
0.0137141
0.0146584
0.0155668
0.0164767
0.0159421
0.0145643
0.013257
0.0126749
0.0137341
0.0146589
0.0155931
0.0145081
0.0135877
0.0126555
0.0125816
0.013009
0.0133953
0.0135748
0.013282
0.0130275
0.0127703
0.0125523
0.0123314
0.0121112
0.0127134
0.0137967
0.0148399
0.0155652
0.0155698
0.0156318
0.0156891
0.0158847
0.016069
0.0162539
0.0161225
0.0158058
0.0155043
0.0153824
0.0156671
0.0159193
0.0161737
0.0164468
0.016718
0.016989
0.0174924
0.0181318
0.0187596
0.019251
0.0194349
0.0196426
0.0198481
0.0187081
0.017675
0.0166352
0.0149307
0.0128365
0.0107758
0.00955486
0.0102268
0.0107505
0.011285
0.0115793
0.0118918
0.0122024
0.011372
0.00987125
0.00842464
0.00722108
0.00657184
0.00588087
0.00519417
0.00493963
0.00465225
0.00436783
0.00400689
0.00360128
0.00319971
0.00284233
0.00258444
0.00231934
0.00205519
0.00168509
0.00132364
0.000962079
0.000573243
0.000168531
-0.000234357
-0.000613957
-0.000941558
-0.00127261
-0.0016029
-0.00178625
-0.00198045
-0.00217354
-0.00237435
-0.00257955
-0.00278411
-0.00303164
-0.00337633
-0.00371319
-0.00405012
-0.00440016
-0.00474868
-0.0050968
-0.00533526
-0.00550887
-0.00568708
-0.00584902
-0.00597542
-0.00610428
-0.00623277
-0.00613066
-0.00604591
-0.00595999
-0.00612469
-0.0064373
-0.00673843
-0.00702848
-0.00729213
-0.00755735
-0.00782207
-0.00802993
-0.0082417
-0.00845287
-0.00841249
-0.00822336
-0.0080455
-0.00785298
-0.00762897
-0.00740762
-0.00718639
-0.00707402
-0.00695381
-0.00683436
-0.00686096
-0.00697403
-0.00708059
-0.0071695
-0.00721764
-0.00726869
-0.00731945
-0.00782172
-0.0082903
-0.00876065
-0.00882997
-0.00866179
-0.00851114
-0.00834423
-0.00814328
-0.0079451
-0.007747
-0.00757446
-0.00740031
-0.00722654
-0.00710232
-0.00700757
-0.00691082
-0.00686162
-0.00691925
-0.0069691
-0.00701943
-0.00700017
-0.00698594
-0.00697136
-0.00715518
-0.00745663
-0.00774921
-0.0079234
-0.00782927
-0.00775448
-0.00767842
-0.00790122
-0.00810235
-0.00830474
-0.00843039
-0.00851046
-0.00859366
-0.00849794
-0.00799868
-0.00752881
-0.00705753
-0.00667683
-0.00629025
-0.00590464
-0.00565887
-0.0054964
-0.00532827
-0.00518134
-0.00508106
-0.00497762
-0.00487455
-0.00517271
-0.00544219
-0.0057133
-0.00609155
-0.00653344
-0.00697024
-0.00739084
-0.00777479
-0.00816078
-0.00854608
-0.00872307
-0.00891439
-0.00910443
-0.00916733
-0.00915443
-0.00914683
-0.00864023
-0.00700637
-0.00545324
-0.00389665
-0.00386268
-0.00389182
-0.00391654
-0.00391757
-0.00390428
-0.00389201
-0.00412036
-0.00489294
-0.00562685
-0.00636242
-0.0068323
-0.00729048
-0.00774883
-0.00791103
-0.00789651
-0.00789416
-0.00796252
-0.00819274
-0.00841153
-0.00863081
-0.00633839
-0.00394229
-0.00155656
-0.000387169
5.51303e-05
0.00054649
0.00107501
0.00169627
0.00231037
0.00292412
0.0030964
0.00324955
0.0034038
0.00344288
0.0034132
0.00338823
0.00351693
0.00399403
0.0044469
0.00490079
0.00592418
0.00697101
0.00801485
0.0089262
0.00975781
0.0105937
0.0113798
0.0120555
0.0127378
0.0134186
0.0133531
0.013255
0.0131592
0.0135301
0.0141802
0.0148107
0.0151855
0.0149792
0.0148121
0.0146425
0.0152183
0.0158263
0.0164314
0.0165589
0.0164003
0.0162609
0.0160947
0.0158705
0.0156504
0.0154303
0.0147996
0.0141512
0.0135049
0.0130325
0.0126645
0.0122902
0.0122422
0.0129319
0.013572
0.0142145
0.0144961
0.0147611
0.0150268
0.0148012
0.014281
0.0137809
0.0128929
0.011129
0.00942477
0.00771885
0.00700759
0.00634242
0.00567512
0.00515005
0.00471049
0.00426592
0.00391722
0.00378419
0.0036373
0.0034915
0.00625676
0.00915263
0.0120363
0.013054
0.0129501
0.012919
0.0123158
0.0104273
0.00862431
0.00681812
0.00583552
0.00489221
0.00394759
0.0033979
0.00308574
0.00275869
0.00247238
0.00227559
0.00207331
0.00187165
0.00373389
0.0056906
0.00763875
0.00893544
0.00983941
0.0107673
0.0108945
0.00921161
0.00764639
0.00607567
0.00505638
0.00406423
0.00307162
0.00233475
0.00175209
0.00116037
0.000721734
0.000627803
0.000512133
0.000397988
0.000645031
0.000909002
0.00117157
0.00251538
0.00450972
0.00646047
0.00761716
0.0069701
0.00643752
0.0058984
0.00611551
0.00636864
0.00661919
0.00653382
0.00624593
0.00597111
0.00541568
0.00422528
0.00307614
0.00192585
0.00124356
0.000584664
-7.48663e-05
-0.000605284
-0.00105765
-0.00151432
-0.00184822
-0.00190502
-0.001979
-0.00205182
-0.00249967
-0.00296531
-0.00342927
-0.00286975
-0.0016928
-0.000555552
0.000523456
0.00146648
0.00241675
0.0033654
0.00206634
0.000658157
-0.000741554
-0.00165357
-0.00227038
-0.00290461
-0.00341104
-0.00363104
-0.00386837
-0.00410434
-0.00439053
-0.00467889
-0.00496676
-0.00519526
-0.00538777
-0.00558226
-0.00568225
-0.00556839
-0.00546774
-0.0053664
-0.00561848
-0.00588793
-0.006156
-0.0063895
-0.00660194
-0.00681541
-0.00704127
-0.00729574
-0.00754816
-0.0078004
-0.00776432
-0.00774576
-0.00772616
-0.00766673
-0.0075832
-0.00750122
-0.00746902
-0.00754993
-0.00762392
-0.00769823
-0.00779608
-0.00789502
-0.00799377
-0.00810773
-0.00823084
-0.00835326
-0.00847544
-0.00859719
-0.00871882
-0.00884031
-0.0089163
-0.00898988
-0.00906352
-0.00901962
-0.00890455
-0.00879387
-0.0087362
-0.00879936
-0.00885524
-0.00891149
-0.00906687
-0.00922719
-0.00938702
-0.00944508
-0.00944142
-0.00944143
-0.00945479
-0.00949898
-0.00954129
-0.00958366
-0.00964027
-0.00969756
-0.00975475
-0.00964746
-0.00944047
-0.00923961
-0.0091175
-0.00917481
-0.00922149
-0.00926874
-0.00913602
-0.00899407
-0.00885282
-0.00881533
-0.00884082
-0.00886259
-0.0087601
-0.00837479
-0.00800651
-0.00763765
-0.00726992
-0.00690263
-0.00653574
-0.00625103
-0.00601634
-0.00577901
-0.00551599
-0.00519388
-0.00487558
-0.00455744
-0.0038244
-0.00307022
-0.00231814
-0.00169669
-0.00115491
-0.000609134
-3.29897e-05
0.000613562
0.00125529
0.00189655
0.00269599
0.00350302
0.00430867
0.00509247
0.00586265
0.00663272
0.00730315
0.00774826
0.00820583
0.00866216
0.00895253
0.00923373
0.00951513
0.00962189
0.00962242
0.00962903
0.00974642
0.0101165
0.0104717
0.0108273
0.010538
0.0102143
0.00989299
0.0099465
0.0102282
0.0104965
0.0106879
0.0107027
0.0107276
0.0107519
0.0108065
0.0108626
0.0109187
0.0107703
0.0104976
0.0102323
0.0101042
0.010289
0.0104558
0.0106234
0.0108143
0.0110063
0.011198
0.0113761
0.011546
0.0117161
0.0117347
0.0114091
0.0111032
0.0107966
0.0104847
0.0101729
0.00986139
0.00960738
0.00938849
0.00916789
0.0090653
0.00923065
0.00938082
0.00953167
0.0100191
0.0105246
0.0110286
0.0100751
0.00823313
0.00644277
0.00507322
0.00466519
0.00420411
0.00374649
0.0060367
0.00847682
0.0109059
0.011879
0.0119629
0.0120961
0.0120325
0.0115278
0.011048
0.0105674
0.00937118
0.00813626
0.00690485
0.00610004
0.00555607
0.00499831
0.00513109
0.00683286
0.00844641
0.010063
0.0104349
0.0107367
0.0110421
0.0111643
0.0111747
0.0111913
0.0109448
0.0101002
0.00928931
0.00847745
0.00757623
0.00667085
0.00576668
0.00525149
0.00497419
0.00468423
0.0050668
0.00697836
0.0088046
0.0106335
0.0110107
0.0113053
0.0116041
0.0108068
0.00933971
0.00791055
0.00672323
0.00608924
0.00542598
0.00476502
0.00529819
0.00589877
0.00649506
0.00753175
0.00883725
0.0101269
0.0109658
0.0107784
0.0106465
0.0105117
0.00887713
0.00715835
0.00544594
0.00441855
0.00381094
0.00318146
0.00275551
0.00278947
0.00279876
0.00280936
0.0053184
0.00796862
0.0106085
0.0114803
0.0112691
0.0111158
0.0105432
0.00902228
0.00755349
0.00608348
0.00509118
0.00412739
0.00316311
0.00262303
0.00234294
0.00204935
0.00176933
0.00151813
0.00126566
0.00101354
0.000908919
0.000812964
0.000716651
0.00204656
0.00424995
0.0064049
0.00778112
0.00738022
0.00707342
0.00676199
0.00521725
0.00360203
0.00199221
0.00115524
0.000792555
0.000405344
6.8333e-05
-0.000157833
-0.000389575
-0.000620782
-0.000844127
-0.0010668
-0.00128928
-0.0013784
-0.00138569
-0.00139725
-0.000719171
0.00152998
0.00369484
0.00586183
0.00571668
0.00543559
0.00516187
0.00424479
0.00293349
0.00164404
0.000606025
0.000141922
-0.000351483
-0.000842855
-0.00112171
-0.00138773
-0.00165414
-0.00194472
-0.00225005
-0.00255431
-0.0027743
-0.00280252
-0.00284062
-0.00287816
-0.000801383
0.00139907
0.00359089
0.00408535
0.0035369
0.00304265
0.0024119
0.00147578
0.000556307
-0.000363077
-0.000932846
-0.00148124
-0.00203016
-0.00243599
-0.00275376
-0.00307572
-0.00331471
-0.00336545
-0.00342576
-0.00348552
-0.00359713
-0.00371174
-0.00382608
-0.00313687
-0.00195394
-0.000797353
0.000275035
0.00115387
0.00204164
0.00292806
0.00219634
0.00136788
0.000545177
-0.000282517
-0.00111281
-0.00194212
-0.0026334
-0.00301087
-0.00340383
-0.00379562
-0.00399162
-0.0041756
-0.00436
-0.00452127
-0.00466825
-0.00481581
-0.00492935
-0.00496558
-0.00500567
-0.00504552
-0.00339452
-0.00164237
0.000102945
0.000830964
0.000932381
0.00106512
0.000990162
0.000445266
-7.55517e-05
-0.000597053
-0.000786389
-0.000955317
-0.0011251
-0.00171697
-0.00256857
-0.00340637
-0.0106041
-0.0323105
-0.0532723
-0.018572
-0.00404133
-0.00487079
-0.00493562
-0.00505555
-0.00518407
-0.00531204
-0.00495833
-0.00350574
-0.00210908
-0.000711028
-0.000220025
0.000214822
0.000652018
0.000586013
0.000210011
-0.000150303
-0.000599635
-0.00125076
-0.00189128
-0.0025317
-0.00298552
-0.00342743
-0.0038695
-0.00412859
-0.00427479
-0.00442641
-0.00462128
-0.00491569
-0.00520492
-0.00549413
-0.00386264
-0.00211363
-0.000372085
0.000418957
0.000623287
0.000856122
0.000805167
0.000110065
-0.000552891
-0.00121677
-0.00174055
-0.00225517
-0.00276973
-0.00320849
-0.00360032
-0.00399405
-0.00396846
-0.00298643
-0.00205185
-0.00111587
1.40749e-05
0.00115516
0.00229459
0.00279902
0.00291128
0.00304244
0.00309785
0.00298262
0.00287577
0.00276861
0.00305795
0.00337187
0.00368431
0.00402284
0.00437733
0.0047307
0.00500992
0.00512015
0.0052384
0.00535616
0.00574488
0.00615029
0.00655451
0.00674096
0.00679278
0.00685101
0.00680971
0.00654195
0.00628529
0.00602834
0.00582184
0.0056187
0.00541559
0.00564202
0.0061338
0.00661243
0.00682355
0.00642293
0.00605187
0.00567975
0.00566779
0.00567865
0.00568841
0.00549581
0.00517814
0.00486672
0.00475223
0.0050878
0.00540168
0.0057163
0.00600213
0.0062859
0.00656949
0.0058103
0.00440649
0.0030345
0.00191068
0.00135547
0.000773924
0.000194173
-2.67125e-06
-0.000174917
-0.00034816
-0.000651431
-0.00103507
-0.00141457
-0.00169947
-0.00176827
-0.00184717
-0.00192552
-0.000495777
0.00102931
0.00254849
0.00326488
0.00348407
0.00372634
0.00367082
0.00293778
0.00223713
0.00153563
0.000952532
0.000377522
-0.000197328
-0.00063414
-0.000985356
-0.00134024
-0.0015922
-0.00160987
-0.00163843
-0.00166646
-0.00183111
-0.00200442
-0.00217716
-0.00238103
-0.0026041
-0.00282607
-0.00302985
-0.00319225
-0.00335641
-0.00352034
-0.00280459
-0.00203256
-0.00126384
-0.000213962
0.00100968
0.00222416
0.00304975
0.00298714
0.00296558
0.00294214
0.00183809
0.000664827
-0.000504166
-0.00131316
-0.00189868
-0.00249394
-0.00295492
-0.0031108
-0.00328054
-0.0034495
-0.00357938
-0.00370662
-0.00383386
-0.00399431
-0.00417531
-0.00435519
-0.00454541
-0.00475932
-0.00497195
-0.00518445
-0.00514123
-0.00508136
-0.0050223
-0.00505367
-0.00514114
-0.00522596
-0.00530682
-0.0053784
-0.00545034
-0.0055222
-0.00556386
-0.00560352
-0.00564323
-0.00565565
-0.00565114
-0.00564741
-0.00570048
-0.00588348
-0.00606042
-0.00623748
-0.00644049
-0.00664504
-0.00684933
-0.00692111
-0.00691063
-0.00690388
-0.00688664
-0.00684582
-0.0068061
-0.00676637
-0.00678339
-0.00680413
-0.0068247
-0.0069508
-0.00714239
-0.00733086
-0.00746835
-0.00748921
-0.00751529
-0.00754111
-0.00769866
-0.0078648
-0.0080304
-0.00800119
-0.007851
-0.00770635
-0.0075925
-0.00754948
-0.00750332
-0.00745735
-0.00758681
-0.00772781
-0.00786816
-0.00781622
-0.00764483
-0.00747891
-0.00740518
-0.00754267
-0.00767063
-0.0077989
-0.00782408
-0.00784238
-0.00786097
-0.00780686
-0.00770761
-0.00761046
-0.00758733
-0.00773361
-0.00787226
-0.00801113
-0.00812493
-0.00823698
-0.008349
-0.00835643
-0.00829885
-0.00824419
-0.00821758
-0.00825536
-0.00829027
-0.00832528
-0.00837577
-0.00842726
-0.00847866
-0.00843318
-0.00832749
-0.00822453
-0.00806467
-0.00777481
-0.00749091
-0.007207
-0.00646539
-0.00569365
-0.0049239
-0.00436349
-0.00393351
-0.00349819
-0.00321614
-0.00328368
-0.00333588
-0.0033887
-0.00300453
-0.00259125
-0.00217961
-0.00154137
-0.000762393
9.77349e-06
0.00088749
0.0020069
0.00311481
0.00422226
0.00492731
0.00560466
0.00628263
0.00676252
0.00711901
0.00748055
0.00781715
0.00809762
0.00838028
0.00866259
0.00882052
0.00896991
0.00911954
0.00928868
0.00946994
0.00965052
0.00967644
0.00934858
0.00903627
0.00872355
0.00872576
0.00874933
0.00877197
0.0086709
0.00849281
0.00831818
0.0082252
0.00831924
0.00840515
0.00849134
0.00834111
0.0081749
0.00800953
0.00795263
0.00796335
0.00797116
0.00801149
0.00812594
0.00823713
0.00834836
0.00829835
0.00823737
0.00817691
0.00787892
0.00743302
0.00699381
0.00661175
0.00636069
0.00610426
0.00584828
0.00574783
0.00565811
0.005568
0.00552437
0.00550971
0.00549383
0.00539497
0.005106
0.00482535
0.00454458
0.00407346
0.00358964
0.00310677
0.00310384
0.00340016
0.00368358
0.00374344
0.00329057
0.00285974
0.00242835
0.00198397
0.00153902
0.00109448
0.000568274
-8.70049e-06
-0.00058305
-0.000999053
-0.00105292
-0.00112198
-0.00119034
-0.000266701
0.000724651
0.00171233
0.00192229
0.0016469
0.0013921
0.00103281
0.00043603
-0.000150304
-0.000736586
-0.00103194
-0.00130697
-0.00158261
-0.00195606
-0.00239044
-0.00282192
-0.0031313
-0.00316127
-0.00320287
-0.00324396
-0.00346358
-0.00369541
-0.00392654
-0.0039342
-0.00380236
-0.00367643
-0.0036113
-0.00368585
-0.00375454
-0.00382341
-0.00397913
-0.00414076
-0.00430202
-0.00436139
-0.00435712
-0.0043555
-0.00442354
-0.00465142
-0.00487249
-0.00509365
-0.00518004
-0.00525697
-0.00533423
-0.00541893
-0.00550824
-0.0055973
-0.00564943
-0.00561706
-0.00558821
-0.00555924
-0.00562048
-0.00568797
-0.00575515
-0.00579538
-0.00581875
-0.00584278
-0.0058698
-0.00590371
-0.00593731
-0.00597089
-0.00600323
-0.00603546
-0.00606767
-0.00600753
-0.00588969
-0.00577431
-0.00574117
-0.00589649
-0.00604399
-0.00619169
-0.0061709
-0.00613831
-0.00610622
-0.00610084
-0.00611216
-0.00612279
-0.00614231
-0.00618212
-0.00622108
-0.00626004
-0.00629238
-0.00632423
-0.00635608
-0.00640857
-0.00647397
-0.00653879
-0.00658435
-0.00658579
-0.00658902
-0.00659218
-0.00659882
-0.00660569
-0.00661255
-0.00656277
-0.00647758
-0.00639389
-0.00634411
-0.00637207
-0.00639686
-0.00642177
-0.00645952
-0.00649816
-0.00653673
-0.00656502
-0.00658687
-0.00660896
-0.00655267
-0.00631687
-0.00608847
-0.00585995
-0.0054247
-0.00497511
-0.00452645
-0.00409053
-0.00366271
-0.0032349
-0.00273072
-0.00205106
-0.00137898
-0.000707123
-0.000157548
0.000382956
0.000923391
0.00153607
0.00219379
0.00284919
0.0034203
0.00379871
0.0041845
0.00456969
0.00438076
0.00415112
0.00392329
0.00413997
0.00463495
0.00511847
0.00539096
0.00517926
0.00498697
0.00479405
0.00532888
0.00591521
0.00649903
0.00675663
0.0068098
0.00687103
0.00690789
0.00688973
0.00687375
0.0068577
0.00685315
0.00684943
0.00684567
0.00663296
0.00628941
0.00595129
0.00570994
0.00569053
0.00566239
0.00563461
0.0054654
0.00528619
0.0051075
0.00502693
0.00500787
0.0049864
0.00501168
0.00514388
0.00527177
0.00539974
0.00507014
0.00470793
0.00434729
0.00414788
0.00404961
0.00394747
0.0037104
0.00316359
0.00262932
0.00209498
0.00268311
0.00335156
0.00401635
0.00411941
0.00387023
0.00363497
0.003353
0.00296495
0.00258133
0.00219784
0.00233036
0.00249999
0.00266803
0.0025073
0.00214041
0.00178181
0.00164953
0.00203651
0.00240304
0.00277009
0.00224098
0.00164751
0.00105699
0.000868201
0.000931486
0.000984967
0.00102259
0.00102301
0.00102487
0.00102668
0.00135932
0.00171567
0.00207083
0.00160225
0.000617006
-0.000347564
-0.00110851
-0.00140167
-0.00171261
-0.00202263
-0.00123207
-0.00036224
0.000503878
0.000720322
0.000528957
0.000353401
6.89007e-05
-0.000464202
-0.00098736
-0.0015105
-0.00175745
-0.00198417
-0.00221149
-0.00238918
-0.00253571
-0.00268332
-0.00260806
-0.00202193
-0.00145577
-0.000889277
0.000437347
0.00181842
0.00319636
0.00298472
0.00177514
0.000604513
-0.000372787
-0.0009044
-0.00145257
-0.0019997
-0.00210239
-0.00217258
-0.00224395
-0.00186897
-0.00121383
-0.000569826
0.000125812
0.000939551
0.00174819
0.00255642
0.00225737
0.00187758
0.00150113
0.000917696
0.000204492
-0.000503265
-0.00106244
-0.001281
-0.00151226
-0.00174287
-0.0019984
-0.00225559
-0.00251252
-0.00140837
0.000550567
0.00247582
0.00377308
0.00362869
0.00353867
0.00344667
0.00276762
0.00204592
0.00132637
0.000911902
0.000689297
0.000459656
0.000458021
0.000978629
0.00147926
0.00198027
0.00165718
0.0012737
0.000892763
0.000889674
0.00112413
0.00134952
0.00158885
0.00185958
0.00212894
0.00239814
0.00249155
0.00257193
0.00265275
0.00242435
0.00200164
0.00158649
0.00161683
0.00266958
0.0036835
0.00469812
0.00437552
0.00395443
0.00353732
0.00295219
0.00226166
0.00157556
0.00111969
0.00119182
0.00124432
0.00129751
0.00104396
0.000767889
0.000492858
0.000721324
0.00126642
0.00179941
0.0021997
0.00229496
0.00240141
0.00250738
0.00226092
0.00198852
0.00171727
0.00156082
0.00147665
0.00138989
0.00139084
0.0015928
0.00178721
0.00198175
0.00140029
0.00076162
0.000125518
7.492e-05
0.000392801
0.000696922
0.000968101
0.0011628
0.00136015
0.00155727
0.00222653
0.00293047
0.00363263
0.00367947
0.00331384
0.00296356
0.00233582
0.00107222
-0.000167223
-0.00140664
-0.00172828
-0.00198134
-0.00223672
-0.00127904
0.000441949
0.00213386
0.00339932
0.00368511
0.00400635
0.00432606
0.00316554
0.00189529
0.000629958
-0.000188016
-0.00072401
-0.00126985
-0.00139872
-0.000571803
0.000219849
0.00101221
0.00182338
0.00263545
0.0034469
0.00326311
0.0024526
0.00166536
0.000913434
0.000243805
-0.000428313
-0.00109986
-3.27927e-05
0.00116379
0.00235484
0.00256267
0.00215101
0.00176198
0.00128854
0.000622808
-3.5517e-05
-0.000693634
0.000210158
0.00123055
0.00224601
0.00234987
0.00187926
0.00142962
0.000891154
0.000150059
-0.000583234
-0.00131628
-0.000921502
-0.000442219
3.36938e-05
0.00062465
0.00128788
0.00194805
0.00225835
0.00176571
0.00130214
0.000837855
8.31364e-05
-0.000692969
-0.00146776
-0.00187801
-0.00205839
-0.00224683
-0.00198361
-0.00068416
0.000577445
0.0018395
0.00197508
0.00202563
0.00207916
0.00140774
0.000279529
-0.000831648
-0.00167327
-0.00189554
-0.00213965
-0.0023828
-0.0024605
-0.00252564
-0.00259119
-0.00175402
-0.000347876
0.00103713
0.00200289
0.00200548
0.00204213
0.00207755
0.00111045
6.80962e-05
-0.000970861
-0.00151421
-0.00174479
-0.00198625
-0.00219787
-0.00234208
-0.00248857
-0.00263488
-0.00143361
-0.000130976
0.00116718
0.00187152
0.00220102
0.00254348
0.00242744
0.00125977
0.000129867
-0.00100057
-0.00140011
-0.00174392
-0.00208944
-0.00221919
-0.0022128
-0.00221118
-0.00192817
-0.000999239
-9.35627e-05
0.000812294
0.00161334
0.00240591
0.00319823
0.00276327
0.00155395
0.000372503
-0.000588876
-0.00104361
-0.0015157
-0.00198686
-0.00223813
-0.0024725
-0.00270729
-0.00286847
-0.00298316
-0.00309938
-0.00304806
-0.00261211
-0.00218983
-0.00176737
-0.000463689
0.000906399
0.00227323
0.00230114
0.00148373
0.000696189
-9.71857e-05
-0.000902282
-0.00170641
-0.00251002
-0.00268818
-0.00281844
-0.00295028
-0.00314797
-0.00338725
-0.00362493
-0.00323856
-0.00141864
0.00035054
0.00212025
0.00249644
0.00276579
0.00303863
0.00248728
0.00141563
0.000362639
-0.000531527
-0.00106027
-0.00160122
-0.00214137
-0.00232611
-0.00248349
-0.00264171
-0.00181952
-0.000378259
0.00104077
0.00225472
0.00299704
0.00375501
0.00451192
0.0037696
0.00291266
0.00206023
0.00128664
0.000563121
-0.000161613
-0.000766983
-0.00109885
-0.00143984
-0.00178028
-0.00103139
-0.000199218
0.000629544
0.00155398
0.00253857
0.00352045
0.00394443
0.00308716
0.00227411
0.0014601
0.000697059
-6.15988e-05
-0.00081989
-0.00118586
-0.00130379
-0.00143006
-0.00104728
0.000504521
0.0020156
0.00352703
0.0029724
0.00225881
0.00155109
0.000790069
-4.34331e-06
-0.000797088
-0.00124321
-0.000893387
-0.000570713
-0.00024734
-5.24317e-05
0.000132443
0.000317531
8.69204e-05
-0.000406456
-0.000890634
-0.000954942
-5.40349e-05
0.000813734
0.00168203
0.000955666
0.000106421
-0.000738117
-0.00119194
-0.00139847
-0.00161318
-0.00139695
-0.0001911
0.000980694
0.00215284
0.00224216
0.00224756
0.00225577
0.00165356
0.00066546
-0.000309043
-0.00108469
-0.0014031
-0.0017366
-0.00206937
-0.00223889
-0.00239564
-0.00255271
-0.00209956
-0.00126049
-0.000434874
0.000373394
0.00114147
0.00191037
0.00267874
0.00171132
0.000609663
-0.000486786
-0.0010818
-0.00135931
-0.0016472
-0.00188759
-0.00201986
-0.00215564
-0.00229121
-0.00244866
-0.00260773
-0.00276663
-0.00293992
-0.00312227
-0.0033042
-0.00296431
-0.00142502
7.34969e-05
0.00157237
0.001434
0.00116819
0.000906773
-0.00810678
-0.0226577
-0.0370159
0.000166826
-0.00153244
-0.00194607
-0.00240189
-0.00246906
-0.00250603
-0.00254398
-0.00270899
-0.00295443
-0.00319706
-0.00291642
-0.00143281
1.02233e-05
0.00145364
0.00184368
0.00215121
0.00246126
0.00183205
0.000608333
-0.000595046
-0.00153263
-0.00185861
-0.00220445
-0.00254941
-0.00270981
-0.00285567
-0.00300192
-0.00308729
-0.00313411
-0.00318215
-0.00282735
-0.00154646
-0.000296696
0.000953265
0.00117842
0.00132318
0.00147048
0.000794009
-0.000404003
-0.00158421
-0.00245149
-0.00259891
-0.00276971
-0.00293963
-0.00309296
-0.00324488
-0.00339676
-0.00325971
-0.00293967
-0.00262579
-0.00213657
-0.00124437
-0.000365855
0.000512537
0.000160841
-0.000287257
-0.000731935
-0.00128262
-0.00190029
-0.00251538
-0.00298325
-0.00311295
-0.00325351
-0.00339363
-0.0034573
-0.00351493
-0.00357271
-0.00348285
-0.00329946
-0.00311921
-0.00266693
-0.00158913
-0.000532231
0.000524662
0.00065488
0.000712052
0.000771542
0.000220756
-0.000716653
-0.001641
-0.0023638
-0.0026229
-0.00289676
-0.00316997
-0.00315599
-0.00311937
-0.00308351
-0.00318377
-0.00337032
-0.00355398
-0.00331416
-0.00210033
-0.000918538
0.000263528
1.43241e-05
-0.00034774
-0.000705956
-0.00123062
-0.00186063
-0.00248687
-0.00293855
-0.00298902
-0.00305229
-0.00311511
-0.00328255
-0.00345816
-0.0036334
-0.00321758
-0.00242703
-0.00164894
-0.000899704
-0.000217089
0.000467215
0.00115103
0.000475693
-0.00030685
-0.00108548
-0.00173354
-0.00229857
-0.00286588
-0.00328534
-0.00336539
-0.00345617
-0.00354656
-0.00365765
-0.00377033
-0.00388288
-0.00387193
-0.00378263
-0.00369587
-0.00322112
-0.00185402
-0.000516054
0.00082199
0.000376907
-0.000209434
-0.000790936
-0.00145675
-0.00217581
-0.00289273
-0.00343184
-0.00356237
-0.00370571
-0.00384856
-0.00385941
-0.00385976
-0.00386045
-0.00358484
-0.00313398
-0.00268893
-0.00210017
-0.00118087
-0.000272556
0.000635535
0.00054855
0.000382445
0.000218932
-0.000433675
-0.00139648
-0.00234894
-0.003047
-0.00315984
-0.00329097
-0.00342144
-0.00346319
-0.00349784
-0.00353269
-0.00344847
-0.00328869
-0.00313138
-0.00263499
-0.00135856
-0.000107332
0.0011439
0.00099301
0.00073037
0.000471384
0.000440145
0.000553567
0.000662403
0.000465283
-0.000436019
-0.0013148
-0.00219374
-0.00256907
-0.00290398
-0.00323993
-0.00345904
-0.00360393
-0.00375104
-0.00385383
-0.00385492
-0.00385918
-0.00386333
-0.00391254
-0.00396532
-0.00401795
-0.00409257
-0.00418113
-0.0042692
-0.00425682
-0.00401337
-0.00377723
-0.00354101
-0.00285744
-0.00213844
-0.00142098
-0.000826553
-0.00031042
0.000207814
0.000259456
-0.000761998
-0.00174967
-0.00273777
-0.00318553
-0.00358973
-0.00399503
-0.00415496
-0.00415902
-0.00416789
-0.0042018
-0.0042937
-0.00438375
-0.0044738
-0.00447655
-0.00447229
-0.00446825
-0.00451341
-0.00458981
-0.00466521
-0.0047155
-0.00470799
-0.00470226
-0.00469648
-0.00475836
-0.00482565
-0.00489273
-0.00495476
-0.00501356
-0.00507243
-0.00510584
-0.00508074
-0.00505745
-0.00503411
-0.0051395
-0.00525517
-0.00537046
-0.00543124
-0.00545735
-0.0054845
-0.00552617
-0.00560132
-0.0056754
-0.00574947
-0.00575825
-0.00576177
-0.00576545
-0.00573477
-0.00568227
-0.00563046
-0.00563956
-0.00578883
-0.00593375
-0.00607871
-0.00606767
-0.00604405
-0.00602083
-0.00599928
-0.00597878
-0.00595827
-0.00596017
-0.00601363
-0.00606549
-0.00611737
-0.00608641
