0
0.0145164
0.0132361
0.0132704
0.0131954
0.0130957
0.0129474
0.0128034
0.01267
0.0126329
0.012588
0.0125438
0.0125606
0.0125877
0.0126138
0.0125817
0.0124668
0.0123589
0.0122611
0.0122566
0.0122444
0.0122329
0.0120924
0.0119305
0.0117706
0.0117077
0.0117824
0.0118457
0.0118926
0.0117854
0.0116909
0.0115956
0.0114377
0.0112695
0.0111024
0.0109608
0.0108556
0.0107475
0.0106469
0.0106098
0.0105676
0.0105258
0.0104926
0.0104608
0.0104289
0.0104026
0.0103842
0.0103652
0.0103512
0.0103804
0.0104061
0.0104321
0.0104214
0.0104045
0.0103882
0.0103399
0.0102462
0.0101563
0.010067
0.00998426
0.00990113
0.00981817
0.00980623
0.00980639
0.0098056
0.00982989
0.00988962
0.00994646
0.00997452
0.00974476
0.00953566
0.00932526
0.00923144
0.00915763
0.00908236
0.00910149
0.00925435
0.0093965
0.00950654
0.00932465
0.00916586
0.00900551
0.00903663
0.00910052
0.00916175
0.00915607
0.00905514
0.00896177
0.00886701
0.00876404
0.00866187
0.00855979
0.00865152
0.00877649
0.0088987
0.00896084
0.00893744
0.00892067
0.00888871
0.00872569
0.00857301
0.00841977
0.00846932
0.00855383
0.00863552
0.0085624
0.00826909
0.00799307
0.00776017
0.00792019
0.00804998
0.00818187
0.00814134
0.00807103
0.00800308
0.00793149
0.00785491
0.00777883
0.00771088
0.00771478
0.00771323
0.0077121
0.00780516
0.00791449
0.00802244
0.00804124
0.0079332
0.00783489
0.00773736
0.00765223
0.0075663
0.00748055
0.00746408
0.00745972
0.00745445
0.00745653
0.00746894
0.00748056
0.00750105
0.00760028
0.00769349
0.00778701
0.00772884
0.0076442
0.00756165
0.00757899
0.00773867
0.00788755
0.00800486
0.00783523
0.00768711
0.00753762
0.00748955
0.0074593
0.00742779
0.00740681
0.00740066
0.00739342
0.00737021
0.00720372
0.00704801
0.00689174
0.00677238
0.00665964
0.00654659
0.00653354
0.00666282
0.00678149
0.00687153
0.00670056
0.00654889
0.00639603
0.00645646
0.00655446
0.00664959
0.00673462
0.00680503
0.0068764
0.00693242
0.00685301
0.00678353
0.00671344
0.00660768
0.00649571
0.00638435
0.00626559
0.00613627
0.0060079
0.00590366
0.00601381
0.00610838
0.00620394
0.00620719
0.00619406
0.00618211
0.0061422
0.00606251
0.00598579
0.00592327
0.00598848
0.00604448
0.00610106
0.00599991
0.00587077
0.00574381
0.00561528
0.00548465
0.00535435
0.00525025
0.00537865
0.00549038
0.00560314
0.00547943
0.00531363
0.00515103
0.00510544
0.00522704
0.00533667
0.00542369
0.00530269
0.00519651
0.00508943
0.00521683
0.0053861
0.00555218
0.00558182
0.00541645
0.00526497
0.00513353
0.00518791
0.00522922
0.00527139
0.00536487
0.00546748
0.00556932
0.00558375
0.00547334
0.00537178
0.00528049
0.00528527
0.00528337
0.00528194
0.00527227
0.00526113
0.00525011
0.00521132
0.00513286
0.00505725
0.00499557
0.00505912
0.00511394
0.00516929
0.00512745
0.00506809
0.00501003
0.00492625
0.00480583
0.00468809
0.00457302
0.00448223
0.00438991
0.00429781
0.00436579
0.0044627
0.0045575
0.004618
0.00462933
0.00464399
0.00465593
0.00464576
0.00463711
0.00462836
0.00458302
0.00453107
0.00447964
0.00443255
0.00439167
0.00435044
0.00430415
0.00421217
0.0041234
0.00403454
0.0040845
0.00415969
0.00423308
0.0042634
0.00423198
0.00420476
0.00418421
0.00422552
0.00426262
0.00429995
0.00422898
0.00413831
0.00404908
0.0040601
0.00421465
0.0043594
0.00448418
0.00442637
0.00438081
0.00433449
0.00425805
0.00417616
0.00409474
0.00396969
0.00378219
0.00359908
0.00344607
0.00356236
0.00366067
0.00376004
0.00379441
0.00381685
0.00384004
0.00380748
0.00369518
0.00358828
0.00349435
0.00351818
0.00353423
0.00355078
0.00351733
0.00347473
0.00343279
0.00339352
0.00335813
0.00332252
0.00329591
0.003349
0.00339682
0.00344492
0.00337188
0.0032766
0.00318289
0.00316225
0.00324636
0.00332356
0.00339795
0.00344407
0.00349197
0.00353969
0.00350829
0.0034623
0.00341732
0.00335765
0.00327702
0.00319784
0.00311769
0.00302891
0.0029408
0.00285275
0.00286098
0.00288701
0.00291187
0.00294413
0.0029869
0.00302895
0.00306476
0.00304495
0.00302873
0.00301229
0.00294505
0.00286843
0.00279251
0.00279082
0.00289557
0.0029934
0.00309251
0.0032001
0.00330702
0.00341384
0.00333521
0.00322216
0.00311144
0.00304857
0.00305447
0.003056
0.00306299
0.00311626
0.00316654
0.00321694
0.00332397
0.00344145
0.00355812
0.00354852
0.00335773
0.0031786
0.00301118
0.00295307
0.00288816
0.00282377
0.00278759
0.00275672
0.00272556
0.00273055
0.00278739
0.00284091
0.0028904
0.00290255
0.00291702
0.00293133
0.00273667
0.00250308
0.0022722
0.00218425
0.00230158
0.00240599
0.00249675
0.00245942
0.0024301
0.00240031
0.00233481
0.00226266
0.00219102
0.00210652
0.00200356
0.00190186
0.00181221
0.00182973
0.00184061
0.00185189
0.00202965
0.00223853
0.00244524
0.00253963
0.00247263
0.00241563
0.00235008
0.00221314
0.00208075
0.00194825
0.00198067
0.00204411
0.00210558
0.00219458
0.00232302
0.00244888
0.00256661
0.00261148
0.00266074
0.00270967
0.00262546
0.00251621
0.00240862
0.00234758
0.00235355
0.00235544
0.00236621
0.00245417
0.00253734
0.0026207
0.00267193
0.00271703
0.00276245
0.00274176
0.00262607
0.00251625
0.00239786
0.00220499
0.00201684
0.00182863
0.001736
0.00167857
0.0016191
0.00164281
0.00178591
0.00192168
0.00203774
0.0019751
0.00192323
0.00187078
0.00180986
0.00174737
0.00168505
0.00165312
0.00166489
0.00167404
0.0016868
0.00173058
0.00177247
0.00181441
0.00172485
0.0015869
0.001452
0.00136742
0.00135545
0.00133919
0.00131994
0.00127154
0.00122492
0.00117825
0.00117574
0.00118952
0.00120231
0.0011751
0.00109025
0.0010089
0.000953488
0.00113098
0.00129456
0.00145877
0.0015509
0.00162921
0.00170823
0.00170426
0.00158093
0.00146474
0.0013426
0.00116997
0.00100051
0.000831051
0.000801731
0.000824203
0.000843627
0.000835641
0.00078794
0.000742608
0.00070024
0.000685188
0.000668565
0.000652052
0.000587149
0.000504397
0.000422776
0.00044237
0.000607768
0.000764532
0.00089304
0.000766015
0.000653908
0.000541068
0.000405059
0.000260547
0.000116691
0.000115484
0.000319718
0.00051189
0.00069818
0.000827445
0.000959838
0.0010919
0.0010137
0.000857662
0.000706262
0.000583944
0.000503837
0.000421405
0.000345008
0.000320591
0.000293232
0.000266072
0.000495002
0.000818745
0.00113671
0.00132342
0.00132066
0.00132869
0.00131466
0.00110904
0.000914548
0.000719642
0.000648235
0.000622697
0.000594589
0.000644947
0.000808174
0.000964829
0.00111953
0.0012548
0.00139101
0.00152702
0.00146723
0.00133476
0.00120653
0.00108776
0.000982929
0.000877431
0.000784491
0.0008025
0.000814257
0.000826351
0.000789888
0.000735404
0.000681992
0.000709388
0.000853373
0.000990673
0.00112201
0.00119788
0.00127677
0.00135541
0.00122149
0.00100857
0.000800291
0.000625747
0.000500137
0.000371944
0.000275023
0.000455191
0.000619766
0.000785023
0.000890198
0.000972948
0.00105685
0.00108889
0.00104624
0.00100777
0.000943696
0.000652436
0.00037405
9.526e-05
-2.20293e-05
-7.90622e-05
-0.000139354
-6.58325e-05
0.00020048
0.000455888
0.000698688
0.000825628
0.000958794
0.00109147
0.00112689
0.00112599
0.00112708
0.00106829
0.000923226
0.000783043
0.000643985
0.000516157
0.000387856
0.00025972
0.000244641
0.000271781
0.00029659
0.000267333
0.000159848
5.67393e-05
-3.43341e-05
-1.65684e-05
-4.73723e-06
7.40347e-06
0.000133792
0.000302793
0.000469301
0.000558239
0.000535062
0.00051798
0.000491727
0.000386305
0.000285276
0.000184119
0.0002343
0.000341034
0.000444603
0.000636444
0.000955571
0.0012675
0.00152184
0.00126053
0.00102722
0.00079266
0.000657998
0.000560772
0.000461642
0.000350372
0.000221359
9.34347e-05
-4.09956e-06
0.000169503
0.000328421
0.000487954
0.000521673
0.000508269
0.000497393
0.000476052
0.000439784
0.000404349
0.000374969
0.000399812
0.000421745
0.000443809
0.000545238
0.000676352
0.000805751
0.000805853
0.000619039
0.000442329
0.000266285
9.95226e-05
-6.75548e-05
-0.000234439
-0.00015823
9.11254e-06
0.000171467
0.000294255
0.000359546
0.000427798
0.00046214
0.000195243
-5.55189e-05
-0.000306865
-0.000457577
-0.000570438
-0.000685168
-0.000802225
-0.000922852
-0.00104317
-0.00111089
-0.000709267
-0.000332633
4.49143e-05
0.000218538
0.00031548
0.000416326
0.000417489
0.000274868
0.000139897
4.47244e-06
-0.000132543
-0.000269333
-0.000405992
-0.000426373
-0.00040303
-0.000381984
-0.000154307
0.000372043
0.000882347
0.0013302
0.00121634
0.00113169
0.00104563
0.000888646
0.000705052
0.000523024
0.000325442
0.00010539
-0.000113276
-0.000298482
-0.00018563
-8.82588e-05
9.80978e-06
0.000286876
0.000631176
0.000971664
0.00116991
0.00116223
0.00116514
0.00114878
0.000964921
0.000789843
0.000614494
0.000587575
0.000616582
0.000642697
0.000634832
0.000577588
0.000522925
0.000489235
0.000643845
0.000788689
0.000933884
0.00103999
0.00113131
0.00122329
0.00119732
0.00100074
0.000813031
0.000637599
0.000574485
0.000505734
0.000437339
0.000452454
0.000499071
0.000544045
0.000603786
0.000684802
0.000764661
0.00082254
0.000683956
0.000555435
0.000426535
0.000315254
0.000210681
0.000105875
7.29264e-06
-8.23488e-05
-0.00017235
-0.000232819
-3.00344e-05
0.000159318
0.000349154
0.000396052
0.000388939
0.000384541
0.00034538
0.000256078
0.000169376
8.2162e-05
-9.15229e-06
-0.00010017
-0.000191112
-0.000227836
-0.000244044
-0.000261259
-0.000247574
-0.000189219
-0.000133147
-7.83629e-05
-3.56668e-05
7.58814e-06
5.07723e-05
-4.95581e-05
-0.000204118
-0.000355832
-0.000521974
-0.00070888
-0.000894572
-0.00104648
-0.000897134
-0.000762849
-0.000627951
-0.000504911
-0.000386415
-0.000267813
-0.000190036
-0.000171345
-0.000149758
-0.000146675
-0.000307657
-0.000460398
-0.000613394
-0.000790514
-0.000976676
-0.00116221
-0.00123561
-0.00114656
-0.00106558
-0.000965764
-0.000700446
-0.0004435
-0.000186396
-0.00013783
-0.000168322
-0.000194916
-0.000289838
-0.000483522
-0.000672193
-0.000862208
-0.00106352
-0.00126409
-0.00146449
-0.00140868
-0.00125573
-0.00110765
-0.000991339
-0.000921346
-0.000849169
-0.000761526
-0.000534004
-0.000313493
-9.28564e-05
-2.2874e-05
-1.00974e-05
5.4383e-06
-1.96765e-05
-0.000103523
-0.000184447
-0.000233752
4.55797e-07
0.000220741
0.000441486
0.000531768
0.000572472
0.000615527
0.000628052
0.000596493
0.000567086
0.000523966
0.000358852
0.000199763
4.05364e-05
-9.76142e-05
-0.000227684
-0.000358017
-0.000346944
-0.000130858
7.51974e-05
0.000267236
0.000331128
0.00040109
0.000470695
0.00047488
0.000454183
0.000434695
0.000345738
0.000156086
-2.85833e-05
-0.00020209
-0.000274999
-0.000352629
-0.00042996
-0.000260705
2.26829e-06
0.000260537
0.000410528
0.000403211
0.000403367
0.000410284
0.000480885
0.000548401
0.000615999
0.000462068
0.000223899
-1.00596e-05
-0.000217633
-0.000386732
-0.000557488
-0.000695957
-0.000547517
-0.000412752
-0.000277468
-7.936e-05
0.00014258
0.000363188
0.000446183
0.000329466
0.000222249
0.000102854
-0.000122294
-0.000342266
-0.000562274
-0.000755123
-0.000937519
-0.00112023
-0.00125621
-0.00132444
-0.00139579
-0.00143038
-0.00113796
-0.0008611
-0.00058377
-0.000476848
-0.000434951
-0.000390061
-0.000419944
-0.00055815
-0.000691183
-0.000829262
-0.00101132
-0.00119117
-0.00137095
-0.00152696
-0.00167383
-0.00182099
-0.00193199
-0.0019906
-0.00205159
-0.00208918
-0.00191891
-0.00175842
-0.00159763
-0.00134809
-0.0010648
-0.000783329
-0.000651521
-0.00073705
-0.000812471
-0.000897822
-0.0010684
-0.00123489
-0.00140142
-0.00156466
-0.00172656
-0.00188837
-0.00196756
-0.0019268
-0.0018916
-0.00183818
-0.00162383
-0.00141705
-0.00121011
-0.000848117
-0.000427048
-9.0694e-06
0.000264434
0.000328044
0.000401194
0.000472944
0.000536631
0.000600628
0.000664552
0.000642751
0.00058818
0.000535152
0.000488729
0.000451983
0.000414829
0.000384533
0.000415161
0.000442991
0.000470924
0.000391559
0.000271186
0.000152783
8.00235e-05
7.36698e-05
6.4313e-05
5.60614e-05
5.64096e-05
5.63683e-05
5.63447e-05
0.000162764
0.000309876
0.000455018
0.000566736
0.000629812
0.000695025
0.000745826
0.000668975
0.000597944
0.000526714
0.000485489
0.000455772
0.000425565
0.000341474
0.000179017
2.02247e-05
-0.000140478
-0.000317936
-0.000494483
-0.000670913
-0.000670535
-0.000602399
-0.000537356
-0.000408239
-0.000186151
3.15817e-05
0.000232875
0.000286834
0.000347322
0.000407465
0.000480259
0.00055786
0.000635177
0.000651967
0.000580771
0.000513554
0.000441716
0.00032963
0.000219432
0.000109249
8.05556e-05
8.31384e-05
8.43314e-05
3.98952e-05
-7.09833e-05
-0.00017882
-0.000271645
-0.000229658
-0.000193673
-0.000157455
7.05588e-06
0.000220729
0.000432042
0.000597249
0.00069534
0.000796306
0.000873273
0.00073728
0.000610787
0.000483988
0.000469349
0.000497783
0.000524298
0.000437921
0.000187223
-5.60379e-05
-0.000288465
-0.000422682
-0.000561088
-0.00069919
-0.00064969
-0.000528132
-0.000409835
-0.000323857
-0.000285058
-0.000244229
-0.00019298
-4.73693e-05
9.39939e-05
0.000235419
0.000284523
0.000298116
0.000313245
0.000271253
0.000146262
2.49921e-05
-8.54665e-05
-9.85353e-05
-0.000115827
-0.00013292
-0.00020291
-0.000293205
-0.000382541
-0.000516539
-0.000715503
-0.000911478
-0.00110809
-0.00131054
-0.00151257
-0.00171443
-0.00192429
-0.0021371
-0.0023496
-0.00251612
-0.00261579
-0.00271826
-0.00282052
-0.00291812
-0.00301585
-0.00311348
-0.00312059
-0.00309285
-0.00306664
-0.00288989
-0.00249415
-0.00210815
-0.00172207
-0.00134106
-0.000960169
-0.000579597
-0.00038035
-0.000251046
-0.000118855
-2.42926e-05
1.57371e-05
5.80659e-05
0.00010026
-3.37332e-05
-0.000160083
-0.000286651
-0.00059153
-0.000964974
-0.00133518
-0.00158928
-0.0016743
-0.00176646
-0.00185824
-0.00161359
-0.00138347
-0.00115293
-0.00112642
-0.00117858
-0.00122736
-0.00120919
-0.00109335
-0.000981748
-0.000870064
-0.000559709
-0.000258036
4.37489e-05
0.000195298
0.000288829
0.000384735
0.000383773
0.000241938
0.000106175
-2.97308e-05
-0.000359118
-0.000680064
-0.0010011
-0.00125478
-0.00148236
-0.00171085
-0.00190212
-0.00203933
-0.00217871
-0.00231788
-0.00243206
-0.0025472
-0.0026622
-0.00273793
-0.00279846
-0.00285957
-0.00293908
-0.00304546
-0.00315062
-0.00325575
-0.00327155
-0.00329107
-0.00331042
-0.00332799
-0.00334486
-0.00336175
-0.00334352
-0.00327414
-0.00320696
-0.00313974
-0.00294292
-0.00275166
-0.00256033
-0.00220579
-0.00178834
-0.00137386
-0.00089668
-0.00032815
0.000236113
0.000800085
0.00105811
0.00132862
0.00159839
0.00157247
0.00143224
0.00129686
0.00121956
0.00122712
0.00123117
0.00123536
0.000784953
0.000353703
-7.79809e-05
-9.67842e-05
4.41036e-05
0.000178287
0.000306624
0.00042608
0.000545804
0.000665418
0.000555425
0.000454972
0.000354209
6.42719e-05
-0.000298733
-0.000658438
-0.000988453
-0.00127514
-0.00156336
-0.00185129
-0.00198782
-0.00213044
-0.0022727
-0.00241659
-0.00256104
-0.00270535
-0.00279002
-0.00278782
-0.00278918
-0.00279039
-0.002882
-0.00296985
-0.00305778
-0.00309459
-0.0031116
-0.00312939
-0.00316704
-0.00323367
-0.00329908
-0.00336447
-0.00334812
-0.00333511
-0.00332197
-0.00334848
-0.00339033
-0.00343153
-0.00346266
-0.00347908
-0.00349608
-0.00351304
-0.00354284
-0.0035721
-0.00360135
-0.00361171
-0.00361473
-0.00361804
-0.00362461
-0.00363595
-0.00364709
-0.00365822
-0.00365019
-0.00364293
-0.00363565
-0.00362837
-0.0036211
-0.00361383
-0.00362843
-0.00367489
-0.00372003
-0.00376519
-0.00370585
-0.00365077
-0.00359555
-0.00358295
-0.00358688
-0.00359015
-0.00358819
-0.00357858
-0.00356929
-0.00355999
-0.00274528
-0.00196344
-0.0011809
-0.000616064
-0.000135957
0.000347151
0.000763262
0.00108202
0.0014044
0.00172639
0.00182398
0.00193044
0.00203645
0.00215845
0.00228659
0.00241437
0.00248811
0.00248302
0.00248107
0.00247899
0.0025226
0.00256436
0.00260617
0.00251168
0.00236429
0.00221912
0.00212653
0.00211072
0.00209189
0.00207319
0.00189577
0.00172477
0.00155365
0.00147733
0.00143789
0.00139703
0.0012616
0.000988099
0.000720255
0.000452399
0.000263456
7.15544e-05
-0.00012008
-0.000132998
-7.6431e-05
-2.26402e-05
-0.000118291
-0.000432172
-0.000737238
-0.00104241
-0.0011501
-0.00126545
-0.00138041
-0.00142381
-0.00143936
-0.00145598
-0.0014286
-0.00133706
-0.00124809
-0.0011591
-0.00124975
-0.00133332
-0.0014171
-0.00155875
-0.00172287
-0.00188599
-0.00202729
-0.00213676
-0.00224739
-0.00235788
-0.00240575
-0.00245601
-0.00250614
-0.00253809
-0.00256295
-0.00258806
-0.00263202
-0.00270351
-0.00277387
-0.00284422
-0.00291676
-0.00298917
-0.00306152
-0.00310506
-0.00313737
-0.00317009
-0.00319507
-0.00320879
-0.00322293
-0.00323705
-0.00292275
-0.00262136
-0.00231971
-0.00186036
-0.00133978
-0.000821962
-0.00048802
-0.000422521
-0.000346736
-0.000271405
-2.93501e-05
0.000206107
0.000441636
0.000553883
0.000618043
0.000684001
0.000689417
0.000606556
0.000527144
0.000447661
0.000159004
-0.000121417
-0.000401939
-0.000690363
-0.000981743
-0.00127279
-0.00150068
-0.00163643
-0.00177559
-0.00191452
-0.00199642
-0.00208044
-0.00216431
-0.00223679
-0.0023048
-0.00237293
-0.00240879
-0.00239755
-0.00238811
-0.00237861
-0.00208875
-0.00180977
-0.00153059
-0.000963111
-0.000283403
0.000391527
0.000732851
0.000586847
0.000459435
0.000331414
0.000115671
-9.65866e-05
-0.000308815
-0.000739268
-0.0012547
-0.00176652
-0.00212461
-0.00225811
-0.0024
-0.00254146
-0.00261066
-0.00268254
-0.00275426
-0.00282353
-0.00289181
-0.00296008
-0.00299599
-0.00298466
-0.0029751
-0.00296549
-0.0029408
-0.0029167
-0.0028926
-0.00289481
-0.00290729
-0.00291938
-0.00276886
-0.00238073
-0.00200179
-0.00162279
-0.000931318
-0.000252066
0.000427134
0.000781931
0.00100984
0.00124232
0.00141004
0.00148348
0.00156039
0.00163711
0.00154654
0.00146227
0.00137784
0.00138522
0.00142848
0.00147036
0.00147101
0.0014113
0.00135389
0.00129644
0.00130598
0.00131303
0.00132016
0.00127764
0.00121573
0.00115459
0.00107849
0.000980543
0.000883481
0.000786459
0.000787517
0.000784941
0.000782502
0.000656022
0.000481084
0.000308068
0.000306403
0.000555253
0.000794666
0.00103425
0.000857233
0.00069572
0.000533754
0.000126326
-0.00037697
-0.000876364
-0.00123684
-0.00139422
-0.00155895
-0.00172329
-0.00181357
-0.00190651
-0.00199928
-0.00207719
-0.00214924
-0.00222145
-0.00212261
-0.00177372
-0.00143426
-0.00109471
-0.00100237
-0.000901044
-0.000800123
-0.000857652
-0.0009772
-0.00109439
-0.00120241
-0.00129692
-0.00139185
-0.00148671
-0.00123377
-0.000993712
-0.00075336
-0.000742179
-0.000820753
-0.000895998
-0.00108096
-0.00142622
-0.00176539
-0.00210453
-0.00215426
-0.00221448
-0.00227427
-0.00234097
-0.00241035
-0.00247958
-0.00253851
-0.00258241
-0.00262682
-0.00267118
-0.00264773
-0.00262676
-0.00260572
-0.00207167
-0.00133678
-0.000609695
-0.000169128
-0.000147778
-0.000111293
-7.53814e-05
-0.000515492
-0.000938101
-0.00136104
-0.00165969
-0.00190949
-0.00216088
-0.00236106
-0.00248649
-0.00261453
-0.00274238
-0.00275315
-0.00276812
-0.00278293
-0.00280231
-0.00282348
-0.00284456
-0.00287128
-0.00290624
-0.00294088
-0.0029755
-0.00227999
-0.00161115
-0.000941838
-0.000482709
-0.000106218
0.000272962
0.000481314
0.000440028
0.000407697
0.00037507
0.0004822
0.000584262
0.000686433
0.000737805
0.000769223
0.00080133
0.000758339
0.000605519
0.000456721
0.000307886
0.000511571
0.000702566
0.000893876
0.000630925
0.000189758
-0.000244762
-0.000638392
-0.000971989
-0.00130748
-0.00164267
-0.00176241
-0.00188972
-0.00201666
-0.00211496
-0.00220197
-0.00228932
-0.00216896
-0.0017447
-0.0013315
-0.000918188
-0.000557568
-0.000195341
0.000166573
0.000315522
0.000380749
0.000448885
0.000445493
0.000337599
0.000233464
0.00012927
-0.000316474
-0.000749878
-0.00118341
-0.00147706
-0.00171563
-0.00195597
-0.00214062
-0.00224396
-0.00235008
-0.00245603
-0.00249187
-0.00253014
-0.0025683
-0.00264809
-0.00274421
-0.00283968
-0.0028882
-0.00286798
-0.00285019
-0.00283232
-0.00224582
-0.00167961
-0.00111309
-0.000728561
-0.00041574
-0.000100632
0.00013766
0.000263734
0.000393634
0.000523309
0.000482696
0.000448043
0.000413208
0.00046334
0.000546869
0.000629177
0.000655224
0.000598866
0.000545413
0.000491895
6.09833e-05
-0.000356525
-0.000774209
-0.0011099
-0.0014132
-0.00171741
-0.00195447
-0.00209335
-0.00223553
-0.0023775
-0.0024368
-0.00249891
-0.00256089
-0.00261329
-0.0026619
-0.00271061
-0.0027217
-0.00267772
-0.00263567
-0.00259359
-0.0018823
-0.00119458
-0.000506521
-0.000152992
6.8706e-05
0.00029479
0.000381341
0.000263863
0.000153485
4.29389e-05
-0.000120989
-0.00028297
-0.000444907
-0.000357608
-0.000172194
9.72661e-06
0.000138576
0.000189584
0.000243227
0.000296742
-0.00020142
-0.000680347
-0.0011596
-0.00142727
-0.00161149
-0.00179844
-0.0019302
-0.00198132
-0.00203517
-0.00208889
-0.0021898
-0.00228903
-0.00238825
-0.00188693
-0.00114916
-0.000419953
7.45079e-05
0.000224936
0.000386975
0.000548508
0.000394352
0.000251038
0.000107453
6.99637e-05
7.43028e-05
7.72181e-05
-0.000134378
-0.000660275
-0.00117515
-0.00169005
-0.00181382
-0.00195077
-0.00208718
-0.00215237
-0.00218945
-0.00222746
-0.00226336
-0.0022962
-0.00232913
-0.00236203
-0.0021512
-0.00194875
-0.00174615
-0.00128875
-0.000731037
-0.000177079
0.000136587
9.82003e-05
7.17047e-05
4.48263e-05
-0.000189032
-0.000415765
-0.000642584
-0.00100057
-0.00141018
-0.00181777
-0.00209839
-0.00219302
-0.00229383
-0.00239436
-0.00239425
-0.00239752
-0.00240067
-0.00246287
-0.00254833
-0.00263297
-0.00242645
-0.0017933
-0.00117485
-0.000556325
-0.000253425
5.98297e-05
0.000372528
0.000454624
0.000445654
0.000439732
0.000207132
-0.000357506
-0.000910687
-0.00146388
-0.00150658
-0.00156627
-0.00162536
-0.00150919
-0.00132385
-0.00114095
-0.000843628
-0.000378697
8.03505e-05
0.000539289
0.000441277
0.000361833
0.000281826
-0.000161505
-0.000748171
-0.00132969
-0.00172717
-0.00185482
-0.00199133
-0.00212745
-0.00223767
-0.00234867
-0.00245957
-0.00252548
-0.00257359
-0.00262225
-0.0023358
-0.00155817
-0.000797284
-3.63463e-05
-6.64582e-05
-7.0443e-05
-7.52871e-05
-0.000359243
-0.000753404
-0.00114367
-0.00148914
-0.00176887
-0.00205058
-0.00233204
-0.00240178
-0.00247844
-0.00255482
-0.00259978
-0.00263231
-0.00266522
-0.0025188
-0.00210951
-0.00170911
-0.00130869
-0.00106696
-0.000820188
-0.000573744
-0.000604765
-0.000745488
-0.000882527
-0.00113577
-0.00155924
-0.00197686
-0.00239441
-0.00252659
-0.00266801
-0.00280903
-0.00288693
-0.00293984
-0.00299353
-0.00301924
-0.00300398
-0.00299008
-0.00297613
-0.0030003
-0.00302321
-0.00304615
-0.00283914
-0.00254123
-0.00224647
-0.00191406
-0.00152648
-0.00114094
-0.000755585
-0.000702899
-0.000639446
-0.000576384
-0.000485132
-0.000382763
-0.000280822
-0.000355972
-0.000690808
-0.00101702
-0.00134329
-0.00167761
-0.00201144
-0.00234508
-0.00245966
-0.00248749
-0.00251811
-0.00257675
-0.00267662
-0.0027751
-0.00287356
-0.00276189
-0.00265707
-0.00255211
-0.00215453
-0.00164126
-0.00113204
-0.000795906
-0.000713672
-0.000623319
-0.000533286
-0.000766037
-0.000988259
-0.00121068
-0.00151338
-0.00184776
-0.00218092
-0.00243015
-0.00255635
-0.00268642
-0.00281627
-0.00288602
-0.00295764
-0.00302916
-0.00304493
-0.0030386
-0.00303298
-0.0030481
-0.00309368
-0.00313827
-0.00318285
-0.00317557
-0.00316994
-0.00316427
-0.00303331
-0.00285275
-0.00267389
-0.00233963
-0.00177744
-0.00122287
-0.000668419
-0.000810402
-0.000930116
-0.00105046
-0.00103434
-0.00096414
-0.000895706
-0.000976221
-0.00127532
-0.00156729
-0.00185929
-0.00205151
-0.00224678
-0.00244183
-0.00255533
-0.00263645
-0.00271855
-0.00279658
-0.00286871
-0.00294098
-0.0030132
-0.00304929
-0.0030865
-0.00312365
-0.00315877
-0.00319307
-0.00322737
-0.00327906
-0.00335628
-0.00343265
-0.003509
-0.00352461
-0.00354212
-0.00355957
-0.00357032
-0.0035784
-0.00358657
-0.00337043
-0.00282517
-0.00229061
-0.00175605
-0.0013996
-0.00103778
-0.000676348
-0.000553787
-0.000526047
-0.000495346
-0.000440747
-0.00035093
-0.000262274
-0.000173638
-0.000564059
-0.000939218
-0.00131462
-0.00164858
-0.00196597
-0.00228369
-0.00250417
-0.00258207
-0.00266439
-0.00274651
-0.00284634
-0.00294555
-0.00304472
-0.0030948
-0.00312538
-0.00315656
-0.0031862
-0.00321364
-0.00324113
-0.0032686
-0.00327428
-0.00328064
-0.00328697
-0.00329858
-0.00331228
-0.00332591
-0.0031337
-0.00263936
-0.00215472
-0.00167008
-0.00145021
-0.00122226
-0.000994698
-0.000916054
-0.000896585
-0.000875293
-0.00105314
-0.00152321
-0.00198394
-0.00244467
-0.00230577
-0.00218551
-0.00206476
-0.00201498
-0.0019934
-0.00197096
-0.00201065
-0.0021415
-0.00226945
-0.00239742
-0.00249283
-0.00258919
-0.00268547
-0.0026397
-0.00253751
-0.00243713
-0.00222738
-0.00185712
-0.00149204
-0.00112703
-0.00151845
-0.00188636
-0.00225476
-0.00249378
-0.00268129
-0.00287026
-0.00299606
-0.00302921
-0.00306519
-0.00310106
-0.00311668
-0.0031329
-0.0031491
-0.00319911
-0.00326253
-0.0033255
-0.00331057
-0.00318123
-0.00305548
-0.00292969
-0.00291503
-0.00289698
-0.00287905
-0.00297651
-0.00311984
-0.00326167
-0.0033633
-0.00340585
-0.00345019
-0.00349444
-0.00352344
-0.0035529
-0.00358232
-0.00359492
-0.00360082
-0.00360693
-0.00355277
-0.00341013
-0.00327026
-0.0031304
-0.00323597
-0.00333402
-0.00343223
-0.00352007
-0.00360376
-0.00368752
-0.00373806
-0.00373986
-0.00374313
-0.00374635
-0.003769
