0
0.0136042
0.012603
0.0128323
0.0129589
0.0131229
0.0133271
0.0135276
0.0136704
0.0132989
0.0129705
0.0126391
0.0125418
0.0124837
0.0124225
0.0124318
0.0125404
0.0126407
0.0127151
0.0125544
0.0124133
0.0122707
0.0123418
0.0124485
0.0125522
0.0126772
0.0128321
0.0129844
0.0130927
0.0128094
0.0125584
0.0123052
0.0122555
0.01224
0.0122218
0.0121547
0.0120179
0.011887
0.0117509
0.0115714
0.0113957
0.01122
0.011225
0.0112605
0.0112935
0.0113087
0.0112984
0.0112902
0.0112631
0.0110694
0.0108894
0.0107086
0.0106922
0.0107038
0.0107131
0.0105557
0.0101617
0.00978721
0.00946402
0.00960733
0.00971339
0.00982224
0.00977487
0.00970102
0.00962938
0.00954534
0.00944391
0.00934401
0.00929911
0.00974425
0.0101501
0.0105584
0.0103024
0.00993318
0.00957344
0.00932394
0.00923169
0.00912728
0.00904294
0.00912776
0.00919923
0.00927163
0.00917482
0.00904914
0.00892589
0.00899072
0.00932272
0.00963345
0.00989946
0.00975595
0.00964441
0.00953056
0.00958914
0.00967728
0.009763
0.0097723
0.00967285
0.00958194
0.00950359
0.00954196
0.0095713
0.00960128
0.00966819
0.00974141
0.00981403
0.00973809
0.00945105
0.0091806
0.008891
0.00843871
0.00799952
0.00756001
0.00791588
0.00840916
0.00889123
0.00922125
0.00933423
0.00946352
0.00955436
0.00931508
0.00910118
0.00888567
0.00869726
0.00851374
0.00833013
0.00817742
0.0080685
0.00795645
0.00786808
0.00798738
0.00809088
0.00819541
0.00821037
0.00820971
0.00821022
0.0081853
0.00812433
0.00806615
0.00799585
0.00781861
0.00764961
0.00748025
0.00745207
0.00744862
0.00744333
0.00754724
0.00780632
0.0080535
0.00828232
0.00834233
0.00841476
0.00848616
0.00845464
0.00840507
0.00835691
0.00813461
0.00766454
0.00721342
0.00681423
0.00688541
0.00692191
0.0069609
0.00670313
0.00639345
0.00608802
0.00616154
0.00677501
0.00734809
0.00783113
0.0074913
0.00721203
0.00692875
0.00653314
0.00611806
0.00570499
0.00549775
0.0055837
0.00564822
0.00575995
0.00627946
0.00676866
0.00725935
0.00679863
0.00616989
0.00555419
0.00535933
0.00576526
0.00612728
0.00645636
0.00646729
0.00650109
0.0065332
0.00634979
0.00612826
0.00590978
0.00571901
0.00556795
0.00541426
0.00525903
0.00508658
0.00491561
0.00474478
0.00500301
0.00533742
0.00566592
0.00591501
0.00605042
0.00619372
0.0063341
0.00645514
0.00657737
0.00669935
0.00662135
0.00650771
0.00639674
0.00621497
0.00593237
0.00565728
0.00542865
0.00561605
0.00577388
0.00593358
0.00590514
0.00584305
0.00578341
0.00570934
0.00561491
0.00552203
0.00540137
0.00503282
0.00468211
0.00433065
0.00419552
0.0040994
0.00400069
0.00411054
0.00451786
0.00490391
0.00522894
0.00500056
0.00481093
0.00461887
0.00461637
0.004648
0.00467722
0.00470446
0.00472866
0.00475304
0.00472778
0.0042599
0.00382319
0.00338493
0.00384798
0.00447335
0.00508671
0.00541978
0.00535156
0.00531097
0.00526023
0.00513549
0.00501598
0.00489628
0.00478451
0.00467429
0.00456411
0.00436251
0.00403015
0.00370717
0.00344425
0.00371972
0.00395819
0.00419886
0.00430027
0.00437632
0.00445399
0.00435416
0.00400075
0.00366498
0.00340084
0.00378315
0.00412127
0.00446191
0.00441862
0.00430551
0.00419726
0.0038483
0.00315546
0.00248668
0.00196178
0.00272836
0.00340723
0.00409108
0.00421397
0.00423443
0.00426173
0.00417297
0.00391886
0.00367614
0.00346271
0.00351507
0.00354964
0.00358535
0.00393956
0.00435171
0.00475946
0.00491454
0.00470782
0.00452537
0.00429454
0.0036443
0.0030227
0.00240002
0.00285978
0.0035176
0.00416147
0.00456094
0.00460954
0.0046812
0.00465902
0.00381356
0.00302337
0.00223059
0.00243433
0.00282104
0.00319523
0.00364298
0.00419507
0.0047396
0.00515581
0.00442759
0.00377512
0.00311856
0.00299556
0.00297093
0.00293992
0.00321065
0.003913
0.00458635
0.00512988
0.00450447
0.00395577
0.00340281
0.00282189
0.00223631
0.00165179
0.00163943
0.00244672
0.00319999
0.00386221
0.00368785
0.00356769
0.00344418
0.00283743
0.00214175
0.00145268
0.00132813
0.00201301
0.00264503
0.0032275
0.00334356
0.00348938
0.0036331
0.00329109
0.00285925
0.0024337
0.00197881
0.0014822
0.000988877
0.000663532
0.00183493
0.00290951
0.00398888
0.00398431
0.00377826
0.00358528
0.0031345
0.00231509
0.0015201
0.000804831
0.000807399
0.000764531
0.000724592
0.00173258
0.00293495
0.00412353
0.00467296
0.00430483
0.00399498
0.0036143
0.00263096
0.00168677
0.000741305
0.000807999
0.00106363
0.0013071
0.00176771
0.00253899
0.00328985
0.00387872
0.00301699
0.00224699
0.00147222
0.00112782
0.00086421
0.00059589
0.000855672
0.00187296
0.00284185
0.00370551
0.00361186
0.00357779
0.00354006
0.00293278
0.00221918
0.00151306
0.000964893
0.000643807
0.000309074
0.000137415
0.00141134
0.00259446
0.00378172
0.00381334
0.00362782
0.0034559
0.00308126
0.00241658
0.00177055
0.00115022
0.000763461
0.000362849
-3.64216e-05
0.000937133
0.00216832
0.00338224
0.00397527
0.00367542
0.00343048
0.00312126
0.00226555
0.00144421
0.000621779
0.000233606
-7.22938e-05
-0.000382826
-0.000182363
0.000751848
0.00164037
0.00246863
0.00274217
0.003049
0.00335344
0.00274701
0.0019689
0.0012021
0.000656416
0.000429127
0.000182897
2.47274e-05
0.000640565
0.00120903
0.00177967
0.00237254
0.00297323
0.00357272
0.00352147
0.00253476
0.00160536
0.000723774
0.000291385
-0.000167383
-0.000624024
-0.000735339
-0.000780986
-0.000830502
-0.00037019
0.000823004
0.00197107
0.00296526
0.00257145
0.00226073
0.00194543
0.00138538
0.000735435
9.15955e-05
-0.000410128
-0.000707241
-0.00101613
-0.00121235
-0.000411176
0.000330034
0.00107391
0.0016592
0.00218568
0.00271501
0.00270363
0.00191476
0.00117263
0.000466099
9.54029e-05
-0.000294612
-0.000683033
-0.000912109
-0.00111055
-0.00131056
-0.000999522
4.68134e-05
0.00104885
0.00194895
0.0019244
0.00195395
0.00198031
0.00145731
0.000731624
1.86118e-05
-0.000540937
-0.000878855
-0.00122929
-0.00154942
-0.0016086
-0.00168288
-0.0017562
-0.000933155
0.000220836
0.00135429
0.001773
0.00116132
0.000610004
8.97292e-05
-0.000126889
-0.000360809
-0.00059346
-0.000851958
-0.00111982
-0.00138684
-0.0013455
-0.000860089
-0.000400806
0.000110142
0.00107349
0.00200973
0.00294646
0.002588
0.00174997
0.000940405
0.000260723
-0.000229847
-0.00073068
-0.00116957
-0.00106477
-0.00099116
-0.000915851
-3.64276e-06
0.00121833
0.00242125
0.00289661
0.00232257
0.00180891
0.00128715
0.00071915
0.000154423
-0.000409848
-0.000801954
-0.0011299
-0.00146111
-0.00139001
-0.000739488
-0.000122492
0.000515908
0.00133412
0.00214124
0.00294808
0.00260976
0.00184629
0.00110765
0.000419664
-0.000193622
-0.000810422
-0.00138935
-0.00163708
-0.00190314
-0.00216788
-0.00190863
-0.00145472
-0.00101224
-0.000333292
0.000685923
0.00168496
0.00253729
0.00207722
0.00169098
0.00130105
0.000679343
-2.83045e-05
-0.000730373
-0.00124829
-0.00150053
-0.00176727
-0.00201115
-0.00206023
-0.00212009
-0.00217928
-0.00110031
0.000401824
0.00187884
0.00274116
0.00271538
0.00273878
0.00266404
0.00173671
0.000857507
-2.33823e-05
-0.000568194
-0.000987445
-0.00141316
-0.00174788
-0.00195209
-0.00216326
-0.00227543
-0.00150806
-0.000789864
-6.97529e-05
0.000777322
0.00167127
0.00256167
0.00286681
0.00232744
0.00183488
0.00132654
0.000695905
7.26407e-05
-0.000550345
-0.000994389
-0.00137135
-0.00175155
-0.00202085
-0.00213052
-0.00224876
-0.00225354
-0.00124928
-0.000300938
0.000649407
0.00132504
0.00189767
0.00247526
0.00252704
0.00182028
0.00115536
0.000510052
5.47451e-05
-0.000410339
-0.000874393
-0.00117199
-0.00140714
-0.00164541
-0.00183032
-0.00193856
-0.00205081
-0.00204175
-0.000951053
8.03188e-05
0.00111377
0.0015186
0.00168799
0.00186983
0.00173429
0.00114138
0.000573607
2.6696e-05
-0.000326456
-0.000689592
-0.00105181
-0.00133906
-0.00159805
-0.00185827
-0.00204833
-0.00213726
-0.00223148
-0.00217154
-0.00073664
0.000623598
0.00198636
0.00237823
0.00240604
0.00245315
0.00219567
0.00149959
0.000827487
0.00017202
-0.00032898
-0.000837623
-0.00134532
-0.00162844
-0.00182713
-0.00203007
-0.00218524
-0.00227179
-0.00236188
-0.00238694
-0.00183299
-0.00131009
-0.000786117
-1.01764e-05
0.000859897
0.00172411
0.00208252
0.00170967
0.00137556
0.00100704
0.000346375
-0.000298305
-0.000943146
-0.00139756
-0.00178018
-0.00216615
-0.00243887
-0.00254831
-0.00266615
-0.00277218
-0.00277747
-0.002788
-0.00279825
-0.00192695
-0.000724783
0.000458938
0.00121421
0.00134901
0.00151586
0.00158961
0.000846997
0.000147455
-0.000553593
-0.00107623
-0.00153148
-0.00198974
-0.0023152
-0.00244902
-0.00259259
-0.00272779
-0.00279373
-0.00286318
-0.00293238
-0.00195559
-0.000585621
0.000762714
0.00167516
0.00195598
0.00226895
0.00249504
0.00196153
0.00146752
0.000971993
0.000459505
-5.91054e-05
-0.000576872
-0.00102347
-0.00136728
-0.001716
-0.00203839
-0.00213049
-0.00223425
-0.00233731
-0.00121011
0.000380223
0.00194535
0.0028853
0.00291926
0.00299924
0.00301274
0.00245336
0.00192362
0.00139292
0.000839179
0.00027704
-0.000284105
-0.000693753
-0.000884302
-0.00108574
-0.00125086
-0.00109772
-0.000960814
-0.000823224
-5.3455e-05
0.00095453
0.00194949
0.0024269
0.00215445
0.00192002
0.00166007
0.00118729
0.000725673
0.00026396
-0.000119173
-0.000472406
-0.000826783
-0.00112181
-0.00133116
-0.00154459
-0.00163285
-0.000605046
0.000365926
0.00133877
0.00189991
0.00230514
0.00271775
0.00271728
0.00211925
0.00155159
0.000992799
0.000522359
4.79918e-05
-0.000425708
-0.00073134
-0.000973212
-0.00121801
-0.00143715
-0.00161947
-0.00180344
-0.00184082
-0.000569231
0.000636301
0.00184391
0.00221476
0.00226873
0.00233831
0.00212032
0.00148688
0.000874563
0.000287769
-6.61386e-05
-0.00043117
-0.000795294
-0.00110353
-0.00139041
-0.00167806
-0.00160383
-0.00100539
-0.000433274
0.000153537
0.000864665
0.001569
0.00227298
0.00222741
0.00189778
0.00158238
0.00114922
0.000546294
-4.77519e-05
-0.000614399
-0.000936687
-0.00127058
-0.00160358
-0.00184035
-0.00204047
-0.00224218
-0.00208499
-0.00140774
-0.000756432
-0.000103504
0.000557634
0.00121773
0.00187724
0.0018698
0.00160926
0.00136124
0.0010295
0.000577162
0.0001311
-0.000301086
-0.00060985
-0.000924279
-0.00123813
-0.00146758
-0.00166484
-0.00186346
-0.00154076
-0.000462259
0.000578815
0.00153199
0.00169053
0.00188713
0.00208171
0.00181392
0.00137056
0.000936053
0.000484676
9.26308e-06
-0.000464542
-0.000921861
-0.00123462
-0.00155399
-0.00187274
-0.00200668
-0.00207026
-0.00213715
-0.00207884
-0.00183919
-0.00160841
-0.00129431
-0.000236717
0.000784462
0.0018064
0.00198723
0.001848
0.00172411
0.00140902
0.000817539
0.000239738
-0.000312107
-0.000630255
-0.000959177
-0.00128728
-0.00158022
-0.0018596
-0.00213936
-0.00237815
-0.00255764
-0.00273976
-0.00284826
-0.00230048
-0.00178416
-0.00126686
-0.000508701
0.000340796
0.00118519
0.00156643
0.00127552
0.00101648
0.000727274
0.000179635
-0.000355357
-0.000890441
-0.00125582
-0.00155633
-0.0018596
-0.00211364
-0.00229653
-0.00248258
-0.00263431
-0.00248161
-0.00234328
-0.0022044
-0.00145854
-0.000481621
0.000483611
0.000953467
0.000703785
0.000487849
0.000238349
-0.000298971
-0.000822404
-0.001346
-0.00168259
-0.00194767
-0.00221583
-0.00242903
-0.00256279
-0.0027001
-0.00283274
-0.00292609
-0.00302118
-0.0031161
-0.0031493
-0.00315892
-0.00316961
-0.00268477
-0.00148036
-0.00031027
0.000750498
0.000827355
0.000949482
0.00106941
0.000679279
9.44855e-05
-0.000480816
-0.000978004
-0.00136135
-0.00174956
-0.0021086
-0.00221128
-0.00232563
-0.00243934
-0.00254289
-0.00264248
-0.00274216
-0.00262317
-0.00218659
-0.00176494
-0.00129306
-0.00037484
0.000522163
0.00141931
0.00178685
0.00195167
0.00212558
0.00196097
0.00130521
0.000672403
6.00762e-05
-0.000364183
-0.000796604
-0.00122826
-0.00150827
-0.00173009
-0.00195435
-0.00214311
-0.00228057
-0.00242022
-0.00249914
-0.00203642
-0.00159862
-0.00116009
-0.000408305
0.000463028
0.00132817
0.00184533
0.00185671
0.0018909
0.00189223
0.00160899
0.00133883
0.00106833
0.000650814
0.000177202
-0.000293461
-0.000684297
-0.000959116
-0.0012389
-0.0015188
-0.00180377
-0.00208825
-0.00237251
-0.00254214
-0.00266775
-0.00279522
-0.00271858
-0.00234539
-0.00198579
-0.00155959
-0.000540178
0.000451843
0.0014442
0.00186064
0.00205605
0.00226114
0.00229338
0.00207505
0.00186807
0.00161273
0.000927634
0.000262246
-0.000403427
-0.00083174
-0.00116879
-0.00150958
-0.00177681
-0.00193745
-0.00210267
-0.00226509
-0.00240532
-0.00254641
-0.00268734
-0.00273564
-0.00274837
-0.00276265
-0.00224706
-0.000960946
0.00029004
0.00144594
0.00174565
0.0020828
0.00241801
0.00246729
0.00240671
0.00235102
0.00214384
0.00171663
0.00129945
0.000853272
0.000148474
-0.000544363
-0.00123712
-0.00161555
-0.00187302
-0.00213557
-0.00234833
-0.00248911
-0.00263292
-0.00277628
-0.00291785
-0.00305938
-0.00320079
-0.00326194
-0.00329221
-0.0033238
-0.00337327
-0.00344883
-0.0035232
-0.0034244
-0.0017756
-0.000195616
0.00138598
0.0020299
0.0023129
0.00261133
0.00267534
0.00239939
0.00213841
0.00186863
0.00152412
0.00118314
0.000842303
0.000341925
-0.000219592
-0.000777982
-0.00122702
-0.00151697
-0.00181353
-0.00210955
-0.00228666
-0.00246874
-0.00265045
-0.00275163
-0.00282175
-0.00289315
-0.00297214
-0.0030623
-0.0031519
-0.00324146
-0.00323882
-0.00324015
-0.0032413
-0.00330886
-0.00340196
-0.00349389
-0.00356399
-0.00360227
-0.00364188
-0.0036814
-0.00332575
-0.00298728
-0.00264837
-0.00159425
-0.00026503
0.00105132
0.00194408
0.00221987
0.00252172
0.0028222
0.00281466
0.00282023
0.00282524
0.00268867
0.00249758
0.00230897
0.00209773
0.00185363
0.00161114
0.00136878
0.000814548
0.000273999
-0.000266671
-0.000667679
-0.00101463
-0.00136357
-0.00163373
-0.00178944
-0.00194985
-0.00210993
-0.00221229
-0.002317
-0.00242152
-0.00249913
-0.00256632
-0.00263389
-0.00271243
-0.00280702
-0.00290084
-0.00299462
-0.00305056
-0.00310805
-0.00316542
-0.00326549
-0.003382
-0.00349772
-0.00358283
-0.00362337
-0.00366575
-0.00370801
-0.00377953
-0.00384976
-0.00391999
-0.00395734
-0.00398199
-0.00400714
-0.0040447
-0.00410037
-0.00415523
-0.00421008
-0.00420604
-0.00420446
-0.00420277
-0.00413839
-0.00404981
-0.00396232
-0.00322285
-0.0015335
0.000114979
0.00176379
0.00216507
0.00261778
0.00306799
0.00324354
0.00331278
0.00338637
0.00336575
0.00320817
0.00305639
0.00290449
0.00280058
0.00269478
0.00258914
0.00247307
0.00235303
0.00223325
0.00220913
0.00232439
0.00243381
0.00254338
0.00235942
0.00218769
0.0020156
0.00180355
0.00157612
0.00134952
0.000955278
0.00031667
-0.000311387
-0.000939361
-0.00116544
-0.00140781
-0.00164931
-0.00183159
-0.00199083
-0.00215089
-0.00228475
-0.00238055
-0.00247783
-0.00257497
-0.00262934
-0.00268542
-0.00274138
-0.00277827
-0.00280775
-0.00283751
-0.0028798
-0.00294037
-0.00300016
-0.00305992
-0.00307843
-0.0030986
-0.00311868
-0.00308706
-0.00303542
-0.00298463
-0.00299793
-0.00310471
-0.00320761
-0.00331059
-0.00333331
-0.00335926
-0.00338505
-0.00343315
-0.00348985
-0.00354617
-0.00358464
-0.00359708
-0.00361056
-0.00362399
-0.00354253
-0.00346496
-0.0033873
-0.00343448
-0.00353005
-0.0036236
-0.00371362
-0.00379842
-0.00388337
-0.00396823
-0.0040241
-0.00408109
-0.00413799
-0.00412845
-0.00409315
-0.0040589
-0.00402692
-0.00399831
-0.00396959
-0.00394089
-0.00352575
-0.0031264
-0.00272674
-0.00163136
-0.000266461
0.00108658
0.00193685
0.00205355
0.00219941
0.002344
0.00268031
0.00300872
0.00333717
0.00340106
0.0033622
0.00332745
0.00331496
0.00333518
0.00335409
0.00337303
0.00328192
0.00319525
0.00310847
0.00304447
0.00298935
0.00293392
0.00289832
0.00289159
0.00288373
0.00287592
0.00272531
0.00258047
0.00243552
0.00194887
0.00132967
0.000716189
0.000481735
0.000800449
0.00109711
0.0013944
0.00096919
0.00057276
0.000175509
0.000398611
0.000862757
0.00131706
0.00131281
0.000638975
-8.0456e-06
-0.000655611
-0.000942609
-0.00124352
-0.00154365
-0.00170893
-0.00182167
-0.00193637
-0.00202142
-0.00206333
-0.00210689
-0.00215036
-0.00227452
-0.00239544
-0.00251639
-0.00260082
-0.002671
-0.00274168
-0.0024642
-0.00167858
-0.000913369
-0.000147961
0.000285872
0.000732269
0.00117783
0.00117442
0.000996261
0.000825027
0.000480762
-0.000115761
-0.000702032
-0.00128825
-0.00153056
-0.00178602
-0.00204078
-0.0022091
-0.00234368
-0.00247946
-0.00259386
-0.00267714
-0.00276157
-0.00284588
-0.0029258
-0.00300582
-0.00308578
-0.00309612
-0.00307934
-0.00306361
-0.0030911
-0.00318176
-0.00326991
-0.00335809
-0.00329394
-0.0032357
-0.00317728
-0.00312543
-0.00307616
-0.00302683
-0.00304768
-0.00317099
-0.00329027
-0.00340961
-0.00208894
-0.000824445
0.000441231
0.000976623
0.00122713
0.00148834
0.00153836
0.00128064
0.00103488
0.000788851
0.000669512
0.000545428
0.00042162
0.000588329
0.000868259
0.00114366
0.00142059
0.00169959
0.00197829
0.0022568
0.00180965
0.00139043
0.000970465
0.000911101
0.000992421
0.00106834
0.000857723
0.000228282
-0.0003848
-0.000998037
-0.00125345
-0.00152223
-0.00179029
-0.00194578
-0.00205726
-0.00217031
-0.00227427
-0.00236508
-0.00245631
-0.00254746
-0.00264029
-0.00273299
-0.00282562
-0.0028494
-0.00284629
-0.00284419
-0.00251151
-0.00169588
-0.000899048
-0.000102105
0.000290768
0.000698537
0.00110544
0.00121484
0.001208
0.00120553
0.00113141
0.000952837
0.000778316
0.000603774
0.000489738
0.000373521
0.000257473
-0.00020462
-0.000801706
-0.0013933
-0.00177644
-0.00185488
-0.00194464
-0.00203392
-0.00209204
-0.00215128
-0.00221043
-0.00226006
-0.00230593
-0.00235191
-0.00189646
-0.000708207
0.000451889
0.00161217
0.00163153
0.00169329
0.00175342
0.00122417
0.000464699
-0.000285668
-0.000862959
-0.00118705
-0.0015203
-0.00185295
-0.00190506
-0.00196752
-0.00202955
-0.00209469
-0.00216102
-0.00222725
-0.00229696
-0.00237179
-0.00244638
-0.00252092
-0.00232708
-0.00214328
-0.00195925
-0.00103074
0.000188638
0.0013964
0.00204212
0.00186599
0.00172023
0.00157346
0.00166633
0.00175031
0.00183456
0.00143637
0.000849521
0.000270031
-0.000241363
-0.00065301
-0.00106801
-0.00148259
-0.00165007
-0.00182648
-0.00200244
-0.00212548
-0.00222775
-0.00233071
-0.00242456
-0.00250517
-0.0025862
-0.00266716
-0.00144292
-0.000267212
0.00090941
0.0013069
0.00139909
0.00150234
0.00144742
0.00116185
0.000884874
0.000607792
0.000736702
0.000850754
0.000965264
0.000994117
0.000989405
0.000985916
0.00101744
0.00110024
0.00118111
0.001262
0.00116305
0.0010707
0.000978168
0.000559313
1.2737e-05
-0.000528822
-0.000948263
-0.00118902
-0.00143606
-0.00168269
-0.00179356
-0.00190925
-0.00202468
-0.00209488
-0.00214733
-0.00220038
-0.00224338
-0.00227175
-0.00230062
-0.00232946
-0.0010605
0.000160854
0.00138305
0.0015849
0.00138652
0.00120267
0.00109712
0.00110685
0.00111244
0.00111817
0.000389595
-0.000312138
-0.00101433
-0.00133233
-0.00149949
-0.00167192
-0.00182889
-0.00196358
-0.00209897
-0.00223424
-0.00227408
-0.0023173
-0.00236037
-0.00207864
-0.00166957
-0.00126533
-0.000719745
3.2524e-05
0.000776894
0.00152101
0.0014217
0.00135248
0.00128223
0.000905057
0.000407528
-8.53714e-05
-0.000535722
-0.000923742
-0.0013137
-0.00170331
-0.0018641
-0.0020329
-0.00220129
-0.00228012
-0.00232375
-0.0023686
-0.00241948
-0.00247927
-0.0025387
-0.0025981
-0.00179386
-0.0010207
-0.000246991
0.000317927
0.000800607
0.00128585
0.00147509
0.00123144
0.00100322
0.000774622
0.000319157
-0.000128
-0.000575134
-0.00092791
-0.00124347
-0.00156011
-0.00179779
-0.00192005
-0.00204628
-0.00217229
-0.00226177
-0.00235246
-0.00244305
-0.00252466
-0.0026027
-0.00268081
-0.00273565
-0.00275646
-0.00277844
-0.00280037
-0.00155746
-0.000359645
0.000838909
0.00104047
0.000849962
0.000673271
0.000608014
0.000706545
0.000799293
0.000892179
0.000692173
0.000502512
0.000312622
0.00017679
6.22691e-05
-5.29133e-05
-1.96861e-05
0.00023074
0.000473443
0.000716246
0.000169708
-0.000349042
-0.000868397
-0.00120189
-0.00146214
-0.00172475
-0.00192843
-0.00204606
-0.00216658
-0.00228693
-0.00231553
-0.0023473
-0.00237893
-0.00242008
-0.00246495
-0.00250967
-0.00209216
-0.000997835
7.23712e-05
0.00114267
0.000991421
0.000882397
0.000771993
0.000527948
0.000231368
-6.31984e-05
-0.000271027
-0.000351835
-0.000436957
-0.000521872
-0.000958371
-0.00138249
-0.00180674
-0.00197865
-0.00205113
-0.00212698
-0.00220011
-0.00226947
-0.00233891
-0.0024083
-0.002457
-0.00250638
-0.0025557
-0.00174257
-0.000590017
0.00055014
0.00119422
0.00111149
0.00105365
0.000994991
0.000538333
9.55692e-05
-0.000347366
-0.000580911
-0.000731859
-0.00088552
-0.00106958
-0.00129836
-0.00152546
-0.00175247
-0.00198233
-0.00221193
-0.00244138
-0.00249043
-0.00246836
-0.00244871
-0.00244001
-0.00244747
-0.00245437
-0.00246128
-0.00253831
-0.00261291
-0.00268754
-0.00196666
-0.000932415
9.05198e-05
0.00066595
0.000585564
0.000527411
0.000468546
5.76657e-05
-0.000341044
-0.000739896
-0.0011306
-0.00151793
-0.00190512
-0.00214767
-0.00217844
-0.00221632
-0.00225393
-0.00233458
-0.00241372
-0.00249286
-0.00254411
-0.00258434
-0.00262492
-0.00267167
-0.00272751
-0.00278301
-0.00283848
-0.00162721
-0.000459255
0.000709368
0.000823691
0.000521936
0.000234327
0.000135177
0.000312795
0.000481028
0.000649463
0.000459096
0.000280856
0.00010233
-0.000256144
-0.000685515
-0.00111223
-0.00148132
-0.00176596
-0.00205323
-0.00234022
-0.00236321
-0.00239499
-0.00242646
-0.00242612
-0.00241321
-0.00240073
-0.00242362
-0.00249837
-0.00257135
-0.00264434
-0.00144664
-0.000291946
0.000863405
0.00107004
0.000901909
0.000746323
0.000517006
0.000180195
-0.000152829
-0.000485758
-0.000245716
-2.48049e-05
0.000196593
-8.96624e-05
-0.000576359
-0.00105611
-0.00141365
-0.00159187
-0.0017759
-0.00195961
-0.00209596
-0.00223379
-0.00237147
-0.0024433
-0.00248908
-0.0025357
-0.002584
-0.00263484
-0.00268556
-0.00273626
-0.00182729
-0.000950487
-7.32047e-05
0.000165448
0.000151576
0.000146009
2.31754e-05
-0.000271166
-0.000559685
-0.000848206
-0.00113663
-0.00142486
-0.00171291
-0.00193475
-0.00213033
-0.00232663
-0.00247996
-0.00257038
-0.00266279
-0.00275508
-0.00281258
-0.00287118
-0.0029297
-0.00281015
-0.00262022
-0.00243271
-0.00198765
-0.00116502
-0.000355235
0.00045444
0.00029165
0.000160642
2.86844e-05
-0.000331711
-0.000782359
-0.00122978
-0.00161418
-0.00190618
-0.00220099
-0.00249552
-0.00256191
-0.00263566
-0.00270913
-0.00276191
-0.00280648
-0.00285129
-0.00288483
-0.00290187
-0.00291943
-0.00293697
-0.00293251
-0.00292876
-0.00292499
-0.00219884
-0.00118701
-0.000185068
0.000280576
-4.04524e-05
-0.000335872
-0.000631928
-0.000586969
-0.000553039
-0.000518776
-0.000814831
-0.00124155
-0.00166379
-0.00196748
-0.00209722
-0.00223247
-0.00236746
-0.00246859
-0.00257075
-0.00267282
-0.00274892
-0.0028147
-0.00288078
-0.00291879
-0.00291569
-0.00291391
-0.00291209
-0.00293745
-0.00296192
-0.0029864
-0.00228047
-0.00128545
-0.000300323
0.000226418
8.0595e-05
-4.36261e-05
-0.000168458
-0.000564388
-0.000951403
-0.00133846
-0.0016467
-0.0019236
-0.00220132
-0.0023914
-0.00245304
-0.00251874
-0.00258427
-0.00269334
-0.00280095
-0.00290855
-0.00297624
-0.0030281
-0.00308042
-0.00311859
-0.00313602
-0.00315409
-0.00317214
-0.00211395
-0.00109059
-6.67798e-05
0.000121207
-2.2229e-05
-0.000155066
-0.00039244
-0.000782729
-0.00116793
-0.00155304
-0.00134851
-0.00116276
-0.00097654
-0.000879673
-0.000818268
-0.000755781
-0.000922354
-0.00142496
-0.00191663
-0.00240835
-0.00251064
-0.00262516
-0.00273922
-0.00281376
-0.0028726
-0.0029319
-0.00295707
-0.0029322
-0.00290891
-0.00288559
-0.00296739
-0.00304584
-0.00312434
-0.00246217
-0.00150637
-0.000560396
-7.01715e-05
-0.000248935
-0.000406595
-0.000564818
-0.000647101
-0.000731714
-0.0008162
-0.00113588
-0.00154879
-0.00195852
-0.00226443
-0.00241796
-0.00257616
-0.00273411
-0.00280789
-0.00288425
-0.00296048
-0.00301084
-0.0030509
-0.00309126
-0.00309548
-0.00304667
-0.00299956
-0.00295241
-0.00219185
-0.00145398
-0.000715861
-0.000530969
-0.000565795
-0.000593764
-0.000752588
-0.00110317
-0.00144758
-0.00179196
-0.00206501
-0.00234009
-0.00261495
-0.00276389
-0.00286278
-0.00296315
-0.00305927
-0.00314925
-0.00323937
-0.00332942
-0.00327211
-0.00321939
-0.00316657
-0.00288932
-0.00252302
-0.00215969
-0.00177399
-0.00135546
-0.000938193
-0.000521149
-0.00110175
-0.00165121
-0.00220128
-0.00249714
-0.00269188
-0.00288962
-0.00302347
-0.00306372
-0.00310683
-0.00314982
-0.00321655
-0.0032825
-0.00334844
-0.00335498
-0.00333791
-0.00332158
-0.00304844
-0.00239828
-0.0017601
-0.00112194
-0.00145174
-0.00175165
-0.00205228
-0.00237873
-0.00271532
-0.0030514
-0.0032715
-0.0033214
-0.00337647
-0.00343135
-0.00344716
-0.00346416
-0.00348111
-0.0034961
-0.00351032
-0.00352454
-0.00330113
-0.00272876
-0.00216739
-0.00160603
-0.00201912
-0.00240225
-0.00278606
-0.00300029
-0.00314699
-0.00329567
-0.00340549
-0.00345839
-0.003513
-0.00356752
-0.00361176
-0.0036563
-0.00370079
-0.00361381
-0.00347456
-0.00333698
-0.00311897
-0.00278287
-0.00245056
-0.00211833
-0.00249885
