0
0.0122835
0.0113341
0.0115478
0.0116646
0.011624
0.0113489
0.0110936
0.0108793
0.0110409
0.0111712
0.0113039
0.0111607
0.0109718
0.0107869
0.0107823
0.011033
0.0112622
0.0114372
0.0111152
0.0108344
0.0105507
0.0105019
0.0104925
0.0104799
0.0105447
0.0107186
0.0108834
0.0109951
0.0106294
0.0103031
0.00997419
0.00999792
0.0100809
0.010159
0.010209
0.0102187
0.0102317
0.0102237
0.0100302
0.00985196
0.00967281
0.00967267
0.00970276
0.00973037
0.00978683
0.00988388
0.00997753
0.0100521
0.0099556
0.00987293
0.00978929
0.00977921
0.0097816
0.00978299
0.00967833
0.00942322
0.00918048
0.00895713
0.0089124
0.00885356
0.00879593
0.00877876
0.00876851
0.00875773
0.00874216
0.00871973
0.00869788
0.00867505
0.00864375
0.00861316
0.00858257
0.00862848
0.0086874
0.00874522
0.00874397
0.00865885
0.00858043
0.00849283
0.00832719
0.0081679
0.00800837
0.0080035
0.00802515
0.0080447
0.00802793
0.00795937
0.00789494
0.00783852
0.00785563
0.007867
0.00787881
0.00779724
0.00769971
0.00760356
0.00761016
0.00776278
0.0079039
0.00800904
0.00778716
0.00759078
0.00739274
0.00743132
0.00751069
0.00758681
0.0076214
0.00759667
0.00757652
0.00753914
0.00735104
0.00717473
0.00699779
0.00712143
0.00729699
0.00746833
0.00750747
0.00735832
0.00722371
0.00707072
0.00676221
0.00646595
0.00616921
0.00638226
0.00668368
0.00697798
0.00709513
0.00695982
0.00684375
0.00675264
0.00689578
0.0070211
0.00714756
0.00702313
0.00685509
0.00669058
0.00651851
0.00633598
0.00615451
0.00602736
0.00638314
0.00670234
0.0070238
0.00693136
0.00676664
0.00660755
0.00654178
0.00660935
0.00666692
0.00672649
0.00679795
0.00686843
0.00693888
0.00681067
0.00664773
0.00648759
0.00627447
0.0059861
0.00570371
0.00547418
0.00571671
0.00592417
0.00613391
0.00595426
0.00570628
0.00546368
0.00536534
0.00547288
0.00556519
0.00563855
0.00553389
0.00544238
0.00535005
0.00529101
0.0052379
0.00518444
0.0051604
0.00517822
0.00519297
0.00519561
0.00508837
0.00498925
0.00488968
0.00492211
0.00497788
0.00503188
0.00510506
0.00520541
0.00530367
0.00537245
0.00517819
0.00500314
0.00482695
0.00478054
0.00475721
0.00473227
0.0047376
0.00478592
0.0048311
0.00486213
0.00476546
0.00467805
0.00459011
0.00460684
0.00464219
0.00467617
0.00470809
0.00473696
0.004766
0.00478035
0.0046641
0.00455728
0.00444995
0.0045104
0.00460076
0.00468888
0.0047311
0.00470766
0.00468888
0.00467472
0.00470445
0.00473106
0.00475784
0.00474577
0.00472675
0.00470824
0.00453726
0.00414869
0.00377591
0.00344902
0.00353734
0.0035965
0.00365761
0.0037202
0.00378302
0.00384574
0.00389655
0.00393039
0.00396537
0.00397514
0.00376111
0.00356293
0.00336392
0.00323219
0.00311271
0.00299254
0.00292475
0.0029316
0.00293329
0.00294203
0.0030105
0.00307476
0.00313922
0.0034385
0.00377989
0.00411792
0.00418438
0.00386267
0.00356804
0.00328444
0.00311262
0.00293338
0.0027549
0.00296408
0.00324328
0.00351732
0.00369148
0.00372256
0.00376335
0.00379743
0.00377809
0.0037624
0.00374649
0.00355513
0.00333209
0.0031115
0.00294985
0.00287258
0.00278969
0.00275487
0.00314465
0.00350521
0.00386726
0.00366072
0.00335089
0.00304844
0.00275262
0.00246683
0.00218075
0.0019749
0.00248193
0.00294044
0.00340159
0.00336303
0.00323334
0.00310992
0.002979
0.0028379
0.00269766
0.00258142
0.00267842
0.00276107
0.00284458
0.00276755
0.00266125
0.00255704
0.002437
0.00229446
0.00215359
0.00207831
0.00258798
0.00305823
0.00353047
0.00345319
0.00327523
0.00310415
0.00295306
0.00283115
0.00270748
0.00257351
0.00234523
0.00212346
0.00190155
0.00183079
0.00178789
0.00174321
0.00186586
0.00222794
0.00257387
0.00285357
0.00253612
0.00225813
0.00197791
0.00179274
0.00162522
0.00145677
0.00164257
0.00233569
0.0029949
0.00351596
0.00279066
0.00214724
0.00149934
0.00116326
0.000885021
0.000603398
0.000732191
0.00144862
0.00212614
0.0027129
0.00247372
0.00228815
0.00209935
0.00183382
0.0015543
0.00127603
0.00120181
0.00142004
0.00161919
0.00182146
0.00204251
0.00226208
0.00248145
0.00222204
0.00187404
0.00153214
0.00129821
0.00121943
0.00113086
0.0011126
0.00171563
0.00227833
0.00284288
0.00256921
0.00213997
0.00172115
0.001353
0.00105824
0.000759204
0.000481749
0.000391544
0.000289602
0.000188532
0.000814383
0.00157512
0.00232638
0.00258531
0.00213746
0.00173471
0.00133
0.000929362
0.00052897
0.000129066
0.000505214
0.00102595
0.00153696
0.00181742
0.00176643
0.00173626
0.00166121
0.00119677
0.000757247
0.000316716
0.000288761
0.000338029
0.000382422
0.000617199
0.00112486
0.0016149
0.00203703
0.00184756
0.00169631
0.00154288
0.00110749
0.000619591
0.00013555
-0.000186234
-0.000274968
-0.000378004
-0.000391442
0.000386391
0.00111442
0.00184462
0.00193032
0.00189486
0.0018669
0.00163303
0.00110408
0.000593926
0.000137592
0.000167381
0.00016731
0.00016907
0.000607523
0.00112783
0.00164249
0.00184027
0.00158256
0.00135298
0.00110588
0.000715376
0.000334095
-4.72837e-05
-0.000120624
-0.000135778
-0.000154453
9.80317e-05
0.000739874
0.0013573
0.00188829
0.00163994
0.00143912
0.00123567
0.00088242
0.000501136
0.000122007
-8.44212e-05
-4.26265e-05
-1.58625e-05
6.70365e-05
0.000643498
0.00118953
0.00173674
0.00161654
0.00125107
0.000900776
0.000553634
0.000212175
-0.000129215
-0.000445128
-0.000536687
-0.000641571
-0.000745532
-0.000545668
-0.000288311
-3.46949e-05
0.000211243
0.000445955
0.000681056
0.000857454
0.000511854
0.000197737
-0.000117879
-0.000442638
-0.000770582
-0.00109795
-0.00122066
-0.0010491
-0.000895188
-0.000706393
-0.000213896
0.000260047
0.000734527
0.000827925
0.000780751
0.000741932
0.000511014
4.3884e-06
-0.000485394
-0.000938113
-0.00105538
-0.00119225
-0.0013278
-0.00110183
-0.000807032
-0.000516623
-0.000169256
0.000259876
0.000683715
0.00101392
0.000508686
5.28984e-05
-0.000405246
-0.000787502
-0.00114153
-0.00149678
-0.00165012
-0.00151308
-0.00139311
-0.00124098
-0.00080939
-0.000394546
2.07899e-05
0.000149286
0.000171641
0.000200126
7.57408e-05
-0.000268233
-0.000599092
-0.000909553
-0.00103396
-0.00116898
-0.00130323
-0.00127629
-0.00118967
-0.0011066
-0.000754454
-1.4983e-05
0.000701338
0.00133098
0.00118069
0.0010754
0.000967643
0.000614214
0.000169945
-0.000268607
-0.000615293
-0.000829386
-0.00105082
-0.00121453
-0.000868152
-0.000551315
-0.000233152
0.000194606
0.000662756
0.00112807
0.00118897
0.000667121
0.000179032
-0.000284141
-0.000511803
-0.000752587
-0.000992353
-0.00116867
-0.00132129
-0.00147509
-0.00147206
-0.00124318
-0.00102735
-0.000755789
9.05677e-06
0.000745169
0.00148207
0.00125541
0.000670993
0.000107405
-0.000341997
-0.000625332
-0.000917693
-0.00120996
-0.00150863
-0.0018066
-0.00210428
-0.00206431
-0.00189884
-0.00174059
-0.00127721
-0.000374347
0.000502913
0.00123725
0.000689152
0.000213308
-0.000266039
-0.000668968
-0.00104329
-0.00141879
-0.00171547
-0.00189878
-0.0020882
-0.00225668
-0.00224279
-0.00223904
-0.00223474
-0.00162771
-0.000796595
2.11772e-05
0.000555394
0.000679874
0.000826892
0.000890058
0.00021622
-0.000416154
-0.00105012
-0.00140365
-0.00165248
-0.0019068
-0.0020971
-0.0021956
-0.00229904
-0.00237136
-0.00216881
-0.00198159
-0.00179374
-0.00106175
-0.000127234
0.000795153
0.00124563
0.00101449
0.000820921
0.000592803
7.26774e-05
-0.000430923
-0.000934877
-0.00127933
-0.00156402
-0.00185167
-0.00201135
-0.00198671
-0.00197212
-0.00192168
-0.00155553
-0.00120694
-0.000857772
-0.000340003
0.000240451
0.000816875
0.00106572
0.000841542
0.000643219
0.000425549
4.57828e-05
-0.000324811
-0.0006955
-0.000919447
-0.00108839
-0.00126012
-0.00143477
-0.00161398
-0.00179276
-0.00192458
-0.001638
-0.00137422
-0.0011095
-0.000598846
3.54834e-06
0.000600375
0.000771155
0.000326369
-8.49696e-05
-0.000482681
-0.000745977
-0.00101618
-0.00128572
-0.00146813
-0.00161778
-0.00176901
-0.00189802
-0.00199513
-0.00209383
-0.00210888
-0.00137753
-0.000686661
5.62425e-06
0.000362017
0.000592338
0.000829107
0.000784276
0.000333138
-9.59901e-05
-0.00051593
-0.000846866
-0.00118216
-0.00151687
-0.0017029
-0.00183304
-0.001966
-0.00211594
-0.00229071
-0.002464
-0.00261215
-0.00253638
-0.00247247
-0.002408
-0.00162399
-0.000570373
0.000467981
0.000870399
0.000352788
-0.000116036
-0.000586392
-0.00105139
-0.00151617
-0.00198048
-0.00229163
-0.00254504
-0.0028012
-0.00293985
-0.00290894
-0.00288691
-0.00286296
-0.00282593
-0.00278963
-0.00275332
-0.00214458
-0.00132103
-0.000509492
-1.93108e-05
5.59619e-06
5.46223e-05
5.85692e-05
-0.000328944
-0.000695772
-0.00106329
-0.00135625
-0.00162101
-0.00188695
-0.00207237
-0.00214155
-0.00221666
-0.00225579
-0.00197654
-0.00171399
-0.00145085
-0.000803143
-1.10368e-05
0.000772827
0.00116681
0.000996473
0.000855296
0.000677724
0.000186986
-0.00028719
-0.000761729
-0.00101705
-0.00118965
-0.00136631
-0.00151467
-0.00162251
-0.0017323
-0.00182682
-0.00178653
-0.00175316
-0.00171947
-0.00102777
-8.83992e-05
0.000837402
0.00131635
0.00114797
0.00101267
0.000849503
0.000451061
6.49662e-05
-0.000321363
-0.000597571
-0.000832082
-0.00106847
-0.0012677
-0.00141339
-0.00156165
-0.00168865
-0.00162788
-0.00157665
-0.00152499
-0.0009607
-0.000203208
0.000543783
0.000809365
0.000377507
-1.88165e-05
-0.000396067
-0.000589837
-0.000792632
-0.000994771
-0.00109796
-0.00116369
-0.00123124
-0.0013205
-0.00144137
-0.00156055
-0.00159673
-0.000890829
-0.000222737
0.000446576
0.000657498
0.000695052
0.000741219
0.000571086
8.83315e-05
-0.000378366
-0.000828868
-0.00113104
-0.00144029
-0.00174888
-0.00189434
-0.001978
-0.00206465
-0.00208429
-0.00200712
-0.00193483
-0.00177151
-0.000795412
0.000139479
0.00107548
0.0012225
0.00107083
0.000934067
0.000726069
0.000415895
0.000111069
-0.000187849
-0.000433947
-0.000682404
-0.0009305
-0.0010722
-0.00117351
-0.00127671
-0.00109441
-0.000498549
7.64221e-05
0.000613277
0.000804459
0.0010124
0.00121931
0.00109204
0.000838165
0.000590731
0.000291658
-8.19117e-05
-0.000451477
-0.000807099
-0.00103911
-0.00127693
-0.00151423
-0.00165221
-0.00175244
-0.0018544
-0.00163295
-0.000942833
-0.00027617
0.000350483
0.000614139
0.00089516
0.00117506
0.00099292
0.000635516
0.00028695
-4.05749e-05
-0.00033712
-0.000634876
-0.000917573
-0.00106837
-0.00122538
-0.00138195
-0.0014006
-0.00136687
-0.00133569
-0.00102111
-0.000295708
0.000409212
0.00103343
0.00093217
0.000865889
0.000797991
0.000560629
0.000258978
-3.9299e-05
-0.00031536
-0.0005591
-0.000804156
-0.00104097
-0.00120654
-0.00137535
-0.00154385
-0.00166932
-0.00177836
-0.00188807
-0.00196872
-0.0020073
-0.00204786
-0.00199689
-0.00112821
-0.000299286
0.000530736
0.000712316
0.000647146
0.000593766
0.00035849
-0.000139875
-0.000625282
-0.00108256
-0.00128628
-0.00150183
-0.00171662
-0.00185467
-0.00196342
-0.00207346
-0.00214379
-0.00215664
-0.00217219
-0.00215533
-0.00184975
-0.00155807
-0.00126602
-0.000738871
-0.000122465
0.000489158
0.000669772
0.000224803
-0.000190336
-0.000591108
-0.000853828
-0.00112278
-0.00139119
-0.00159869
-0.00178284
-0.00196792
-0.002075
-0.00206901
-0.00206832
-0.00206904
-0.00208454
-0.00209933
-0.00211415
-0.00157968
-0.000836057
-0.000102881
0.000233969
-4.94421e-06
-0.000216817
-0.000439777
-0.000752193
-0.00106016
-0.00136804
-0.00164207
-0.00190304
-0.00216437
-0.00235514
-0.00244358
-0.00253669
-0.00262675
-0.0026922
-0.00275873
-0.00282515
-0.00272328
-0.00255721
-0.00239426
-0.0020057
-0.00128962
-0.000589312
3.57975e-05
-1.33792e-05
-3.14376e-05
-5.09126e-05
-0.000364697
-0.000790759
-0.00121126
-0.00153355
-0.001713
-0.00189885
-0.0020769
-0.00218926
-0.00230453
-0.00241955
-0.00243401
-0.00241003
-0.00238782
-0.00216751
-0.00165953
-0.00116517
-0.000675924
-0.000234418
0.000208865
0.000651662
0.000755522
0.000729715
0.000709841
0.000610747
0.000396954
0.000188577
-2.01535e-05
-0.000231341
-0.000442225
-0.00065293
-0.00075831
-0.000823335
-0.000890131
-0.000880377
-0.000759537
-0.000643841
-0.00049467
-4.71743e-05
0.000386418
0.000820247
0.00100245
0.00108825
0.00117832
0.00112639
0.000868407
0.000619951
0.000366085
6.58797e-05
-0.000231968
-0.000529654
-0.000682844
-0.000780609
-0.000880778
-0.00102651
-0.00123867
-0.00144767
-0.00164013
-0.00168486
-0.00173617
-0.00178714
-0.00186109
-0.0019438
-0.00202604
-0.00177848
-0.00105151
-0.000346623
0.000309541
0.000525742
0.000761391
0.000995962
0.00105487
0.00104637
0.00104088
0.000915935
0.00061752
0.000327091
4.12515e-05
-0.00020238
-0.000447671
-0.000692671
-0.000859064
-0.000995214
-0.00113258
-0.00129827
-0.00150526
-0.00171024
-0.00190304
-0.0019874
-0.00207649
-0.00216529
-0.00204221
-0.00183785
-0.00163726
-0.00118142
-0.000354508
0.000455305
0.00118862
0.00123615
0.00131384
0.00139014
0.00138597
0.00135088
0.00131718
0.0011396
0.0007528
0.00037553
-6.34918e-06
-0.000428379
-0.000848277
-0.0012679
-0.00154681
-0.00177151
-0.00199838
-0.00214539
-0.00217647
-0.00221258
-0.00224139
-0.00220703
-0.00217546
-0.00214379
-0.00215497
-0.00218262
-0.00220952
-0.00223644
-0.00226333
-0.00229019
-0.00220202
-0.00108421
-1.21311e-05
0.001061
0.00141696
0.00149694
0.00158883
0.0015902
0.00146067
0.00133693
0.00118589
0.000791952
0.000408867
2.56433e-05
-0.000374891
-0.00078189
-0.00118826
-0.00150902
-0.00170533
-0.00190684
-0.00210795
-0.00223557
-0.00236626
-0.0024967
-0.00251193
-0.0024828
-0.0024556
-0.00243929
-0.00243894
-0.00243791
-0.00243691
-0.00246843
-0.00249853
-0.00252867
-0.00253695
-0.00253681
-0.00253702
-0.00251554
-0.00246251
-0.00241086
-0.00235921
-0.00207668
-0.00180426
-0.00153164
-0.000762022
0.000198743
0.00115053
0.00175409
0.00185047
0.00196839
0.00208529
0.00191688
0.00176075
0.00160424
0.00135949
0.00108083
0.000803857
0.000465492
3.77306e-05
-0.000385875
-0.000809297
-0.00103893
-0.00127657
-0.00151368
-0.0016599
-0.00177099
-0.00188348
-0.00198696
-0.00207746
-0.00216844
-0.00225932
-0.00234279
-0.0024265
-0.00251014
-0.00257313
-0.00262814
-0.00268343
-0.00275036
-0.00283427
-0.0029174
-0.00300049
-0.00303523
-0.00307196
-0.00310858
-0.00315853
-0.00321361
-0.00326842
-0.00329982
-0.00329712
-0.00329585
-0.00329452
-0.00334267
-0.00338871
-0.00343479
-0.00350921
-0.00359455
-0.00367935
-0.00370067
-0.00362949
-0.00356223
-0.00349487
-0.00323601
-0.00298534
-0.00273455
-0.00221197
-0.00158462
-0.000962144
-0.000244878
0.000610455
0.00145934
0.00230779
0.00244394
0.00260954
0.00277378
0.00276469
0.00268857
0.0026153
0.00258377
0.00261322
0.00264012
0.00266711
0.00257219
0.00248239
0.00239245
0.00240506
0.00245733
0.00250791
0.0025414
0.00254988
0.00255939
0.00256884
0.00223305
0.00191175
0.00159011
0.00109605
0.000535503
-2.18521e-05
-0.000459967
-0.00072432
-0.000995586
-0.00126635
-0.00140009
-0.00153934
-0.00167825
-0.00179882
-0.00191223
-0.00202584
-0.00210474
-0.00213312
-0.00216354
-0.00219385
-0.00228329
-0.00237023
-0.00245721
-0.0024974
-0.00251945
-0.00254222
-0.00258046
-0.00264133
-0.00270122
-0.0027611
-0.00277233
-0.00278553
-0.00279864
-0.00283586
-0.00288241
-0.00292855
-0.00295213
-0.00294282
-0.00293485
-0.00292683
-0.00297016
-0.00301137
-0.00305263
-0.00307498
-0.00308999
-0.00310528
-0.00311274
-0.0031088
-0.00310533
-0.00310185
-0.00312885
-0.0031546
-0.00318039
-0.00315145
-0.00310131
-0.00305206
-0.00308484
-0.00323726
-0.00338476
-0.00353233
-0.00349333
-0.00346185
-0.00343009
-0.00339752
-0.00336465
-0.00333181
-0.00323856
-0.00305717
-0.00287946
-0.00270175
-0.00225548
-0.0018203
-0.00138503
-0.000532997
0.000480403
0.00148655
0.00218024
0.00241811
0.00267397
0.0029289
0.00304922
0.00317481
0.00330009
0.0033915
0.00346972
0.00354839
0.00356286
0.00348372
0.00340836
0.0033329
0.00335503
0.00337326
0.00339163
0.003267
0.00308688
0.00290911
0.00278572
0.00274176
0.0026947
0.00264779
0.00245569
0.00226947
0.00208317
0.00187859
0.001667
0.00145585
0.00135834
0.00142659
0.00148826
0.00155014
0.00107089
0.000613315
0.000155248
0.000314232
0.000713009
0.00110205
0.00113739
0.000656138
0.000195549
-0.000265489
-0.000551636
-0.000844416
-0.00113671
-0.00129663
-0.00140499
-0.00151529
-0.00162315
-0.00172761
-0.00183212
-0.00193655
-0.00185711
-0.00178491
-0.00171249
-0.00167077
-0.001641
-0.0016108
-0.00141358
-0.000972546
-0.000541354
-0.000110115
8.90022e-05
0.000296996
0.000504483
0.000748942
0.00100767
0.00126565
0.00117992
0.000592498
2.50012e-05
-0.000542828
-0.000797898
-0.00106489
-0.00133122
-0.00153986
-0.00172593
-0.00191273
-0.00206339
-0.00216141
-0.00226138
-0.0023612
-0.00239271
-0.00242684
-0.00246084
-0.0024981
-0.0025366
-0.00257502
-0.00260297
-0.00261562
-0.00262885
-0.00264204
-0.00264168
-0.00264185
-0.00264199
-0.00260137
-0.00254489
-0.00248906
-0.00239869
-0.0022579
-0.00211916
-0.00198044
-0.00108137
-0.000212116
0.000657613
0.00104265
0.00123858
0.00144159
0.00158951
0.00165746
0.0017284
0.00179918
0.00177612
0.00175666
0.00173708
0.00170942
0.00167863
0.00164799
0.00165089
0.00170279
0.00175279
0.00180282
0.00166076
0.00152611
0.00139129
0.00124771
0.00110077
0.000954067
0.000649863
0.000115544
-0.000409643
-0.000934779
-0.00105347
-0.00118746
-0.00132077
-0.00144117
-0.00155645
-0.00167184
-0.00178039
-0.00187899
-0.00197789
-0.00207671
-0.0020905
-0.00210748
-0.00212434
-0.00218118
-0.0022536
-0.00232538
-0.00219773
-0.00177869
-0.00137093
-0.000963061
-0.000382007
0.0001921
0.000766037
0.00102479
0.00116035
0.00130042
0.00133963
0.00123175
0.00112946
0.00102704
0.000979401
0.000929746
0.000880204
0.000529025
6.01546e-05
-0.000403964
-0.000695123
-0.000733443
-0.000781178
-0.000828526
-0.000863777
-0.000899453
-0.000935086
-0.000942222
-0.000938216
-0.000934629
-0.000583166
0.000276683
0.00111697
0.00195736
0.00191186
0.00189932
0.00188557
0.00146607
0.000888093
0.00031643
-0.000155962
-0.00048312
-0.00081542
-0.00114728
-0.00123561
-0.00133289
-0.00142977
-0.00150853
-0.00158017
-0.00165202
-0.00173511
-0.00183465
-0.00193352
-0.00203233
-0.0019295
-0.00183418
-0.00173865
-0.000941612
0.000129559
0.00118984
0.00176232
0.00162147
0.00150698
0.00139161
0.00135745
0.00132033
0.00128334
0.00102973
0.000691459
0.000356541
-2.38229e-05
-0.000470566
-0.000914548
-0.0013583
-0.0014215
-0.00149858
-0.0015751
-0.00166556
-0.00176143
-0.00185703
-0.00195657
-0.00206186
-0.00216687
-0.00227181
-0.0010922
3.96619e-05
0.00117244
0.00159111
0.00172993
0.00187885
0.00190289
0.00174495
0.00159374
0.0014424
0.00141321
0.0013796
0.00134617
0.00143994
0.00158351
0.00172516
0.00181808
0.00183966
0.00186381
0.00188786
0.00159744
0.00131863
0.00103959
0.000640964
0.000195624
-0.000247704
-0.000582414
-0.000758313
-0.000939823
-0.001121
-0.00118847
-0.00125999
-0.00133132
-0.00141638
-0.00150678
-0.00159692
-0.0016681
-0.00171156
-0.00175598
-0.00180033
-0.000765448
0.000229866
0.00122589
0.00142514
0.00131185
0.00120987
0.00106275
0.000850172
0.000640099
0.000430086
0.000137582
-0.000151755
-0.000440998
-0.000549218
-0.000586375
-0.000626049
-0.000694585
-0.000805493
-0.000914807
-0.0010241
-0.00117032
-0.00131511
-0.00145985
-0.00125852
-0.000921469
-0.000589495
-0.000134536
0.000500215
0.00112811
0.0017558
0.00165947
0.00158898
0.00151761
0.00101409
0.000341116
-0.000325362
-0.000802515
-0.00100253
-0.00121224
-0.00142146
-0.00149308
-0.00156953
-0.00164576
-0.00173772
-0.00183582
-0.00193364
-0.00197689
-0.00194032
-0.00190659
-0.00187279
-0.00110209
-0.000357974
0.000386557
0.000902096
0.00132748
0.00175575
0.00196219
0.00184429
0.0017379
0.00163118
0.00147213
0.00131502
0.00115796
0.000659914
2.80779e-05
-0.00059861
-0.00102264
-0.00114999
-0.00128768
-0.00142491
-0.00148022
-0.00153837
-0.00159637
-0.00168632
-0.00178879
-0.00189075
-0.00196174
-0.00198741
-0.00201464
-0.00204179
-0.000931456
0.000138332
0.00120879
0.00142169
0.00129733
0.00118483
0.00121011
0.00143765
0.00165798
0.00187841
0.00189859
0.00192574
0.00195262
0.00179632
0.00156804
0.00134242
0.00132461
0.00161112
0.00188684
0.00216275
0.00135774
0.000590819
-0.000176893
-0.000512736
-0.000678544
-0.000850133
-0.00101687
-0.00117685
-0.00133696
-0.00149696
-0.00157272
-0.00165134
-0.00172981
-0.00179282
-0.00184973
-0.00190681
-0.00156367
-0.000634531
0.000273736
0.0011821
0.0010845
0.00102166
0.000957668
0.000750492
0.000487013
0.000225653
-2.35109e-05
-0.000254798
-0.00048654
-0.000718107
-0.000893239
-0.00107019
-0.00124696
-0.00136388
-0.00145718
-0.00155123
-0.00162911
-0.00168337
-0.0017384
-0.00179338
-0.00188431
-0.00197395
-0.00206357
-0.00141412
-0.000473791
0.000455949
0.000997635
0.00097074
0.000963288
0.000955178
0.000792699
0.000635599
0.000478423
0.00055576
0.000725474
0.000891924
0.000894403
0.000656596
0.000427133
0.000197541
-0.000228793
-0.000648145
-0.00106745
-0.00124565
-0.00132876
-0.00141503
-0.00149849
-0.00157801
-0.00165762
-0.00173716
-0.00179758
-0.00185861
-0.00191958
-0.00128566
-0.000377996
0.000519782
0.00101859
0.000932717
0.000866675
0.000800007
0.000532653
0.000272258
1.1805e-05
-0.000318652
-0.000676592
-0.00103336
-0.00127727
-0.00135588
-0.00144001
-0.00152389
-0.00163282
-0.00174084
-0.00184881
-0.00189034
-0.00190563
-0.0019218
-0.00194089
-0.0019643
-0.00198755
-0.0020108
-0.000916846
0.000138881
0.00119518
0.00120224
0.00079526
0.000402425
0.000284923
0.000571454
0.000844267
0.00111736
0.000958815
0.000814816
0.000670426
0.000342525
-5.7694e-05
-0.00045523
-0.000779801
-0.000997444
-0.00121851
-0.00143931
-0.00151231
-0.00159018
-0.00166783
-0.00169952
-0.00171303
-0.00172714
-0.00174888
-0.00178182
-0.00181436
-0.0018469
-0.000741445
0.000325468
0.00139295
0.00161813
0.00151055
0.00141408
0.00116435
0.000690496
0.000224389
-0.000241666
5.89143e-05
0.000333911
0.000609572
0.000609173
0.000499721
0.000393948
0.000275018
0.00013695
-3.94336e-07
-0.000137672
-0.000502253
-0.000859092
-0.00121595
-0.00139627
-0.00150676
-0.00161948
-0.00171052
-0.00176993
-0.00183034
-0.00189068
-0.00122298
-0.000579667
6.40226e-05
0.000372569
0.000548526
0.000728724
0.000705181
0.000383216
7.12573e-05
-0.000240826
-0.000580352
-0.000918757
-0.00125698
-0.00144416
-0.00157155
-0.00170082
-0.00181219
-0.00189746
-0.00198352
-0.00206951
-0.00214428
-0.00221937
-0.0022944
-0.00222945
-0.00210915
-0.00199074
-0.00167457
-0.00106847
-0.00047222
0.000123961
0.000275313
0.000441056
0.000606223
0.000615939
0.000564145
0.000514385
0.000244822
-0.000346968
-0.000927902
-0.00150881
-0.00156622
-0.00164059
-0.00171436
-0.00177296
-0.00182553
-0.00187826
-0.00192725
-0.00197078
-0.00201447
-0.00205812
-0.00210411
-0.00214999
-0.00219585
-0.00151654
-0.000550446
0.000405755
0.000862734
0.000587397
0.000335884
8.37641e-05
5.82334e-06
-7.76858e-05
-0.000160962
-0.000450705
-0.000822085
-0.0011906
-0.00144536
-0.00153328
-0.00162652
-0.00171952
-0.0017998
-0.00188043
-0.001961
-0.00202449
-0.00208118
-0.00213805
-0.00219456
-0.00225056
-0.00230655
-0.00236249
-0.00237743
-0.00239367
-0.00240986
-0.00176495
-0.000858379
3.9233e-05
0.000488204
0.000278924
9.08285e-05
-9.78239e-05
-0.000367774
-0.000634954
-0.000902052
-0.0011385
-0.00136273
-0.0015872
-0.00174386
-0.00180115
-0.00186157
-0.00192185
-0.00206798
-0.00221129
-0.00235459
-0.00237696
-0.00235139
-0.00232736
-0.00231817
-0.00233081
-0.00234276
-0.00235471
-0.00139994
-0.000476462
0.000447422
0.000668796
0.000611586
0.000563246
0.000470495
0.000312993
0.000157641
2.31966e-06
0.000133858
0.000256235
0.000378825
0.000161212
-0.000191227
-0.000539181
-0.000871311
-0.00118012
-0.00148946
-0.0017986
-0.00189729
-0.00200255
-0.00210754
-0.00215095
-0.00216992
-0.00218964
-0.00221612
-0.00225256
-0.00228866
-0.00232475
-0.00232383
-0.00232408
-0.0023243
-0.00170122
-0.000831063
3.07833e-05
0.000519534
0.000460642
0.000418971
0.000376786
0.000147083
-7.65975e-05
-0.000300326
-0.000627582
-0.000995805
-0.00136252
-0.00161965
-0.00171601
-0.00181733
-0.00191844
-0.00196299
-0.00200928
-0.00205549
-0.0021487
-0.00226054
-0.00237173
-0.00244224
-0.00245304
-0.0024657
-0.00247829
-0.00176133
-0.00106755
-0.000373481
-0.000181757
-0.000189554
-0.000191138
-0.000317675
-0.000627331
-0.000931102
-0.00123487
-0.00146416
-0.00169562
-0.00192687
-0.00202894
-0.00207968
-0.00213198
-0.00219559
-0.0022759
-0.00235565
-0.00243536
-0.00245372
-0.00247397
-0.00249415
-0.00231939
-0.00206726
-0.00181768
-0.00147591
-0.000998845
-0.000526258
-5.38248e-05
-0.000517466
-0.00095193
-0.00138703
-0.00167004
-0.00189253
-0.00211675
-0.00227099
-0.00232262
-0.00237738
-0.00243201
-0.00247901
-0.00252622
-0.00257339
-0.00258271
-0.00257697
-0.0025717
-0.00234093
-0.00177912
-0.00122782
-0.000676528
-0.000849447
-0.00100005
-0.00115124
-0.00142132
-0.00173857
-0.00205419
-0.00228043
-0.00237547
-0.00247446
-0.00257328
-0.00261952
-0.00266735
-0.0027151
-0.00272263
-0.00271416
-0.00270618
-0.00248275
-0.00194295
-0.00141314
-0.000883342
-0.00123747
-0.00156443
-0.00189203
-0.00215154
-0.00238389
-0.00261692
-0.00275349
-0.0027485
-0.00274781
-0.002747
-0.00280147
-0.00285422
-0.002907
-0.00292302
-0.0029244
-0.00292623
-0.00279127
-0.00245542
-0.00212588
-0.00179634
-0.0019996
