0
0.013733
0.0127635
0.0130682
0.0132665
0.0133354
0.0132081
0.0130972
0.0129927
0.0129555
0.0129128
0.0128706
0.0126895
0.0124855
0.0122836
0.0122281
0.0123796
0.0125138
0.0126112
0.0123692
0.0121553
0.0119395
0.0119008
0.0118919
0.0118805
0.0119098
0.0119966
0.0120785
0.0121195
0.0117932
0.0114973
0.0111993
0.0111825
0.011213
0.0112395
0.0112796
0.0113383
0.0113955
0.0114529
0.0115124
0.0115716
0.0116308
0.0114229
0.0111701
0.0109214
0.0108624
0.0110724
0.0112605
0.0114239
0.0113531
0.0113012
0.0112479
0.0110587
0.0108467
0.0106368
0.0104496
0.0102945
0.0101372
0.0100175
0.0102309
0.0104175
0.0106059
0.0105521
0.0104572
0.0103657
0.0102183
0.00999212
0.00977248
0.00957537
0.00958097
0.0095706
0.0095615
0.00963007
0.00971184
0.00979246
0.00984376
0.0098534
0.00986628
0.009854
0.0096198
0.00940331
0.00918577
0.00932088
0.00951628
0.00970668
0.0097394
0.00954784
0.009374
0.00922141
0.00926841
0.00929987
0.00933248
0.00935485
0.00937546
0.00939617
0.0093732
0.00928824
0.0092082
0.00911295
0.00888465
0.00866694
0.00844875
0.00850918
0.00861765
0.00872226
0.00874301
0.00864423
0.00855476
0.00845312
0.00824839
0.00805185
0.00785498
0.00796457
0.00812712
0.00828539
0.00831776
0.00817082
0.00803772
0.00794769
0.00824945
0.00852107
0.00879457
0.00871159
0.00856678
0.00842685
0.0084259
0.00862301
0.0088049
0.00893175
0.00855978
0.00822588
0.00788962
0.00793512
0.0080471
0.00815394
0.0082089
0.00818957
0.00817583
0.0081601
0.00813028
0.00810157
0.00807281
0.00810605
0.0081501
0.00819328
0.00823349
0.00826941
0.0083056
0.00831091
0.00804154
0.00779291
0.00754311
0.00746527
0.00741769
0.00736793
0.00727132
0.00710771
0.00694928
0.00683377
0.00710259
0.00734275
0.00758467
0.00740698
0.00715564
0.00691006
0.00679272
0.00685845
0.00691069
0.00694347
0.00679434
0.0066587
0.00652228
0.00664497
0.00681328
0.00697802
0.00697573
0.00673518
0.00651229
0.00632165
0.00642758
0.00651186
0.00659759
0.00650035
0.00637083
0.00624383
0.0060986
0.00592758
0.00575867
0.00562915
0.0058504
0.0060461
0.00624336
0.00623231
0.00618429
0.00613899
0.00601135
0.00576656
0.0055305
0.00533837
0.00554107
0.00571527
0.00589126
0.00585256
0.00577568
0.00570163
0.00561708
0.0055178
0.00541971
0.0053503
0.00553638
0.00570409
0.00587285
0.00586533
0.00582632
0.0057896
0.00575834
0.00573508
0.00571129
0.00566513
0.0054188
0.00518692
0.00495435
0.00497778
0.00504704
0.00511299
0.00519869
0.00531228
0.00542377
0.00549683
0.00522704
0.0049816
0.00473481
0.00473447
0.0047784
0.00481918
0.00499499
0.00536333
0.00571777
0.00599807
0.00561222
0.00527317
0.00493133
0.00456441
0.00419329
0.00382298
0.00371679
0.00398771
0.0042322
0.00445745
0.00449739
0.00455005
0.00460176
0.00473635
0.00488577
0.00503396
0.00508069
0.00498241
0.00489422
0.00480401
0.00470098
0.00459896
0.00449702
0.00443954
0.00439017
0.00434032
0.00432636
0.00436364
0.00439737
0.00440323
0.00415848
0.00393111
0.00370287
0.00395541
0.00429499
0.00462821
0.00478085
0.00467489
0.00458657
0.00447606
0.00417727
0.00389161
0.00360544
0.00374597
0.00396402
0.00417656
0.00434136
0.00443747
0.00453807
0.004581
0.00411307
0.00368005
0.00324527
0.00334088
0.00353318
0.00371875
0.00390371
0.00408724
0.00427063
0.00442202
0.0042897
0.00417647
0.00406212
0.00402129
0.00399393
0.00396572
0.00405485
0.00431185
0.00455736
0.0047597
0.00457245
0.00441124
0.00424852
0.00391272
0.00354549
0.00318081
0.00316701
0.00365555
0.00411034
0.0044871
0.00415213
0.00386442
0.00357398
0.00346291
0.00338489
0.0033048
0.00332013
0.00347184
0.00361442
0.00372845
0.00358379
0.00345622
0.0033277
0.00336999
0.0034437
0.00351526
0.00359018
0.00366977
0.00374896
0.00377822
0.00336234
0.0029759
0.00258806
0.00249887
0.00246491
0.00242742
0.00251134
0.0027689
0.0030149
0.00320809
0.00292553
0.00267404
0.00242086
0.00226386
0.00212479
0.00198475
0.00212066
0.00265196
0.00315719
0.00359265
0.00339525
0.00323867
0.00307968
0.00278337
0.00246183
0.00214232
0.00189256
0.00174282
0.00158689
0.00150519
0.00208112
0.00261443
0.00314977
0.00322933
0.00322409
0.00322424
0.003064
0.0026742
0.00229946
0.00195881
0.00192732
0.00187631
0.0018266
0.00235071
0.00298127
0.00360431
0.00383055
0.00348715
0.00318007
0.00285812
0.0024208
0.00199128
0.00156181
0.00153377
0.00158073
0.00162292
0.00184527
0.00232573
0.00278944
0.00319957
0.00312643
0.0030836
0.00303892
0.00275167
0.00241926
0.00209008
0.00186262
0.00178128
0.00169095
0.00164973
0.00204111
0.00240515
0.00277043
0.00287058
0.00292094
0.00297433
0.00283152
0.00240731
0.00200103
0.00162767
0.00155427
0.00146244
0.00137186
0.00182465
0.00237915
0.00292671
0.00309022
0.0027018
0.00234779
0.00200382
0.00176514
0.00152029
0.00127611
0.00127472
0.00131905
0.00136053
0.00156874
0.00201627
0.00244863
0.00280406
0.0024682
0.00217491
0.00187938
0.00160601
0.00133704
0.00106813
0.000915471
0.000929712
0.000933803
0.0010036
0.0016548
0.00226998
0.00288659
0.00276912
0.00251299
0.00226556
0.00204989
0.00188052
0.00170855
0.00154157
0.00141597
0.00128802
0.00116037
0.00139376
0.00175972
0.00211728
0.00232276
0.00230903
0.00230847
0.00226606
0.00185691
0.00147021
0.00108263
0.000916292
0.000792077
0.000665494
0.000626595
0.000713521
0.00079284
0.000918892
0.00145913
0.00197408
0.00248991
0.00242522
0.00214674
0.00188129
0.00159595
0.00128302
0.00097209
0.000683112
0.00058837
0.000482246
0.00037692
0.000659204
0.00108425
0.00150036
0.00182569
0.00201984
0.00222149
0.00236054
0.00194609
0.00156469
0.00118179
0.000955488
0.000759242
0.000561462
0.000406973
0.000314543
0.000218586
0.000162679
0.000461866
0.000739937
0.00101892
0.00122077
0.00139402
0.00156874
0.00149155
0.00105194
0.000633942
0.000241301
8.26381e-05
-8.94439e-05
-0.000260546
-0.000310932
-0.000316621
-0.000324896
-0.000365335
-0.00045232
-0.000536509
-0.000533524
0.000249112
0.000985775
0.00172424
0.00178269
0.00158944
0.00141093
0.00119405
0.00092307
0.00065552
0.000405157
0.000307695
0.000201557
9.604e-05
1.0163e-05
-6.83665e-05
-0.000147227
-6.69096e-05
0.000242667
0.000538765
0.000839926
0.0011821
0.00152153
0.00186074
0.00174347
0.00145703
0.00118056
0.000912809
0.00065833
0.000403385
0.000162765
4.76021e-05
-7.45581e-05
-0.000196182
-0.000266251
-0.000317128
-0.000369036
-0.000168787
0.0003948
0.000937187
0.0014299
0.00147273
0.00154093
0.00160762
0.00136579
0.00100949
0.000660037
0.000350201
9.7862e-05
-0.000157429
-0.000395594
-0.000484487
-0.000581666
-0.000678271
-0.000744831
-0.000800165
-0.000856066
-0.000555366
0.000259491
0.00104466
0.00174214
0.00164793
0.00159805
0.00154575
0.00128771
0.000953231
0.000623383
0.000330109
8.97922e-05
-0.000153204
-0.000374743
-0.000407998
-0.000451675
-0.000494725
-0.000413955
-0.00028711
-0.000162961
0.000148559
0.000730241
0.00129633
0.00176426
0.00135209
0.000989002
0.000623602
0.000327836
5.81541e-05
-0.000212668
-0.000412339
-0.00050958
-0.000612352
-0.000696592
-0.000618816
-0.000550028
-0.000480822
3.68871e-05
0.000721578
0.00139636
0.00179067
0.00177971
0.00179095
0.001757
0.00133015
0.00092523
0.000519557
0.000259306
5.34883e-05
-0.000155073
-0.000354671
-0.000541665
-0.000729142
-0.000896925
-0.000890512
-0.000893574
-0.000896117
-0.000381694
0.000325569
0.00102161
0.00141397
0.00136733
0.00134451
0.00129152
0.000980325
0.000683421
0.000386066
0.0002107
8.10455e-05
-5.09347e-05
-0.000144095
-0.000181448
-0.000221766
-0.000267614
-0.000364678
-0.000458884
-0.000553142
-0.000170938
0.000389324
0.000939433
0.00121977
0.00110991
0.00102106
0.00091461
0.000660161
0.0004139
0.000167464
-2.07438e-05
-0.000187034
-0.000354316
-0.000529125
-0.000714976
-0.000900041
-0.00100764
-0.000423782
0.000122671
0.000670532
0.000948192
0.00112445
0.0013059
0.00131198
0.00106513
0.000831948
0.000592
0.000296103
3.47868e-06
-0.000289009
-0.000473366
-0.000617054
-0.000762737
-0.000834602
-0.000800004
-0.000771055
-0.000705357
-0.000313501
6.0777e-05
0.000435586
0.000693428
0.000907225
0.00112311
0.0011096
0.000764722
0.000437584
0.00012675
-3.26728e-05
-0.000199856
-0.000366457
-0.000531088
-0.000694867
-0.000858519
-0.000985295
-0.00105882
-0.00113506
-0.00116912
-0.000828016
-0.000506808
-0.0001849
0.000216651
0.000647918
0.00107719
0.00122466
0.000964627
0.000726013
0.000487275
0.000255444
2.34956e-05
-0.000208207
-0.000405323
-0.000589306
-0.000773779
-0.000926715
-0.00103416
-0.00114385
-0.00123263
-0.00113641
-0.00104982
-0.00096282
-0.000397771
0.000346914
0.00108159
0.00147327
0.0013683
0.00128894
0.00117508
0.000763816
0.000368225
-2.77637e-05
-0.000261538
-0.000434076
-0.000609571
-0.000783496
-0.000955464
-0.00112736
-0.00128442
-0.00131028
-0.00134281
-0.00137496
-0.000843472
-9.98067e-05
0.000632298
0.00109221
0.00115766
0.0012431
0.00129549
0.00106213
0.000843521
0.000624382
0.000418906
0.000218691
1.84133e-05
-0.000184114
-0.000390002
-0.000595512
-0.000783248
-0.000813493
-0.000851661
-0.000889391
-0.000481666
9.39908e-05
0.000660603
0.00100299
0.00102034
0.00105403
0.0010659
0.000890282
0.000724258
0.00055792
0.000401911
0.000249888
9.78167e-05
-5.83524e-05
-0.000220536
-0.000382256
-0.000535978
-0.000619242
-0.000705945
-0.000792391
-0.000391184
0.000194134
0.000769681
0.00105979
0.000936038
0.000833027
0.000709046
0.00040596
0.000112087
-0.000181952
-0.000330417
-0.000423738
-0.000519703
-0.000611231
-0.000696575
-0.000782142
-0.000855833
-0.000824081
-0.000797581
-0.000770846
-0.000367998
0.000176988
0.000714413
0.000990102
0.000886264
0.000801251
0.000697819
0.000437302
0.000184779
-6.78883e-05
-0.000293558
-0.000508878
-0.000724495
-0.000880322
-0.000949631
-0.00102312
-0.00106753
-0.000854227
-0.000653768
-0.000452876
-2.33631e-05
0.000492565
0.00100376
0.00121596
0.000994676
0.000794788
0.000583037
0.000272988
-3.19637e-05
-0.000336866
-0.000526274
-0.000671776
-0.000819273
-0.000914624
-0.000934598
-0.000958216
-0.000971557
-0.000894729
-0.000822353
-0.000749832
-0.000367169
0.000132975
0.000626943
0.000881829
0.000789861
0.000714762
0.000625073
0.000411609
0.000204331
-3.04537e-06
-0.000187182
-0.000362396
-0.00053787
-0.000676362
-0.000761325
-0.000848783
-0.000882974
-0.000442345
-2.4968e-05
0.000393125
0.000511365
0.000515627
0.000525353
0.000415631
0.00013306
-0.000140958
-0.000402446
-0.000550241
-0.000703334
-0.000856027
-0.000943043
-0.00100504
-0.00106816
-0.00109183
-0.00105838
-0.00102768
-0.000949162
-0.000443805
4.07454e-05
0.000525825
0.000545886
0.000389051
0.000240772
5.30715e-05
-0.000191286
-0.000432722
-0.000664394
-0.000809288
-0.000958156
-0.0011067
-0.00123431
-0.00135389
-0.00147374
-0.00157684
-0.00165572
-0.00173566
-0.00173927
-0.00106094
-0.000415407
0.00023106
0.000503365
0.000633039
0.000769305
0.00070663
0.000355758
1.87654e-05
-0.000309784
-0.000559451
-0.000812587
-0.00106532
-0.00122496
-0.00134902
-0.00147464
-0.00157395
-0.00163524
-0.00169825
-0.00175997
-0.00181126
-0.00186299
-0.00191466
-0.00163965
-0.00124023
-0.000846988
-0.000521633
-0.000295087
-6.41494e-05
0.000121706
-9.22934e-05
-0.000287495
-0.00048339
-0.000683419
-0.000884932
-0.00108619
-0.00127096
-0.00143187
-0.00159374
-0.00174387
-0.0017906
-0.00184207
-0.00189328
-0.00191126
-0.00191655
-0.00192242
-0.00170712
-0.00117064
-0.00064949
-0.00017611
-0.000132766
-6.96436e-05
-7.49075e-06
-0.00010316
-0.000259081
-0.000412086
-0.000566199
-0.000721791
-0.000877172
-0.00103127
-0.0011749
-0.00131888
-0.00146271
-0.00154448
-0.00160249
-0.00166154
-0.00163006
-0.00146718
-0.00131046
-0.00112316
-0.000663625
-0.00021694
0.000229923
0.000307902
0.000244788
0.000188163
5.06692e-05
-0.000203898
-0.000452904
-0.000688324
-0.000801693
-0.000920507
-0.00103897
-0.00111662
-0.00117861
-0.00124126
-0.00131812
-0.00141569
-0.00151223
-0.00159618
-0.00156769
-0.00154431
-0.00152073
-0.00113897
-0.000620305
-0.000108289
0.000200541
0.000213863
0.000240503
0.00025079
0.000120319
-3.69364e-06
-0.000127886
-0.000258528
-0.000391577
-0.000524398
-0.000655476
-0.000784064
-0.000912648
-0.00104297
-0.00118971
-0.00133559
-0.00148138
-0.00159607
-0.00169879
-0.00180194
-0.00185997
-0.00185248
-0.00184792
-0.00179712
-0.00133357
-0.00088886
-0.000443704
-6.66966e-05
0.000283998
0.000635553
0.000847457
0.000856534
0.000874629
0.000880345
0.000779001
0.000682506
0.00058588
0.000310132
-3.41938e-05
-0.000375171
-0.000650417
-0.000830008
-0.00101368
-0.00119097
-0.0013141
-0.00143951
-0.00156471
-0.00165039
-0.00172087
-0.00179195
-0.00158894
-0.000987394
-0.000403957
0.000140623
0.000334329
0.000543322
0.000751457
0.00084829
0.000902316
0.000958177
0.000878044
0.000600251
0.000331381
5.65975e-05
-0.000269496
-0.000593052
-0.000916437
-0.00109705
-0.00122272
-0.00135069
-0.00146252
-0.00155111
-0.00164063
-0.00172243
-0.0017361
-0.00175272
-0.0017692
-0.0018129
-0.00186703
-0.00192066
-0.00197215
-0.00202052
-0.00206898
-0.00208385
-0.00179828
-0.00152603
-0.00125343
-0.000776038
-0.000220107
0.000331933
0.000740101
0.000938905
0.00114661
0.0013182
0.00117136
0.00103842
0.000905002
0.00066235
0.000377778
9.52633e-05
-0.00022327
-0.000594212
-0.000962571
-0.00133072
-0.00147762
-0.00163392
-0.00178968
-0.00185763
-0.00189174
-0.00192727
-0.00196834
-0.00201757
-0.00206641
-0.00211522
-0.002094
-0.0020758
-0.00205749
-0.00205012
-0.00204696
-0.00204362
-0.00204839
-0.00206493
-0.00208096
-0.002097
-0.00210837
-0.00211993
-0.00213148
-0.00197183
-0.0017463
-0.00152376
-0.00113595
-0.000507591
0.000109979
0.000727482
0.0010221
0.00133022
0.00163749
0.00172899
0.00173725
0.00174903
0.00172603
0.00165262
0.00158141
0.00151017
0.00136226
0.00121772
0.00107315
0.000819154
0.000523063
0.000229004
-3.44276e-05
-0.000253253
-0.000473777
-0.000694044
-0.000759923
-0.00083226
-0.000904265
-0.000997685
-0.00109932
-0.00120052
-0.00126722
-0.00128368
-0.00130225
-0.00132071
-0.00137543
-0.00142857
-0.00148174
-0.00154465
-0.00161131
-0.00167774
-0.00173641
-0.00178376
-0.00183155
-0.00187928
-0.00195767
-0.00203472
-0.00211176
-0.00217809
-0.00224026
-0.00230255
-0.00234534
-0.00235976
-0.00237535
-0.00239088
-0.00238166
-0.00237348
-0.00236526
-0.00229523
-0.00220135
-0.00210854
-0.0019484
-0.0016902
-0.00143629
-0.00118241
-0.000515704
0.000133321
0.00078254
0.00106712
0.00121061
0.00135982
0.00144303
0.00143046
0.00142187
0.00141313
0.00147053
0.00152515
0.00157984
0.00158544
0.00157205
0.00155945
0.00161344
0.00176452
0.00191147
0.00205848
0.00187068
0.00169682
0.00152253
0.00130042
0.00105992
0.000820366
0.000543315
0.000211569
-0.00011766
-0.000446722
-0.00062811
-0.000815401
-0.0010023
-0.00112999
-0.00123469
-0.00134026
-0.00141408
-0.00144175
-0.00147128
-0.00150071
-0.00157562
-0.0016486
-0.0017216
-0.0017634
-0.0017931
-0.00182326
-0.00186882
-0.00193686
-0.00200393
-0.00207098
-0.00202059
-0.001975
-0.00192926
-0.00197489
-0.0020559
-0.00213541
-0.00218291
-0.00218367
-0.00218633
-0.00218891
-0.00224684
-0.00230247
-0.00235815
-0.00234256
-0.00229936
-0.00225731
-0.00221242
-0.00216345
-0.00211468
-0.00206594
-0.00211842
-0.00216677
-0.00221524
-0.00222436
-0.00221822
-0.00221269
-0.00221146
-0.00221654
-0.00222136
-0.00222618
-0.00227988
-0.00233157
-0.0023833
-0.00242137
-0.00245412
-0.00248706
-0.00250305
-0.00249434
-0.00248662
-0.00247887
-0.00167423
-0.000902108
-0.000129304
0.000408011
0.0008537
0.00130269
0.00160339
0.00168817
0.00178149
0.00187439
0.00199434
0.00211312
0.00223185
0.00226098
0.0022553
0.00225101
0.00218778
0.00203862
0.001893
0.00174735
0.00183665
0.00191655
0.00199676
0.0018784
0.00168297
0.00149075
0.00132699
0.00120486
0.00108119
0.000957677
0.000885496
0.000811343
0.000737327
0.000487433
0.000169312
-0.000145866
-0.000321543
-0.000293613
-0.00027373
-0.000253546
-0.000440428
-0.00061901
-0.000797778
-0.000909641
-0.000995448
-0.00108221
-0.00119046
-0.00133014
-0.00146848
-0.00160676
-0.00165301
-0.00170284
-0.00175249
-0.00179046
-0.00182388
-0.00185746
-0.00189288
-0.00193103
-0.00196904
-0.00200703
-0.00197397
-0.00194371
-0.00191337
-0.00193439
-0.00197538
-0.00201555
-0.00201625
-0.00195927
-0.00190458
-0.00184985
-0.00126266
-0.00069664
-0.00013024
7.28233e-05
0.000134389
0.000201404
0.000193324
7.59612e-05
-3.70698e-05
-0.000150181
-0.000451235
-0.000744771
-0.00103837
-0.00121344
-0.00134228
-0.00147281
-0.00157563
-0.00163815
-0.00170218
-0.0017661
-0.00181327
-0.00186106
-0.00190879
-0.00192293
-0.00192398
-0.00192554
-0.00194926
-0.00200537
-0.0020602
-0.00211503
-0.00213543
-0.00215713
-0.00217877
-0.00213436
-0.00206423
-0.00199515
-0.00194678
-0.0019287
-0.00190948
-0.00189031
-0.0011551
-0.000447893
0.000259847
0.000485448
0.000523016
0.00056775
0.000620177
0.00068427
0.000747868
0.000811436
0.000696466
0.000588397
0.000480148
0.000565341
0.000725927
0.000883518
0.000987634
0.00101353
0.00104239
0.00107111
0.000992387
0.000917805
0.000843122
0.000579912
0.00024327
-9.03296e-05
-0.000380429
-0.000606938
-0.000835688
-0.00106418
-0.00114354
-0.00122848
-0.00131315
-0.00141382
-0.00152069
-0.00162725
-0.00171108
-0.00176173
-0.00181359
-0.00186538
-0.00190733
-0.00194962
-0.00199187
-0.0020069
-0.00201129
-0.00201607
-0.0019902
-0.00191955
-0.00185064
-0.00178172
-0.00114886
-0.00053768
7.38559e-05
0.000253027
0.000263273
0.000279852
0.000260664
0.000189577
0.000120489
5.13783e-05
0.000326437
0.0005884
0.000850657
0.000695926
0.000378358
6.71175e-05
-0.000114985
-0.000108137
-0.000108353
-0.000108304
-0.000120708
-0.000132638
-0.000144577
1.98661e-05
0.000253172
0.000483739
0.00065183
0.00072855
0.000808612
0.000888491
0.00051894
0.00016637
-0.000186569
-0.000425764
-0.000620394
-0.000816534
-0.000973846
-0.00107456
-0.0011773
-0.00127989
-0.00125091
-0.00122683
-0.00120259
-0.00124274
-0.00130806
-0.0013724
-0.00142724
-0.00146817
-0.00150957
-0.00155093
-0.00155219
-0.00155492
-0.0015576
-0.00111992
-0.000510149
9.28368e-05
0.000431748
0.000384458
0.000351416
0.000317875
0.000304503
0.0002904
0.000276334
4.9532e-05
-0.000260433
-0.000567118
-0.000822466
-0.00100269
-0.00118554
-0.00136815
-0.00144646
-0.00152853
-0.00161041
-0.00167282
-0.00172758
-0.00178258
-0.00182954
-0.00186478
-0.00190042
-0.00193602
-0.00129344
-0.000676073
-5.82379e-05
0.000129007
0.000147543
0.000172213
0.000146628
4.78959e-05
-4.81012e-05
-0.000144128
-3.89359e-06
0.000127648
0.000259409
0.000270824
0.000235087
0.000201089
0.00022597
0.00033704
0.000444903
0.000552805
0.000152195
-0.0002297
-0.000611996
-0.000769746
-0.000839433
-0.000912256
-0.00098147
-0.0010456
-0.00110987
-0.00117409
-0.00127203
-0.00136868
-0.00146531
-0.00150141
-0.00151378
-0.00152699
-0.00155568
-0.00160706
-0.00165758
-0.0017081
-0.00127822
-0.000865933
-0.000453306
-0.000213308
-4.11037e-05
0.000133412
0.000199986
0.000108846
2.34303e-05
-6.21294e-05
-0.000208979
-0.000353527
-0.000498053
-0.000637159
-0.00077408
-0.000910982
-0.00104527
-0.0011758
-0.00130636
-0.00143683
-0.00150311
-0.00157163
-0.00164003
-0.00163797
-0.00160827
-0.00157958
-0.0013738
-0.000908964
-0.00045369
1.60083e-06
-5.88381e-05
-0.000100881
-0.000143548
-0.000313646
-0.00053371
-0.000751842
-0.000950093
-0.00111923
-0.00128928
-0.00145917
-0.00155475
-0.00165289
-0.00175088
-0.0018067
-0.00184595
-0.00188575
-0.00191794
-0.00193902
-0.00196048
-0.0019819
-0.00161625
-0.00126454
-0.000912579
-0.000564622
-0.000218374
0.00012769
0.00031659
0.000275594
0.00024273
0.000209603
0.000197887
0.000185426
0.000173
-0.00019992
-0.000714345
-0.00122343
-0.00155453
-0.00162503
-0.00170463
-0.00178385
-0.00181767
-0.00185306
-0.00188837
-0.00193854
-0.00199452
-0.00205025
-0.00209662
-0.00212928
-0.00216239
-0.00219546
-0.00149293
-0.000816615
-0.000139854
1.38987e-05
-3.80476e-05
-8.27755e-05
-6.18856e-05
5.54236e-05
0.000169288
0.000283193
0.000143928
1.35804e-05
-0.000116987
-0.00022382
-0.00032128
-0.000418998
-0.000560462
-0.000766016
-0.000969201
-0.00117233
-0.00126275
-0.00135703
-0.0014511
-0.00151642
-0.00157038
-0.00162471
-0.00169626
-0.00179306
-0.00188893
-0.00198476
-0.00205837
-0.00213271
-0.00220696
-0.00223496
-0.00224474
-0.00225515
-0.00205732
-0.00155463
-0.0010628
-0.000570943
-0.000514542
-0.000443165
-0.000372352
-0.00034835
-0.000342794
-0.000336606
-0.000431763
-0.000675294
-0.000913553
-0.00115183
-0.00125783
-0.0013683
-0.00147854
-0.00158945
-0.00170057
-0.0018116
-0.00190264
-0.00196442
-0.00202717
-0.00208984
-0.00216484
-0.00223936
-0.00231385
-0.0019382
-0.00138538
-0.000839003
-0.000465934
-0.000346845
-0.000219161
-9.18572e-05
-0.000370337
-0.000634778
-0.000899518
-0.000785692
-0.000522746
-0.000265061
-0.000265442
-0.000644006
-0.00100943
-0.00137506
-0.00153022
-0.00169243
-0.00185428
-0.00191222
-0.00192916
-0.00194749
-0.00196353
-0.0019763
-0.00198916
-0.00200202
-0.00206256
-0.00212144
-0.00218034
-0.00190435
-0.00149642
-0.00109323
-0.000800564
-0.000669902
-0.000533848
-0.000398069
-0.000775295
-0.00113493
-0.00149492
-0.00164268
-0.00170669
-0.00177347
-0.00181946
-0.00183515
-0.00185184
-0.00186849
-0.00194181
-0.00201317
-0.00208455
-0.00213946
-0.00218786
-0.00223644
-0.00228439
-0.00233142
-0.00237846
-0.00242546
-0.00185953
-0.00131455
-0.000769224
-0.000638989
-0.000672601
-0.000700699
-0.000720734
-0.000728687
-0.000737039
-0.000745371
-0.000628254
-0.000515411
-0.0004025
-0.000603737
-0.0009289
-0.00124971
-0.00149269
-0.00162152
-0.00175407
-0.00188641
-0.00197332
-0.00206169
-0.00214994
-0.00216324
-0.00214695
-0.00213164
-0.00213881
-0.00217895
-0.00221797
-0.00225701
-0.00161949
-0.00100488
-0.000389911
-0.000312006
-0.00044624
-0.000573347
-0.000700618
-0.000827816
-0.000954933
-0.00108197
-0.00100915
-0.000942993
-0.000876661
-0.00094936
-0.00107695
-0.00120265
-0.0013089
-0.0013866
-0.0014652
-0.00154371
-0.00167567
-0.00180577
-0.00193585
-0.00201198
-0.00206675
-0.0021222
-0.00219512
-0.00229371
-0.0023914
-0.00248905
-0.0022457
-0.00201374
-0.00178155
-0.00158926
-0.00141282
-0.00123598
-0.00114795
-0.00119005
-0.00122786
-0.00126578
-0.00149768
-0.00172307
-0.00194852
-0.00210154
-0.00222587
-0.00235105
-0.00244032
-0.00247702
-0.00251542
-0.00255374
-0.00262694
-0.00269895
-0.00277095
-0.0027674
-0.00273396
-0.00270153
-0.00250249
-0.00205922
-0.0016242
-0.0011892
-0.00114275
-0.00108368
-0.00102506
-0.00120814
-0.00148677
-0.00176212
-0.00198047
-0.0021152
-0.00225256
-0.00238974
-0.00242388
-0.00246133
-0.00249866
-0.0025167
-0.00252709
-0.00253773
-0.00254668
-0.00255319
-0.00255977
-0.00256635
-0.002581
-0.00259539
-0.00260977
-0.0022379
-0.00171329
-0.00119395
-0.000904212
-0.000951279
-0.000987439
-0.00102393
-0.000953972
-0.000887495
-0.000820948
-0.00100267
-0.00128263
-0.00155924
-0.00176573
-0.00186931
-0.00197613
-0.00208277
-0.00210012
-0.00212032
-0.00214042
-0.00220618
-0.00228999
-0.00237317
-0.0024485
-0.00251232
-0.00257646
-0.00264055
-0.00268234
-0.00272482
-0.00276725
-0.00240878
-0.00189163
-0.0013799
-0.00110003
-0.00116038
-0.00120981
-0.00125956
-0.00127984
-0.00130105
-0.00132222
-0.00152556
-0.00180101
-0.00207398
-0.0022531
-0.0022945
-0.00234027
-0.00238587
-0.00243675
-0.00248743
-0.00253809
-0.00259816
-0.00266195
-0.00272558
-0.00276969
-0.00278517
-0.00280155
-0.00281789
-0.00226604
-0.00173257
-0.00119886
-0.00117359
-0.0013499
-0.00151971
-0.00162042
-0.00161951
-0.00162182
-0.00162403
-0.001846
-0.00206087
-0.00227582
-0.00240276
-0.00249475
-0.00258779
-0.00268183
-0.00277741
-0.00287289
-0.0029683
-0.00299496
-0.00302376
-0.00305248
-0.00307917
-0.00310506
-0.00313095
-0.00313131
-0.00309419
-0.00305828
-0.00302236
-0.00301205
-0.00300094
-0.00298987
-0.00267215
-0.00223289
-0.00179772
-0.00152569
-0.00149313
-0.00145308
-0.00141329
-0.00140364
-0.00139305
-0.0013825
-0.00162781
-0.00197456
-0.00231791
-0.0025421
-0.00259135
-0.00264604
-0.00270052
-0.00273492
-0.00276992
-0.00280488
-0.00282724
-0.00284458
-0.00286206
-0.0028705
-0.00286567
-0.00286126
-0.00285684
-0.00251991
-0.00219355
-0.00186707
-0.00168542
-0.00156134
-0.00143554
-0.00142118
-0.00157025
-0.00171416
-0.00185813
-0.00206207
-0.00226401
-0.0024659
-0.00254125
-0.00256633
-0.00259296
-0.00264873
-0.00274738
-0.00284464
-0.00294189
-0.00290981
-0.00288176
-0.0028536
-0.00281824
-0.00278003
-0.00274193
-0.00256866
-0.00219694
-0.00183158
-0.00146625
-0.00165764
-0.00183173
-0.00200625
-0.00219307
-0.00238473
-0.00257612
-0.00270743
-0.00275057
-0.00279641
-0.00284213
-0.00286876
-0.00289596
-0.00292313
-0.00296072
-0.00300244
-0.003044
-0.00305033
-0.00300494
-0.00296116
-0.00291736
-0.002637
-0.00236407
-0.00209108
-0.00222598
-0.00252299
-0.00281485
-0.00299396
-0.00300737
-0.00302584
-0.00304415
-0.00311126
-0.00317683
-0.00324241
-0.00325608
-0.00324912
-0.00324278
-0.00324368
-0.00325524
-0.00326646
-0.00327768
-0.00331977
-0.0033609
-0.00340203
-0.00340629
-0.0033959
-0.00338595
-0.00339831
-0.00344345
-0.00348755
-0.00353167
-0.00354676
-0.00356272
-0.00357865
-0.00359328
-0.00360739
-0.0036215
-0.00362186
-0.00360201
-0.00358278
-0.00356355
-0.00357683
