0
0.0128363
0.0113756
0.0108813
0.0103075
0.00996324
0.00993327
0.00987731
0.00987301
0.0103088
0.0107076
0.0111087
0.0112637
0.0113774
0.0114943
0.0114429
0.0111536
0.0108843
0.0106609
0.0108569
0.0110183
0.0111822
0.0106904
0.0100894
0.00949826
0.00920145
0.00932196
0.00940827
0.00951055
0.00973119
0.00994185
0.010153
0.00990745
0.00958538
0.00927003
0.00897219
0.00869973
0.00842565
0.0081923
0.00831702
0.00841267
0.00851051
0.00878914
0.00909802
0.00940397
0.00946744
0.00918722
0.00893502
0.00866349
0.00823673
0.00782307
0.00740902
0.00752285
0.00772606
0.00792182
0.0080162
0.00796611
0.0079276
0.00789328
0.00790418
0.00791147
0.00791904
0.00809963
0.00830946
0.00851664
0.00846587
0.0080491
0.00766188
0.00732025
0.0074011
0.00744856
0.00749857
0.007558
0.00761902
0.00767981
0.00782696
0.00809665
0.00835632
0.0085635
0.00829894
0.00807164
0.0078418
0.00756863
0.0072883
0.00700896
0.00676036
0.00655529
0.00634716
0.00616265
0.00618393
0.00618924
0.00619577
0.00603983
0.00585615
0.00567489
0.00557846
0.00560264
0.00561749
0.00564377
0.0057657
0.00588009
0.00599489
0.00613718
0.00628407
0.00643039
0.0063147
0.00582682
0.00536816
0.00498837
0.00532609
0.00560853
0.00589475
0.00562413
0.00525741
0.00489856
0.00480695
0.00509579
0.0053553
0.00558331
0.00551354
0.00546644
0.00541769
0.00551979
0.00564795
0.00577396
0.00575069
0.005515
0.00529568
0.00505492
0.00463145
0.00422235
0.00381279
0.00454116
0.00546718
0.006377
0.00639697
0.00514999
0.00399963
0.00307207
0.00418234
0.00513887
0.00610545
0.00595303
0.00560517
0.00527236
0.00518427
0.00544587
0.00568112
0.0059409
0.00640469
0.00685269
0.00730119
0.00667942
0.00587047
0.00507655
0.00463558
0.00469821
0.00472363
0.00476982
0.00497697
0.00517199
0.0053676
0.00464053
0.00375179
0.00287622
0.00245491
0.00268139
0.00286015
0.0031365
0.00425399
0.00530844
0.00636596
0.0053627
0.00399662
0.00265894
0.002195
0.00297809
0.00366948
0.00427329
0.00404401
0.00387544
0.00370271
0.00300362
0.00221197
0.00142814
0.00134099
0.00224709
0.00308028
0.0037815
0.00326797
0.00284257
0.00241144
0.00213583
0.00188805
0.00163862
0.00195993
0.00309466
0.00416955
0.00506683
0.00435359
0.00375641
0.00315179
0.00260568
0.00207044
0.00153519
0.00130954
0.00152509
0.00170899
0.00197773
0.00298527
0.00393899
0.00489518
0.00409431
0.00298037
0.00189014
0.00123965
0.00121837
0.00115272
0.00118709
0.00208502
0.00292087
0.00375992
0.00367295
0.00342019
0.00317942
0.00285594
0.00241549
0.00198385
0.00155815
0.00118606
0.000810739
0.000436171
0.000750092
0.00118741
0.00161552
0.00240569
0.00371221
0.00498097
0.00597137
0.00446853
0.00314092
0.00180299
0.00131217
0.000974319
0.00062634
0.000339642
0.000139192
-6.69424e-05
-9.57711e-05
0.00145176
0.00288844
0.00433078
0.00391304
0.00315977
0.00243062
0.00168722
0.000925428
0.000165946
-0.000519285
-0.000548811
-0.000623208
-0.000694432
-0.000870191
-0.00106465
-0.00125757
-0.00078596
0.000635546
0.00199036
0.00321246
0.00322404
0.00331794
0.00340613
0.0028705
0.00222203
0.0015821
0.000996648
0.000489526
-2.22127e-05
-0.000493376
-0.000610754
-0.000751878
-0.000891209
-0.000141034
0.000770358
0.00166966
0.00261367
0.00362102
0.00462276
0.00539157
0.00408878
0.00292678
0.00175689
0.0014495
0.0012997
0.00113955
0.000917447
0.000605558
0.000300083
1.23901e-05
-0.000115999
-0.000254837
-0.000392794
0.000732336
0.00208746
0.00342549
0.00390151
0.00314294
0.0024673
0.00178363
0.00107068
0.000360616
-0.000348701
-0.000325065
-0.00016701
-1.80416e-05
-2.99569e-05
-0.000273015
-0.000500515
-0.000586009
0.000603
0.0017066
0.00281436
0.00293102
0.00286544
0.00281189
0.00246445
0.00169725
0.000958541
0.000296477
0.000327693
0.000313555
0.000302398
-0.000134094
-0.000648491
-0.00115714
-0.00146044
-0.00146934
-0.00149738
-0.00136651
0.000171545
0.00161623
0.00306509
0.00275124
0.00211218
0.00149501
0.00105441
0.00086858
0.000666519
0.00042368
-0.000194757
-0.000788163
-0.00138242
-0.00134696
-0.00119497
-0.00105068
-0.000914352
-0.000790096
-0.000665225
-0.000561753
-0.000647724
-0.00072144
-0.000795847
-0.000118074
0.000698598
0.00150534
0.0017203
0.00108626
0.000507206
-4.25366e-05
-0.000304901
-0.000585236
-0.00086407
-0.00109525
-0.00131732
-0.00153968
-0.00163533
-0.00154939
-0.00147507
-0.00142853
-0.00163592
-0.00182698
-0.00201883
-0.00206724
-0.00208888
-0.00211219
-0.00156518
-0.000200086
0.00111174
0.00226727
0.00201005
0.001842
0.00166856
0.00115117
0.000569947
-6.5386e-06
-0.000324036
-0.000269764
-0.000238838
-0.000247451
-0.000621992
-0.000973194
-0.00132542
-0.00119098
-0.000965602
-0.000746177
-0.000646934
-0.000720638
-0.000783488
-0.00086446
-0.00110184
-0.00132921
-0.00155693
-0.000718928
0.000318147
0.0013416
0.00196276
0.00200562
0.00208419
0.0020934
0.00150382
0.00095193
0.000398396
1.61218e-06
-0.000365373
-0.000733742
-0.000988455
-0.00108027
-0.00118199
-0.00127665
-0.0013147
-0.00135618
-0.00139739
-0.00157449
-0.00177701
-0.00197773
-0.0014818
1.50537e-05
0.00144894
0.00276448
0.00300238
0.00330571
0.00360467
0.00370115
0.00375926
0.00381963
0.00362638
0.00306889
0.00253418
0.0020427
0.00194446
0.00182252
0.00170215
0.0015136
0.00131236
0.00111212
0.000782802
0.000267888
-0.000235205
-0.000696034
-0.000777755
-0.000882214
-0.000985179
-0.000143422
0.00104514
0.00221143
0.00289426
0.00288064
0.00290881
0.00289557
0.00253513
0.00219591
0.00185583
0.00141911
0.000964426
0.000511357
0.000221534
0.000166372
9.7283e-05
2.26582e-05
-0.000109547
-0.000238167
-0.000366847
-0.00013506
0.000229361
0.000585472
0.00103589
0.00162145
0.00219831
0.00270873
0.0026264
0.00257925
0.00253007
0.00204373
0.00139645
0.000759445
0.000415779
0.000494759
0.000548741
0.000534174
-0.000105588
-0.000707822
-0.00131155
-0.00144185
-0.00148171
-0.00152684
-0.000977849
0.000425764
0.00177767
0.00295976
0.00261006
0.00235035
0.00208568
0.00151958
0.000842367
0.000172429
-0.000360036
-0.000694341
-0.0010398
-0.00135659
-0.00142634
-0.00151038
-0.00159349
-0.00182256
-0.00210543
-0.00238486
-0.00213153
-0.00111087
-0.000135835
0.000783042
0.00118534
0.00161702
0.00204651
0.00186191
0.00145008
0.00105182
0.000584783
1.96024e-05
-0.000539277
-0.0010518
-0.00115195
-0.00127569
-0.00139793
-0.00150948
-0.00161696
-0.00172455
-0.00179242
-0.00180312
-0.00181709
-0.00176485
-0.00112276
-0.000515112
9.38092e-05
0.00048435
0.000793694
0.00110731
0.00131811
0.00138129
0.0014528
0.00143652
0.000640726
-0.000109877
-0.000862193
-0.00109228
-0.00112846
-0.00117559
-0.00128385
-0.00148119
-0.00167326
-0.00184518
-0.00183608
-0.00183722
-0.00183778
-0.00121234
-0.000354758
0.000488768
0.00105898
0.00123444
0.00143192
0.00158597
0.0013648
0.00116496
0.000964141
0.000673419
0.000349436
2.76808e-05
-0.000418786
-0.00104509
-0.00166062
-0.00214947
-0.00150607
-0.00092665
-0.000344302
-0.000657654
-0.00130401
-0.00193108
-0.0017509
-0.000405096
0.000874346
0.00200256
0.00175726
0.00158854
0.00141576
0.00126309
0.00111791
0.00097248
0.000684858
0.000191999
-0.000288958
-0.000760575
-0.00114705
-0.00153781
-0.00192789
-0.00208635
-0.00215836
-0.00223505
-0.00221924
-0.00207038
-0.001929
-0.00178425
-0.00161175
-0.00144096
-0.00127027
-0.000652386
0.000131911
0.000906224
0.00137206
0.00139226
0.00143684
0.00142149
0.000882842
0.000373381
-0.000137116
-0.000452308
-0.000694417
-0.000940247
-0.00123713
-0.00160815
-0.00197473
-0.00230241
-0.00228334
-0.00228314
-0.00228191
-0.00200551
-0.00162645
-0.00125337
-0.00130215
-0.00196034
-0.00258483
-0.00298348
-0.00135213
0.000167737
0.00169198
0.00203432
0.00193461
0.00185886
0.00176882
0.00166006
0.00155243
0.00140434
0.000894198
0.000404067
-8.66133e-05
-0.000394027
-0.000632687
-0.000874778
-0.00109498
-0.00128396
-0.00147441
-0.00166651
-0.00187566
-0.00208366
-0.00229151
-0.00163923
-0.000665239
0.000290548
0.00108467
0.00164427
0.00221576
0.00272458
0.00268353
0.00267177
0.00265846
0.00224712
0.00168682
0.00113502
0.000647652
0.000253792
-0.000144606
-0.000522727
-0.000725084
-0.000936528
-0.00114727
-0.001228
-0.0012599
-0.00129435
-0.00131264
-0.00130779
-0.00130416
-0.00125972
-0.000850966
-0.000461815
-7.20422e-05
0.000439737
0.000997016
0.00155132
0.00186023
0.00181443
0.00178728
0.00166569
0.000708257
-0.000204414
-0.00111847
-0.00123425
-0.00105014
-0.000881887
-0.000839576
-0.000980525
-0.00111177
-0.00122718
-0.00119753
-0.00117547
-0.00115304
-0.00121625
-0.00131161
-0.0014052
-0.00147233
-0.00150113
-0.00153188
-0.00144463
-0.000303339
0.000782152
0.00186941
0.00202669
0.00183409
0.00165978
0.00159182
0.00167903
0.00175814
0.00175387
0.00100082
0.000287154
-0.00042781
-0.00057681
-0.000512699
-0.000459617
-0.000480805
-0.000610274
-0.000734048
-0.000859717
-0.00100072
-0.00114079
-0.00128076
-0.000617405
0.000348185
0.00129732
0.00197972
0.00227536
0.00259045
0.00284212
0.00253806
0.00226267
0.00198609
0.00186697
0.00180725
0.00174457
0.00159389
0.00131559
0.00104407
0.000762698
0.000394203
3.05041e-05
-0.000333069
0.000370212
0.00147554
0.00255939
0.00341123
0.00392614
0.00445757
0.00484027
0.00390448
0.00303622
0.00216543
0.00152672
0.000975941
0.000421282
2.67542e-05
-0.000136494
-0.000311217
-0.000489975
-0.000711422
-0.000930501
-0.00114948
-0.00128581
-0.00139084
-0.00149733
-0.00112548
-6.10789e-05
0.000967578
0.00182718
0.00116678
0.000583036
-3.95193e-06
-0.000285384
-0.000451224
-0.000622667
-0.000806354
-0.00100828
-0.0012091
-0.00139363
-0.00143352
-0.00148058
-0.00152723
-0.00162656
-0.00174577
-0.00186387
-0.00193378
-0.00193386
-0.0019374
-0.00192516
-0.00177332
-0.00162853
-0.00148353
-0.00124107
-0.000961843
-0.00068471
-0.000366445
1.13978e-05
0.000385929
0.000687889
0.000342166
2.86887e-05
-0.000286067
-0.000618934
-0.000958499
-0.0012974
-0.0015407
-0.00164558
-0.00175714
-0.00185118
-0.00179229
-0.00174096
-0.0016893
-0.0017228
-0.00178855
-0.00185265
-0.0015967
-0.000876775
-0.000180218
0.000444425
0.0004209
0.000429016
0.000435581
-7.24297e-05
-0.000775336
-0.00146807
-0.00187042
-0.00185142
-0.00185291
-0.0018314
-0.001613
-0.00140437
-0.00119547
-0.00127123
-0.00145496
-0.00163328
-0.00183693
-0.002077
-0.00231507
-0.00239127
-0.00102033
0.000279377
0.00158127
0.00161262
0.00116156
0.000734193
0.000501204
0.000551597
0.000588297
0.000597481
0.000354837
0.000124533
-0.000106142
-0.000346796
-0.000591117
-0.000835028
-0.00101419
-0.00109954
-0.00118931
-0.00126286
-0.00119397
-0.00113196
-0.00106968
-0.000807366
-0.000469139
-0.00013486
0.000321368
0.000954376
0.00157835
0.00210547
0.00176688
0.00146983
0.0011711
0.001075
0.001056
0.00103336
0.000965417
0.00083149
0.000700822
0.000560758
0.000337027
0.000117474
-0.00010207
-0.000362437
-0.000638202
-0.000912978
-0.00102134
-0.00088828
-0.00076675
-0.000549347
0.000521906
0.00155187
0.00258281
0.00280295
0.00271418
0.00264004
0.00260464
0.00262646
0.00264557
0.00265132
0.00253653
0.0024275
0.0023183
0.00188644
0.00133185
0.000783529
0.000321725
-1.43135e-05
-0.000355922
-0.000663848
-0.000675267
-0.000700531
-0.000725125
-0.000610649
-0.000443192
-0.000278362
8.30877e-05
0.000729879
0.00136278
0.00190588
0.00164431
0.00142042
0.00119498
0.00108707
0.00102402
0.000958942
0.000683094
0.000101037
-0.000466285
-0.0009621
-0.000816083
-0.000699916
-0.000582476
-0.000658833
-0.000809105
-0.000955822
-0.00110537
-0.00125884
-0.00141199
-0.00155763
-0.00163698
-0.00171931
-0.00180143
-0.00139311
-0.000797668
-0.000211381
0.000294536
0.000683361
0.00107721
0.00140862
0.00118625
0.00098948
0.00079172
0.000416772
-2.57164e-05
-0.000464707
-0.0006982
-0.000633136
-0.000581783
-0.00055219
-0.000722585
-0.000883693
-0.00104508
-0.00102215
-0.00092877
-0.000838683
-0.000490641
0.00023199
0.000936914
0.00159514
0.00183332
0.00209038
0.00234634
0.00221094
0.00192584
0.0016478
0.00154889
0.00171064
0.00186044
0.00199979
0.00204184
0.00208825
0.00213443
0.00206654
0.00195502
0.00184557
0.00197527
0.00245261
0.00291384
0.00331043
0.00312539
0.00296671
0.00280698
0.00262867
0.0024433
0.00225842
0.00181546
0.000997328
0.00019678
-0.000519796
-0.000483457
-0.000480913
-0.000476856
-0.000564972
-0.000688336
-0.000810012
-0.000525987
0.000347869
0.00119458
0.00193531
0.00172271
0.00155287
0.00138126
0.000996062
0.000529131
6.62593e-05
-0.000276519
-0.000444625
-0.000620355
-0.000774641
-0.000741281
-0.00071629
-0.00069095
-0.000766821
-0.000881474
-0.000994305
-0.00104853
-0.00101745
-0.000990181
-0.00089668
-0.000211674
0.000446553
0.00110538
0.0014753
0.00173415
0.00199767
0.00193432
0.00139599
0.000879095
0.0003987
0.000249888
8.66006e-05
-7.59058e-05
-0.000158807
-0.000211084
-0.000264661
-0.000475842
-0.000916373
-0.00134644
-0.0017359
-0.00176063
-0.00180135
-0.00184132
-0.00155965
-0.00115452
-0.000755152
-0.0005808
-0.000733988
-0.00087272
-0.00100922
-0.00112103
-0.00123382
-0.00134647
-0.00126532
-0.00110972
-0.000957506
-0.000911434
-0.00101995
-0.00112164
-0.00108922
0.000145675
0.00132721
0.00251005
0.00265553
0.002402
0.00216601
0.00186636
0.00147512
0.00108819
0.000748593
0.000831761
0.000896555
0.000962089
0.00083265
0.000628267
0.0004273
0.000412789
0.000669765
0.000914802
0.00116014
0.000592396
6.01862e-05
-0.000473096
-0.000795761
-0.00103721
-0.00128194
-0.00144488
-0.0014891
-0.00153838
-0.0015874
-0.00140896
-0.00124044
-0.00107164
-0.00109037
-0.00118132
-0.0012691
-0.00133822
-0.00138002
-0.00142295
-0.00146579
-0.00140114
-0.00134115
-0.001281
-0.00143376
-0.00166849
-0.00189951
-0.00210057
-0.00225784
-0.00241685
-0.00257565
-0.00233688
-0.00211522
-0.00189303
-0.00194161
-0.00209455
-0.00224293
-0.00216824
-0.00176851
-0.00138291
-0.00099704
-0.00102967
-0.00104455
-0.00106016
-0.00117721
-0.00133334
-0.00148768
-0.00158436
-0.00159701
-0.0016132
-0.00162922
-0.00136435
-0.00111156
-0.000858468
0.000204606
0.00157974
0.00294056
0.00362385
0.00331999
0.00305793
0.00279432
0.00170751
0.0006562
-0.000395717
-0.000891044
-0.00117126
-0.00146027
-0.00154041
-0.00131699
-0.00110647
-0.000895588
0.000326347
0.00150496
0.00268439
0.00272682
0.00233008
0.00195202
0.00173728
0.00176147
0.00177568
0.00179029
0.00225504
0.00270065
0.00314668
0.00299887
0.00262168
0.00225434
0.00219663
0.00259052
0.00296532
0.0033406
0.00337646
0.00342639
0.00347568
0.00310899
0.00258164
0.00206138
0.00189934
0.00225952
0.00259779
0.00293669
0.00316449
0.00339669
0.00362852
0.00302553
0.00209993
0.00118841
0.000626839
0.000575775
0.000503718
0.000432586
0.000421613
0.000408174
0.000394847
0.000234995
1.85241e-05
-0.000195443
-0.000416862
-0.000649078
-0.000880659
-0.00111208
-0.00131583
-0.00152055
-0.00172507
-0.00178784
-0.0017957
-0.0018058
-0.00181808
-0.00183367
-0.00184911
-0.00186454
-0.00206732
-0.00226228
-0.0024574
-0.00246636
-0.00240322
-0.00234307
-0.00231041
-0.00231799
-0.00232392
-0.00232991
-0.00226464
-0.00220231
-0.00213992
-0.00217667
-0.0022518
-0.00232532
-0.00249052
-0.00278933
-0.00308249
-0.00337563
-0.00308624
-0.00282067
-0.00255435
-0.00254656
-0.00263897
-0.00272726
-0.00277462
-0.00276208
-0.00275197
-0.00274177
-0.00269829
-0.00265619
-0.00261407
-0.00285401
-0.00320322
-0.00354776
-0.003424
-0.00261718
-0.00183848
-0.00105927
-0.00207631
-0.00302039
-0.00396664
-0.00386677
-0.00336113
-0.00287217
-0.00259544
-0.00262905
-0.00265021
-0.00267185
-0.00277541
-0.00287562
-0.00297587
-0.00288444
-0.00271866
-0.00255598
-0.00224499
-0.0017178
-0.00119965
-0.000681557
-0.000120996
0.000437427
0.00099549
0.00150837
0.00200346
0.00249887
0.00290922
0.00319569
0.00348686
0.0037776
0.00375734
0.00374944
0.00374106
0.00396399
0.00427667
0.00458555
0.00465384
0.00437102
0.00410231
0.00383325
0.00375371
0.00366673
0.00358012
0.0034944
0.00340908
0.0033238
0.00309482
0.00265612
0.00222603
0.00179594
0.00199239
0.00216402
0.00233649
0.00235525
0.00231426
0.00227565
0.00211448
0.00177457
0.00144195
0.0011093
0.0011552
0.00118622
0.0012178
0.00102242
0.000738867
0.000458989
0.000291734
0.000288957
0.000279751
0.000270803
-0.00017065
-0.000594864
-0.00101942
-0.00131199
-0.00155308
-0.00179599
-0.00187467
-0.00171384
-0.00156247
-0.00141085
-0.00140205
-0.0013877
-0.00137357
-0.00150213
-0.00168616
-0.0018679
-0.00174627
-0.00118171
-0.000634786
-8.75995e-05
-6.55829e-06
9.24878e-05
0.000190759
-7.49565e-05
-0.00048229
-0.000883827
-0.00116067
-0.00125529
-0.00135688
-0.00145812
-0.00134012
-0.00123066
-0.00112097
-0.00111366
-0.00114623
-0.00117725
-0.00118615
-0.00116269
-0.00114049
-0.00111827
-0.00106739
-0.00101766
-0.000967914
-0.00101359
-0.00109643
-0.00117778
-0.00120167
-0.00114161
-0.00108481
-0.00102793
-0.00114005
-0.00124562
-0.00135135
-0.00153821
-0.00175661
-0.00197364
-0.00209792
-0.00208675
-0.00208076
-0.00207457
-0.00220939
-0.00233873
-0.00246817
-0.00248101
-0.00244839
-0.00241752
-0.00230943
-0.00208867
-0.00187236
-0.00165604
-0.00141582
-0.00117669
-0.000937703
-0.00105592
-0.00131343
-0.00156546
-0.00171709
-0.00172184
-0.00173216
-0.00174226
-0.00176993
-0.00179691
-0.00182389
-0.00184764
-0.00187012
-0.00189263
-0.00197311
-0.00213828
-0.00230012
-0.00246197
-0.00237142
-0.00229047
-0.00220921
-0.00171291
-0.00105478
-0.000403239
4.51365e-05
0.000196558
0.000359042
0.000520988
0.000558008
0.000599696
0.000641178
0.000868302
0.00116783
0.00146441
0.00151975
0.00122254
0.000938781
0.000654727
0.0012839
0.0018784
0.00247375
0.00270583
0.0027959
0.00289121
0.00301763
0.00318983
0.00336019
0.0035305
0.00327737
0.00304022
0.00280266
0.00275749
0.00278751
0.0028147
0.00273429
0.00249646
0.00226467
0.00203282
0.00219282
0.00233814
0.00248389
0.00246011
0.00237005
0.00228253
0.00221481
0.00217613
0.00213641
0.00209676
0.00212889
0.00215833
0.00218786
0.00212315
0.00202162
0.00192152
0.00178091
0.00158111
0.00138364
0.00118624
0.000982787
0.000779711
0.000576772
0.000328612
6.28662e-05
-0.000202035
-0.000512941
-0.000891152
-0.00126661
-0.00164189
-0.00143467
-0.00124903
-0.00106273
-0.00105972
-0.00112844
-0.00119447
-0.00116347
-0.00099047
-0.000822806
-0.000655069
-0.000788673
-0.00091114
-0.00103393
-0.00118146
-0.00133862
-0.00149531
-0.00155105
-0.00145923
-0.00137286
-0.00128635
-0.00142512
-0.00155557
-0.00168622
-0.00165355
-0.00155692
-0.00146269
-0.00151359
-0.00177681
-0.00203211
-0.00228752
-0.00224873
-0.00222068
-0.00219225
-0.00229874
-0.00245805
-0.00261532
-0.0026707
-0.00257701
-0.0024888
-0.00240045
-0.00218641
-0.00197708
-0.00176773
-0.00156544
-0.00136601
-0.00116662
-0.00113148
-0.0013365
-0.00153269
-0.00172906
-0.00191943
-0.00210987
-0.00230017
-0.0023174
-0.00226677
-0.00221862
-0.00230242
-0.00257934
-0.0028491
-0.00311893
-0.00275262
-0.00240946
-0.00206571
-0.00209279
-0.00226528
-0.00243243
-0.00255155
-0.0026002
-0.00265134
-0.00270236
-0.00226495
-0.00184537
-0.00142544
-0.00107041
-0.000740975
-0.000410859
-5.72411e-05
0.000330915
0.000717558
0.00110398
0.00111901
0.00114729
0.00117509
0.00132551
0.001524
0.00172063
0.00192737
0.00214887
0.00236968
0.00259036
0.00239603
0.00221661
0.00203678
0.00186313
0.00169198
0.00152085
0.00139372
0.00133089
0.00126583
0.00120089
0.0010813
0.000963728
0.00084617
0.000830922
0.000855856
0.000879351
0.00097047
0.00116048
0.00134686
0.00153324
0.00151647
0.00150689
0.00149706
0.0013764
0.00121224
0.00104973
0.000839448
0.000559294
0.0002818
4.40799e-06
0.000305573
0.000586154
0.000867262
0.000590608
9.49036e-05
-0.00039275
-0.000502649
-5.93975e-05
0.000364113
0.000788019
0.000350599
-5.62915e-05
-0.000463968
-0.000755303
-0.0010008
-0.00124774
-0.00141109
-0.00145225
-0.00149765
-0.00154288
-0.00118992
-0.000851139
-0.000512096
-0.000438635
-0.000469625
-0.000496947
-0.000525274
-0.000554889
-0.000584439
-0.00061397
-0.000945437
-0.00126615
-0.00158702
-0.001497
-0.00124542
-0.000999635
-0.000797318
-0.000658857
-0.000518273
-0.000377861
-0.000885727
-0.00137073
-0.00185619
-0.00194753
-0.00188377
-0.00182544
-0.00181456
-0.00187342
-0.00192982
-0.00198626
-0.00201614
-0.00204691
-0.00207763
-0.0021032
-0.00212673
-0.00215031
-0.00214148
-0.00208518
-0.00203057
-0.00197593
-0.00197714
-0.00197641
-0.00197576
-0.00186692
-0.00171553
-0.00156572
-0.00154412
-0.00171032
-0.00186994
-0.00202968
-0.00207766
-0.00212945
-0.00218107
-0.00213723
-0.00205582
-0.00197576
-0.00188012
-0.00176172
-0.00164418
-0.00152669
-0.00169007
-0.00184371
-0.00199758
-0.00204027
-0.00203915
-0.00203953
-0.00207202
-0.00215162
-0.00222956
-0.0023075
-0.00219749
-0.00209397
-0.00199029
-0.00155101
-0.000979646
-0.000413175
5.15908e-05
0.000367327
0.000687922
0.00100813
0.00103092
0.00106381
0.00109633
0.00130189
0.00157556
0.00184673
0.00189239
0.00160766
0.00133433
0.00106081
0.00117248
0.00127102
0.00136994
0.00127045
0.00109278
0.000917878
0.000794891
0.000748038
0.000698643
0.000649366
0.000981596
0.00130071
0.00162005
0.00158612
0.00141287
0.00124443
0.00117759
0.00125976
0.00133686
0.00141408
0.00135181
0.00129427
0.00123662
0.00122183
0.00122395
0.00122551
0.00103684
0.00056944
0.000111713
-0.000346031
-0.000336653
-0.000342956
-0.000348729
-0.000274134
-0.000167846
-6.26914e-05
1.86876e-05
6.52054e-05
0.000112859
0.000160443
0.000316953
0.000469715
0.000622501
0.000525629
0.000330247
0.000138286
-7.21469e-05
-0.000309543
-0.00054588
-0.000782095
-0.000784063
-0.000793837
-0.000803344
-0.000952761
-0.00115736
-0.00135998
-0.00113607
-0.000287013
0.000540692
0.00136856
0.000768568
0.000216415
-0.00033696
-0.000692033
-0.000968666
-0.00124772
-0.00141659
-0.00142417
-0.0014371
-0.00144983
-0.00163563
-0.00181557
-0.00199558
-0.00197613
-0.00187789
-0.00178231
-0.00169564
-0.00162213
-0.00154824
-0.0014744
-0.00141433
-0.00135383
-0.0012934
-0.00143938
-0.00166689
-0.00189156
-0.00202273
-0.00201677
-0.00201534
-0.00201375
-0.00211086
-0.00220466
-0.0022985
-0.0023107
-0.00229062
-0.00227161
-0.00223078
-0.00215801
-0.00208633
-0.00201466
-0.00195771
-0.00190032
-0.00184297
-0.00201364
-0.00227439
-0.00253202
-0.00268208
-0.00267437
-0.00267182
-0.00266911
-0.00274856
-0.00282528
-0.00290204
-0.00291709
-0.00290773
-0.00289918
-0.00287573
-0.00283047
-0.00278595
-0.00274143
-0.00258499
-0.0024323
-0.00227959
-0.00236934
-0.00255498
-0.00273738
-0.00277522
-0.00260098
-0.00243374
-0.00226639
-0.0023823
-0.00248894
-0.00259581
-0.00257046
-0.0024928
-0.00241688
-0.00238687
-0.00242424
-0.0024594
-0.00249461
-0.00255055
-0.00260577
-0.00266098
-0.00271822
-0.00277623
-0.00283418
-0.00283931
-0.00276698
-0.00269719
-0.00262737
-0.00267767
-0.00272406
-0.00277054
-0.00274724
-0.00269633
-0.00264633
-0.00258141
-0.0024946
-0.00240855
-0.00232254
-0.00239961
-0.00247139
-0.00254329
-0.00264104
-0.002749
-0.00285656
-0.00293593
-0.00297397
-0.00301331
-0.00305259
-0.00303578
-0.00302078
-0.00300573
-0.00300224
-0.00300333
-0.00300427
-0.00293517
-0.00276332
-0.00259487
-0.00242641
-0.00236226
-0.00229482
-0.00222752
-0.00199637
-0.00170037
-0.00140663
-0.00126742
-0.00135492
-0.00143515
-0.00151555
-0.00127406
-0.00104297
-0.000811703
-0.000735862
-0.000721651
-0.000705488
-0.000691461
-0.000680468
-0.000669386
-0.000658314
-0.000700798
-0.000741555
-0.00078234
-0.000594288
-0.000315583
-3.99282e-05
-3.73626e-06
-0.000318943
-0.000622819
-0.000926861
-0.000841162
-0.00076785
-0.000694193
-0.000517283
-0.000299487
-8.31219e-05
2.6448e-05
-2.06836e-05
-6.28375e-05
-0.000105122
-0.0003409
-0.000570426
-0.000800004
-0.000776656
-0.000652993
-0.000532569
-0.000439887
-0.000388029
-0.000334919
-0.000281881
-0.000181466
-8.26034e-05
1.62457e-05
0.000209028
0.000439008
0.000667676
0.000761228
0.000656505
0.00055807
0.000459499
0.000502356
0.000540752
0.000579264
0.000381173
8.92568e-05
-0.000199539
-0.000383486
-0.000413501
-0.000448312
-0.000482952
-0.000568866
-0.000653125
-0.000737382
-0.000735467
-0.000699346
-0.000664315
-0.000751563
-0.00101832
-0.00127932
-0.00154033
-0.00162992
-0.0017248
-0.00181946
-0.00154688
-0.00112858
-0.000715081
-0.000477589
-0.000498544
-0.000511451
-0.000524601
-0.00066806
-0.000807384
-0.00094675
-0.00104323
-0.00112266
-0.00120256
-0.0012599
-0.00128417
-0.00130945
-0.00133469
-0.00142828
-0.00151969
-0.00161112
-0.00159813
-0.00154368
-0.00149054
-0.00146858
-0.00149243
-0.00151486
-0.00153731
-0.0015876
-0.001637
-0.0016864
-0.0016651
-0.00161572
-0.00156723
-0.00153964
-0.00154273
-0.00154488
-0.00154705
-0.00178528
-0.00201609
-0.00224699
-0.00228467
-0.00224555
-0.00220881
-0.00228595
-0.00253039
-0.00276954
-0.0030087
-0.00310365
-0.00320297
-0.00330209
-0.00318591
-0.00298418
-0.0027852
-0.00267225
-0.0026857
-0.00269527
-0.00270495
-0.00271866
-0.00273224
-0.00274581
-0.00285467
-0.00300139
-0.00314686
-0.00319782
-0.00311
-0.00302646
-0.00294285
-0.00302213
-0.0030964
-0.00317077
-0.00325092
-0.00333333
-0.00341562
-0.00334787
-0.00305981
-0.00277862
-0.0024974
-0.0023587
-0.00221575
-0.00207301
-0.00215266
-0.00232075
-0.00248605
-0.00268503
-0.00293339
-0.0031801
-0.00342671
-0.00331808
