0
0.0161943
0.0145472
0.0142735
0.0138862
0.0138079
0.0141522
0.014461
0.0147445
0.0147816
0.0148389
0.0148945
0.014762
0.0145983
0.0144375
0.0142976
0.0141877
0.0140755
0.0139687
0.0139063
0.0138404
0.0137749
0.0138014
0.0138433
0.0138838
0.0138024
0.0135481
0.0133083
0.0131016
0.0131965
0.0132668
0.0133389
0.0132616
0.0131593
0.0130592
0.0129854
0.012949
0.0129097
0.0128312
0.0124016
0.012001
0.0115987
0.0117472
0.0119884
0.0122218
0.0123331
0.0122705
0.0122219
0.0121699
0.0120964
0.0120247
0.011953
0.0119319
0.0119193
0.0119061
0.0118118
0.0116024
0.0114025
0.0112099
0.0110863
0.0109575
0.0108292
0.0110193
0.0112633
0.0115027
0.0115412
0.0112945
0.0110707
0.0108499
0.0106701
0.0104874
0.0103051
0.0104273
0.0106012
0.0107709
0.0109705
0.0112122
0.0114503
0.0116558
0.0115714
0.0115097
0.0114464
0.0108231
0.0101045
0.00939436
0.00916131
0.00960588
0.00999711
0.0103076
0.00986651
0.00948432
0.00909815
0.00899385
0.00893809
0.00887867
0.00899397
0.00935692
0.00970022
0.00998333
0.00972057
0.00950021
0.00927692
0.009291
0.00934599
0.00939776
0.00925169
0.00882422
0.00841893
0.00806979
0.00823151
0.00835399
0.00847927
0.00869768
0.00893202
0.0091648
0.00905203
0.00844812
0.00788242
0.00746183
0.00835419
0.00914573
0.0099437
0.00964285
0.00915143
0.00867515
0.0084018
0.00841837
0.00841306
0.00838978
0.00819141
0.0080065
0.00782085
0.00789623
0.00801704
0.00813426
0.00825863
0.00839284
0.00852611
0.00862075
0.00837188
0.00814902
0.00792455
0.00799886
0.00812534
0.00824775
0.00814755
0.0077302
0.007337
0.00706512
0.00788647
0.00862562
0.00936977
0.00887701
0.00816777
0.00747556
0.0070828
0.00711772
0.00712106
0.00719568
0.00788505
0.00852821
0.00917382
0.00867031
0.00796505
0.00727562
0.00672721
0.00638087
0.00602026
0.00577662
0.00656272
0.0072725
0.00798682
0.00761148
0.00704418
0.00649168
0.00599965
0.005595
0.0051846
0.00483612
0.00503148
0.00518715
0.00534547
0.00607136
0.00689705
0.00771433
0.0078267
0.00693403
0.00611511
0.00534925
0.0050951
0.00480451
0.00451696
0.00460526
0.00476031
0.00491034
0.00476795
0.00420818
0.00367909
0.00319408
0.003116
0.00300896
0.00290414
0.00277002
0.00263086
0.00249226
0.00296371
0.00430528
0.00558311
0.00669427
0.00629236
0.00599832
0.00569706
0.00534589
0.00498604
0.00462732
0.00427555
0.00393356
0.00359137
0.00328579
0.00330287
0.00329721
0.00329316
0.00399063
0.0048131
0.00562564
0.00615486
0.00627918
0.00643171
0.00652581
0.00611811
0.00574607
0.00537206
0.00481578
0.00422729
0.00364186
0.00325644
0.00315651
0.00303685
0.00298173
0.00348889
0.0039563
0.00442582
0.00505727
0.00571727
0.00637438
0.00654947
0.00603616
0.00557114
0.00510322
0.00463426
0.00416601
0.00369837
0.00336941
0.00306586
0.00276098
0.00244852
0.00212489
0.00180247
0.00162465
0.00273445
0.00375453
0.00477935
0.00523911
0.00559613
0.00595967
0.00606888
0.00581544
0.00558707
0.00539178
0.00550455
0.0055962
0.00568917
0.00508257
0.00434956
0.00362613
0.00307202
0.00276051
0.002433
0.00213942
0.00213528
0.0021116
0.00208926
0.00242145
0.00281787
0.00320942
0.00372831
0.00442908
0.00511668
0.00570853
0.00544516
0.00523953
0.00503031
0.00464699
0.00423222
0.0038201
0.00341118
0.0030068
0.00260267
0.00220371
0.00184678
0.00148752
0.0011289
0.00143137
0.0018545
0.00226905
0.00297411
0.00409437
0.00518561
0.00612922
0.00574935
0.00545763
0.00516047
0.00495856
0.00477424
0.00458899
0.0043793
0.00413439
0.00389212
0.00368233
0.00376155
0.00382164
0.00388292
0.00367499
0.0034178
0.00316418
0.00281202
0.00231894
0.00183573
0.00139515
0.00133585
0.0012517
0.00116929
0.00101674
0.000851436
0.000687181
0.000543857
0.000430517
0.000315374
0.000368169
0.00191805
0.0033687
0.00482391
0.00504261
0.0050328
0.00503779
0.00505447
0.00508932
0.00512296
0.00510906
0.0046704
0.00425972
0.00384776
0.00322228
0.00255785
0.00189679
0.00144378
0.0012889
0.00111507
0.000949101
0.000840569
0.000728495
0.000616791
0.000712857
0.000847386
0.000979283
0.00152338
0.00265838
0.00375421
0.00473345
0.0046603
0.00465427
0.00464398
0.0043318
0.00396371
0.00359965
0.0032319
0.00285901
0.00248692
0.00211929
0.00178811
0.00145504
0.00112252
0.000963764
0.000837551
0.000709444
0.000606742
0.00054023
0.000471521
0.000432997
0.000662088
0.000874059
0.00108684
0.00194428
0.00292133
0.00388964
0.00450045
0.00459796
0.00472749
0.00485979
0.00503609
0.00520943
0.00538273
0.00496097
0.00442824
0.0039031
0.00337216
0.00283329
0.00229558
0.00178052
0.001463
0.00113361
0.00080537
0.000679777
0.000592324
0.000502616
0.000564371
0.000843354
0.00110856
0.00135968
0.00147996
0.00160817
0.00173574
0.00212399
0.00256087
0.00299421
0.00327545
0.00333814
0.00341418
0.0034573
0.00321442
0.00298939
0.00276354
0.00243115
0.00207899
0.00172847
0.00145163
0.00128059
0.00110329
0.000942316
0.00092198
0.000893094
0.000864764
0.000936005
0.00102598
0.0011147
0.00110211
0.000943883
0.000794686
0.000642364
0.000465608
0.000290547
0.000115595
0.000100457
0.000115546
0.00012879
0.000103484
2.26046e-05
-5.48235e-05
-0.000148622
-0.000387533
-0.000617415
-0.000847564
-8.07032e-05
0.00105219
0.00216172
0.00296921
0.00334094
0.00373837
0.00404386
0.00354562
0.0030961
0.00264421
0.00209163
0.00152041
0.000950982
0.000565148
0.000443187
0.000305637
0.000168378
2.40514e-05
-0.000119683
-0.000263282
-0.000380939
-0.000488956
-0.000597417
-0.000669036
-0.000687756
-0.00070959
-0.000697517
-0.000384372
-8.94127e-05
0.000206273
0.000825383
0.00156335
0.00229344
0.00262623
0.00238708
0.00218191
0.00194179
0.00140544
0.000887145
0.000368397
0.00010097
-0.000118266
-0.000340072
-0.000538007
-0.000701939
-0.000867672
-0.00102484
-0.00110798
-0.00119535
-0.00128237
-0.00123374
-0.00113503
-0.00103935
-0.000896958
-0.000687526
-0.000482243
-0.000306528
-0.000395276
-0.000468546
-0.00054263
-0.000679839
-0.00084032
-0.000999264
-0.00113703
-0.00124427
-0.00135315
-0.00147014
-0.00166155
-0.00184844
-0.00203537
-0.00201687
-0.00192235
-0.00183233
-0.00179664
-0.00183955
-0.00187789
-0.00189839
-0.00175743
-0.00162592
-0.00149401
-0.000494781
0.000825111
0.0021251
0.00281625
0.00262927
0.00249276
0.00236943
0.00238858
0.00239957
0.00241101
0.00230041
0.00214464
0.00199163
0.00168945
0.00117246
0.000668282
0.000219891
0.00027201
0.000295632
0.000320846
0.000264644
0.000178303
9.37675e-05
-2.16781e-05
-0.000181572
-0.00033877
-0.00039564
0.000444097
0.00123223
0.00202239
0.00261257
0.00312816
0.00364736
0.00379634
0.00341214
0.00305838
0.00268853
0.00218703
0.00169348
0.00120005
0.00093063
0.000744671
0.000554243
0.000309274
-1.4826e-05
-0.000334135
-0.000619629
-0.000603324
-0.000603898
-0.000603529
-0.000662398
-0.000743249
-0.000822784
-0.000885423
-0.000923623
-0.000963141
-0.000922264
-0.000163797
0.000553961
0.00127318
0.0018181
0.0022978
0.00278059
0.00287989
0.00242648
0.00200415
0.001584
0.001195
0.00080472
0.000414939
0.000124548
-0.000128603
-0.000383529
-0.00059667
-0.000749803
-0.00090607
-0.00104743
-0.00105849
-0.00107669
-0.00109448
-0.00104633
-0.000973592
-0.000902285
-0.000427823
0.000628441
0.0016517
0.00258624
0.00272026
0.00289789
0.00307294
0.00282348
0.00241563
0.00201687
0.0016273
0.00125151
0.000875386
0.000515573
0.000298157
7.32377e-05
-0.000151029
-0.000319067
-0.000465978
-0.000613874
-0.000759586
-0.000902304
-0.00104503
-0.0011679
-0.00111449
-0.00107067
-0.00102638
-0.000437138
0.000355514
0.00113634
0.00179608
0.0022804
0.00277364
0.0031586
0.00258403
0.00206167
0.00153706
0.00109599
0.000686413
0.000275582
-3.27018e-05
-0.000193174
-0.000361392
-0.000522512
-0.000625342
-0.000731179
-0.000836742
-0.000920778
-0.000996694
-0.00107296
-0.00105216
-0.000891178
-0.000737836
-0.00056139
-0.000180725
0.000188673
0.000558276
0.00102703
0.00153265
0.00203579
0.00224723
0.0020372
0.00184972
0.00163644
0.00120156
0.00077887
0.000355979
0.000121437
-4.23242e-05
-0.00020965
-0.000336313
-0.000404574
-0.000475841
-0.000549598
-0.000647646
-0.000744311
-0.000840948
-0.000915115
-0.000980801
-0.00104686
-0.00100912
-0.000821379
-0.000641697
-0.000502108
-0.000723313
-0.000925397
-0.00112827
-0.00123669
-0.00130957
-0.00138424
-0.00146887
-0.00156807
-0.00166641
-0.00175457
-0.00175212
-0.0017544
-0.00175643
-0.0017177
-0.00166367
-0.00161049
-0.00159069
-0.00161921
-0.0016452
-0.00168097
-0.00180327
-0.00192096
-0.00203877
-0.00136748
-0.000399763
0.000551628
0.00111137
0.0011038
0.00112552
0.00113107
0.00100582
0.000887442
0.00076883
0.000645533
0.00052054
0.000395763
0.0002119
-5.74991e-05
-0.000322228
-0.000584143
-0.00082091
-0.00105872
-0.00129624
-0.00136931
-0.00138039
-0.00139462
-0.00139318
-0.0013693
-0.0013466
-0.00122643
-0.000235034
0.000710903
0.00165819
0.00194336
0.00197878
0.00202689
0.00207677
0.00213021
0.00218341
0.00218603
0.00173667
0.0013107
0.000883981
0.000511704
0.000160165
-0.000192069
-0.00042546
-0.000487044
-0.000557256
-0.000640425
-0.000843966
-0.00104122
-0.0012386
-0.00129569
-0.0012998
-0.00130657
-0.000901023
0.000101318
0.00107262
0.00195154
0.00199805
0.00208635
0.00217245
0.00179198
0.00123543
0.000688275
0.000192838
-0.000227266
-0.000650722
-0.00103489
-0.00107253
-0.00112747
-0.00118148
-0.00126108
-0.00135027
-0.0014389
-0.00154923
-0.001691
-0.00183106
-0.00196052
-0.00199556
-0.00203526
-0.00207469
-0.00205173
-0.00200519
-0.00195986
-0.00196023
-0.00202688
-0.00209018
-0.00216198
-0.00230886
-0.00245187
-0.00259493
-0.00251551
-0.00235192
-0.00219266
-0.00215484
-0.00229325
-0.00242283
-0.00254868
-0.00263835
-0.0027297
-0.00282089
-0.00288169
-0.00293094
-0.00298071
-0.00295714
-0.00282736
-0.00270292
-0.00252907
-0.00191466
-0.00132244
-0.00072972
-0.000413218
-0.000201569
1.50028e-05
-4.18934e-06
-0.000364634
-0.000708056
-0.00104818
-0.00135404
-0.00166127
-0.00196814
-0.00210376
-0.00217436
-0.00224806
-0.00230384
-0.0023339
-0.00236519
-0.00238843
-0.00234043
-0.00229593
-0.00225131
-0.00226955
-0.00231163
-0.00235252
-0.00237464
-0.00236949
-0.00236566
-0.00236021
-0.00234086
-0.00232219
-0.00230351
-0.00194252
-0.00145175
-0.000967716
-0.000561515
-0.000268439
2.98017e-05
0.000282004
0.000126852
-8.56638e-06
-0.000144803
-0.000442834
-0.000802192
-0.00115826
-0.0014095
-0.00150864
-0.00161497
-0.00171757
-0.00179068
-0.00186513
-0.00193945
-0.00191093
-0.00184333
-0.00177767
-0.0017733
-0.00185796
-0.00193829
-0.00191897
-0.00100678
-0.000137976
0.000732069
0.00102112
0.00108902
0.00116737
0.0011893
0.00113013
0.00107488
0.00100431
0.000797992
0.000598304
0.00039849
0.000232607
7.97256e-05
-7.36261e-05
-0.000162049
-0.000156362
-0.000155125
-0.000148685
-9.75625e-05
-4.85961e-05
4.25842e-07
0.000564296
0.00132395
0.00207367
0.00248433
0.00240256
0.00234401
0.00226885
0.00205442
0.00184673
0.00163892
0.00136802
0.00107321
0.000779802
0.00047922
0.00016819
-0.00014206
-0.00042579
-0.000474202
-0.000533566
-0.000592362
-0.000715819
-0.000863856
-0.00101061
-0.000723857
0.000192261
0.00107821
0.00187972
0.00191956
0.00199479
0.0020683
0.00184482
0.0015081
0.00117695
0.000852603
0.00053836
0.000223939
-8.44452e-05
-0.000341217
-0.000600141
-0.000858726
-0.000999207
-0.00109452
-0.00119183
-0.00105942
-0.000593569
-0.000143536
0.000304747
0.000734133
0.00116399
0.00159344
0.00141872
0.00101333
0.000618923
0.000277316
1.29742e-05
-0.000254674
-0.000502331
-0.000574422
-0.000654499
-0.000734137
-0.00084466
-0.000966918
-0.00108853
-0.00102643
-0.000697496
-0.00038106
-4.5286e-05
0.000460719
0.000958488
0.00145618
0.00131804
0.000936828
0.000567046
0.000282122
0.000121099
-4.54178e-05
-0.000215705
-0.000423202
-0.000628819
-0.000834334
-0.000928631
-0.000980326
-0.00103391
-0.0010945
-0.00116544
-0.00123584
-0.00122606
-0.000498974
0.000194996
0.000889836
0.00117651
0.0013068
0.00144404
0.00145169
0.00127155
0.00110005
0.000919288
0.000657953
0.000400483
0.000143071
8.35264e-05
9.9799e-05
0.000112648
0.000270549
0.000639059
0.000997781
0.00130601
0.00116097
0.00103638
0.000910984
0.000629012
0.000287167
-5.16923e-05
-0.00029927
-0.0004141
-0.000534762
-0.000655343
-0.000778398
-0.000901234
-0.00102397
-0.00104431
-0.00102537
-0.0010082
-0.00102445
-0.00108938
-0.00115209
-0.00118821
-0.000985988
-0.000794538
-0.000602779
-0.000337263
-4.35815e-05
0.00024859
0.000230954
-0.00023715
-0.000684881
-0.00110308
-0.00125204
-0.00141277
-0.00157285
-0.00164915
-0.00169326
-0.00173875
-0.00172099
-0.00161136
-0.00150587
-0.00137948
-0.00106686
-0.000762726
-0.000458482
-0.000144983
0.000171916
0.000488386
0.000764104
0.000980658
0.00119962
0.00139786
0.00141307
0.00143629
0.00145914
0.00139792
0.00130442
0.00121242
0.00106314
0.000830595
0.000601898
0.000393473
0.000366429
0.000331488
0.000296922
0.000786358
0.00147698
0.00215824
0.00243421
0.00212021
0.00183217
0.00156448
0.00148717
0.00140165
0.00131656
0.00118727
0.00104105
0.000895693
0.000675751
0.000347273
2.37852e-05
-0.000287305
-0.000487704
-0.000692721
-0.000897361
-0.00108068
-0.00125571
-0.00143094
-0.00152864
-0.0015136
-0.00150344
-0.00149308
-0.00163793
-0.00177597
-0.00191418
-0.00173892
-0.00144308
-0.00115268
-0.0010971
-0.00138352
-0.001655
-0.00192689
-0.00154357
-0.0011887
-0.000832917
-0.000538419
-0.000267654
3.89565e-06
1.99299e-05
-0.000335821
-0.00067536
-0.0010153
-0.001126
-0.00124641
-0.00136629
-0.00141002
-0.00142436
-0.00143995
-0.00135292
-0.0011166
-0.00088684
-0.000656995
-0.000355601
-5.75077e-05
0.000240472
3.04478e-05
-0.000375326
-0.000772439
-0.0010658
-0.00120769
-0.00135589
-0.0015037
-0.0016047
-0.0017076
-0.00181033
-0.00176031
-0.0016514
-0.00154506
-0.00148727
-0.00150027
-0.00151027
-0.00152039
-0.00155002
-0.0015788
-0.0016076
-0.00153978
-0.00143473
-0.00133132
-0.0012079
-0.00105538
-0.000904207
-0.000753107
-0.000723476
-0.000688767
-0.0006543
-0.000589574
-0.000513201
-0.000437381
-0.000391632
-0.000389687
-0.000385909
-0.00038221
-0.000369521
-0.000357218
-0.000344909
-0.000517065
-0.000760386
-0.00100053
-0.0012077
-0.00136672
-0.00152762
-0.0016883
-0.00165943
-0.00163847
-0.00161721
-0.00158184
-0.00154104
-0.0015005
-0.00121539
-0.000573959
5.21389e-05
0.000678354
0.000848312
0.00103706
0.00122487
0.00123052
0.00116573
0.00110391
0.0010077
0.000861527
0.000717543
0.000573588
0.000598093
0.000615616
0.000633413
0.000756281
0.000919735
0.00108138
0.00120751
0.00128182
0.00135822
0.00143446
0.00168274
0.00192373
0.00216482
0.00189024
0.00141625
0.000950838
0.000667021
0.000648213
0.000618547
0.00058935
0.000479729
0.000373493
0.000267206
7.41445e-05
-0.000152419
-0.000377427
-0.000319034
0.000152472
0.00060671
0.00106128
0.000480525
-5.75008e-05
-0.000596831
-0.000761947
-0.000782082
-0.00080811
-0.000852725
-0.000924809
-0.000995717
-0.00106661
-0.00115942
-0.00125126
-0.00134306
-0.00143824
-0.00153468
-0.00163099
-0.00167592
-0.00164599
-0.00161912
-0.00159214
-0.00143794
-0.00128902
-0.00114001
-0.000949926
-0.000744017
-0.000538913
-0.000399194
-0.000354785
-0.000306564
-0.000258536
3.9116e-05
0.000326463
0.000613993
0.000530372
0.000302866
8.13367e-05
-7.03168e-05
-0.000119794
-0.000173339
-0.000226678
-0.000634734
-0.00102822
-0.00142197
-0.00159493
-0.00168216
-0.00177276
-0.00173709
-0.00151747
-0.00130539
-0.00109318
-0.00136437
-0.00161601
-0.00186823
-0.00191505
-0.00188215
-0.00185246
-0.00185589
-0.00190783
-0.00195779
-0.00200779
-0.00189992
-0.00179842
-0.00169676
-0.00168891
-0.00171749
-0.0017446
-0.0017845
-0.001843
-0.0019007
-0.0019584
-0.00199623
-0.00203482
-0.00207335
-0.00207821
-0.00206999
-0.00206229
-0.00206584
-0.00208584
-0.00210518
-0.00212452
-0.00196595
-0.00181454
-0.00166296
-0.00157601
-0.00151422
-0.00145149
-0.00133948
-0.00115548
-0.000974471
-0.000793484
-0.000811041
-0.000820768
-0.000830795
-0.000913401
-0.00102419
-0.00113378
-0.000923028
-0.000244746
0.000414647
0.00107426
0.000913629
0.000785286
0.000655778
0.000742528
0.000913322
0.00108069
0.00107841
0.000828373
0.000588224
0.000347877
0.000614099
0.000860325
0.00110714
0.000982817
0.000714167
0.000451355
0.000251357
0.000143286
3.17183e-05
-7.96266e-05
-0.000255735
-0.000429186
-0.000602606
-0.000544142
-0.000395453
-0.000250385
-4.2184e-05
0.000258026
0.000554432
0.000850755
0.000704987
0.000576466
0.000447377
0.000192715
-0.000110738
-0.000412067
-0.000629463
-0.000724311
-0.000823823
-0.000923078
-0.000739809
-0.000567589
-0.000395076
-0.00047722
-0.000658514
-0.000835846
-0.000956621
-0.000994652
-0.00103584
-0.00107688
-0.00092914
-0.000788777
-0.000648238
-0.000413249
-0.000141556
0.000128519
0.000223084
6.13629e-05
-9.04031e-05
-0.000242434
-0.000416544
-0.000589674
-0.000762709
-0.000930742
-0.00109675
-0.00126271
-0.00129469
-0.00113108
-0.00097506
-0.000818871
-0.000815265
-0.000805839
-0.000796642
-0.000668519
-0.00049408
-0.000321539
-0.000155645
5.00362e-07
0.000156898
0.000313166
0.000191839
8.11582e-05
-2.98427e-05
-0.000339006
-0.000725345
-0.00110846
-0.00135546
-0.0014036
-0.00145924
-0.00151455
-0.00152336
-0.00153393
-0.00154442
-0.00117274
-0.000652073
-0.000137434
7.27539e-05
-0.000161975
-0.000379717
-0.000597937
-0.000881179
-0.00116175
-0.00144222
-0.00163289
-0.00178842
-0.00194516
-0.00204532
-0.00206293
-0.00208363
-0.00210419
-0.00204565
-0.00199012
-0.00193452
-0.00168453
-0.00135873
-0.00103603
-0.000722238
-0.000421527
-0.000120551
0.00018019
-0.000111582
-0.000380944
-0.000650943
-0.000856413
-0.0010366
-0.00121759
-0.00123348
-0.00100821
-0.000792114
-0.000575839
-0.000721696
-0.00085393
-0.000986575
-0.00114204
-0.00130637
-0.00147024
-0.00142607
-0.00107788
-0.000741257
-0.000404458
-0.000414579
-0.000411796
-0.000409494
-0.000616776
-0.000905916
-0.0011918
-0.00107249
-0.000360862
0.000328278
0.00101774
0.000503422
3.40685e-05
-0.000436602
-0.000716107
-0.000920751
-0.00112801
-0.0012977
-0.00141268
-0.0015296
-0.00164636
-0.00173317
-0.00182102
-0.00190877
-0.00194013
-0.00194943
-0.00195954
-0.00186158
-0.00160568
-0.00135579
-0.00110586
-0.00131637
-0.00150979
-0.00170371
-0.00180161
-0.00186189
-0.00192352
-0.00197609
-0.00201551
-0.00205539
-0.00209522
-0.00212853
-0.00216205
-0.00219554
-0.00224997
-0.00231257
-0.00237483
-0.0024436
-0.00252189
-0.00259978
-0.00267762
-0.00214718
-0.00163932
-0.00113101
-0.00084666
-0.000650131
-0.000450545
-0.000342791
-0.000369083
-0.000390476
-0.000412031
-0.000240236
-7.5597e-05
8.91826e-05
0.000202194
0.00029488
0.000388236
0.000508119
0.000666865
0.000824086
0.000981248
0.000937853
0.000901755
0.00086542
0.000973503
0.00113814
0.00130061
0.00138191
0.00134445
0.0013113
0.00127802
0.000895732
0.00052632
0.000156709
5.52019e-05
5.88426e-05
5.86901e-05
-5.34249e-06
-0.000163019
-0.000317209
-0.000471414
-0.000548568
-0.000628438
-0.000708153
-0.000747405
-0.00077077
-0.000794689
-0.000838975
-0.000913095
-0.000986091
-0.00105907
-0.00113757
-0.00121581
-0.001294
-0.00125741
-0.00117582
-0.00109589
-0.00108301
-0.00116829
-0.00125
-0.00133178
-0.00120171
-0.0010793
-0.000956709
-0.00104467
-0.00121521
-0.00138269
-0.00151959
-0.00161165
-0.00170524
-0.00179871
-0.00179582
-0.00179637
-0.00179679
-0.00160108
-0.00132846
-0.00105877
-0.000977168
-0.00117085
-0.00135463
-0.00153863
-0.00170355
-0.00186903
-0.00203437
-0.00211992
-0.00217411
-0.00222936
-0.00227886
-0.00232002
-0.00236144
-0.00240282
-0.00197097
-0.00155615
-0.00114102
-0.00115314
-0.00133307
-0.00150696
-0.00164811
-0.00174107
-0.00183567
-0.00193014
-0.00201579
-0.0021017
-0.00218753
-0.00224271
-0.00228581
-0.00232931
-0.00234493
-0.00231979
-0.00229609
-0.00227237
-0.00232558
-0.00237606
-0.0024266
-0.00232761
-0.00216988
-0.00201432
-0.00185202
-0.00167993
-0.0015083
-0.00133677
-0.00147267
-0.00159773
-0.00172308
-0.0018802
-0.00204975
-0.00221876
-0.00229525
-0.00223637
-0.00218224
-0.00212799
-0.00216717
-0.00220306
-0.00223904
-0.00203938
-0.00174713
-0.0014583
-0.00112518
-0.000727306
-0.00033196
6.3199e-05
-0.000331573
-0.000698643
-0.00106642
-0.00128524
-0.00144538
-0.00160744
-0.00171597
-0.00174626
-0.00177925
-0.00181211
-0.00125128
-0.000711377
-0.000171123
5.70173e-05
0.000162237
0.000271632
0.000155968
-0.000288987
-0.000722268
-0.00115565
-0.00131905
-0.00149164
-0.0016638
-0.00168821
-0.00165442
-0.00162267
-0.00144181
-0.00104269
-0.000651362
-0.000260032
-0.000278604
-0.000283076
-0.00028803
-0.000544276
-0.000899386
-0.00125086
-0.00144659
-0.00141417
-0.00138959
-0.00136475
-0.00149594
-0.0016217
-0.00174755
-0.00174845
-0.00170013
-0.00165353
-0.00144537
-0.00100067
-0.000564343
-0.000128031
-0.000402565
-0.00065265
-0.000903399
-0.000661995
-0.000226768
0.000201557
0.000269468
-0.000190743
-0.000632658
-0.0010749
-0.00116878
-0.00127444
-0.00137963
-0.00144007
-0.00148283
-0.00152616
-0.00155334
-0.00155688
-0.00156122
-0.00156553
-0.00118054
-0.000809013
-0.000437278
-0.000519219
-0.000779996
-0.00103454
-0.00123188
-0.00134518
-0.00146125
-0.00157714
-0.00163823
-0.00170114
-0.00176394
-0.00153952
-0.00120192
-0.000868369
-0.000631406
-0.000536053
-0.000435991
-0.000336156
-0.000595588
-0.000842748
-0.00109016
-0.00130384
-0.00150415
-0.00170477
-0.00184388
-0.00189294
-0.001945
-0.00199691
-0.00173104
-0.00147601
-0.00122079
-0.00104541
-0.000901608
-0.000756844
-0.000726685
-0.000864365
-0.000996334
-0.00112841
-0.00123716
-0.00134662
-0.00145598
-0.00152273
-0.00157264
-0.00162308
-0.00170152
-0.00182105
-0.00193912
-0.00205717
-0.00153419
-0.00103293
-0.000531283
-0.000572648
-0.000828399
-0.00107684
-0.00124991
-0.00131223
-0.00137819
-0.00144398
-0.0014816
-0.00152012
-0.0015586
-0.00170761
-0.00190023
-0.00209128
-0.00213203
-0.00195249
-0.00178036
-0.00160811
-0.00149384
-0.00137772
-0.00126174
-0.00136413
-0.00155276
-0.00173841
-0.00185682
-0.00187659
-0.00189961
-0.00192251
-0.00198114
-0.00203856
-0.00209598
-0.00211838
-0.00212693
-0.00213594
-0.00201611
-0.00170745
-0.00140521
-0.00110296
-0.00134886
-0.00157657
-0.00180473
-0.00186328
-0.00185477
-0.00184847
-0.00185685
-0.00188686
-0.00191615
-0.00194544
-0.00205316
-0.00215825
-0.00226335
-0.00202504
-0.00165104
-0.00128172
-0.00117037
-0.00143734
-0.00169175
-0.00194641
-0.00204246
-0.00214362
-0.00224456
-0.00230594
-0.00235166
-0.00239786
-0.00242119
-0.002411
-0.00240192
-0.0023928
-0.00241108
-0.00242845
-0.00244585
-0.00249292
-0.00255171
-0.00261009
-0.00265165
-0.00266856
-0.00268626
-0.00270393
-0.00279105
-0.00287586
-0.0029607
-0.00294361
-0.0028862
-0.00283014
-0.00280524
-0.00282611
-0.00284548
-0.00286488
-0.00286431
-0.00286438
-0.00286443
-0.00284871
-0.00282674
-0.00280499
-0.00280403
-0.00283355
-0.00286207
-0.00289061
-0.00293667
-0.00298213
-0.00302759
-0.00303062
-0.00301685
-0.00300363
-0.00289279
-0.00263881
-0.0023896
-0.0021404
-0.00180171
-0.00146612
-0.00113064
-0.00129637
-0.00166054
-0.00201809
-0.00225836
-0.00232638
-0.00239988
-0.00247316
-0.00239618
-0.00232407
-0.00225184
-0.00212395
-0.00197406
-0.00182496
-0.00183548
-0.00208012
-0.00231713
-0.00255422
-0.00259619
-0.00264436
-0.0026923
-0.00268062
-0.00264532
-0.0026108
-0.00259431
-0.00260433
-0.00261349
-0.00262268
-0.00266499
-0.00270622
-0.00274746
-0.00277517
-0.00279751
-0.00282001
-0.00283771
-0.0028484
-0.00285931
-0.0028702
-0.00287568
-0.00288132
-0.00288696
-0.00274387
-0.00254186
-0.00234186
-0.00221667
-0.0022013
-0.00218245
-0.00216373
-0.00231041
-0.00245175
-0.00259318
-0.00259565
-0.00254302
-0.00249216
-0.00248798
-0.00255235
-0.00261452
-0.00267672
-0.00272268
-0.00276913
-0.00281553
-0.00280104
-0.00276242
-0.00272457
-0.00262011
-0.00241792
-0.00221892
-0.00201996
-0.00149273
-0.00097615
-0.000459565
-0.000306617
-0.000297998
-0.000284851
-0.000227685
-0.000105705
1.41649e-05
0.000134026
7.64471e-06
-0.000110938
-0.000229691
-0.000335073
-0.000435113
-0.000535259
-0.000557531
-0.000465554
-0.000377207
-0.000288802
-0.000426934
-0.000557901
-0.000689009
-0.000762397
-0.000812849
-0.000863984
-0.000929494
-0.00101615
-0.00110209
-0.001188
-0.0012095
-0.001233
-0.00125642
-0.00132342
-0.00140769
-0.00149137
-0.00156522
-0.00162462
-0.00168444
-0.00174421
-0.00179829
-0.00185252
-0.00190671
-0.00192663
-0.00193294
-0.00193966
-0.00195686
-0.00198945
-0.00202155
-0.00205364
-0.00203887
-0.00202556
-0.00201222
-0.0020527
-0.00211455
-0.0021757
-0.00226045
-0.00237984
-0.00249807
-0.00261628
-0.00254072
-0.00247118
-0.00240151
-0.00237441
-0.00236423
-0.00235354
-0.00236293
-0.00240178
-0.0024397
-0.00247763
-0.00254938
-0.00262005
-0.00269071
-0.00274306
-0.00278811
-0.00283337
-0.00284333
-0.0028015
-0.00276129
-0.00272105
-0.00271308
-0.00270413
-0.00269521
-0.00273702
-0.00279898
-0.00286028
-0.00288118
-0.00284273
-0.00280613
-0.00276949
-0.00283929
-0.00290579
-0.00297235
-0.00303757
-0.00310223
-0.00316688
-0.00319979
-0.00318614
-0.00317392
-0.00316166
-0.00305294
-0.00294723
-0.0028415
-0.00277654
-0.00272783
-0.00267866
-0.00269386
-0.00280356
-0.00291033
-0.00301712
-0.00304704
-0.00307928
-0.00311144
-0.00310427
-0.00308146
-0.00305914
-0.00306778
-0.00312191
-0.00317463
-0.00322736
-0.00323489
