0
0.012274
0.0111372
0.0110806
0.0109344
0.0108586
0.0108709
0.010876
0.0108796
0.0108653
0.0108525
0.0108396
0.0107821
0.0107174
0.0106533
0.0105975
0.0105535
0.0105086
0.0104724
0.0105115
0.0105444
0.0105777
0.0105425
0.0104959
0.0104503
0.0104042
0.0103574
0.0103108
0.0102487
0.0100482
0.00985921
0.00966962
0.0097715
0.00992229
0.0100689
0.010141
0.0101074
0.0100823
0.0100436
0.00988946
0.00974485
0.0095997
0.00942044
0.00923562
0.00905154
0.0090085
0.00916524
0.00930571
0.00943632
0.00946926
0.00950996
0.00954997
0.00943843
0.00930131
0.00916645
0.00902705
0.00888137
0.00873643
0.00861936
0.00874938
0.00885958
0.00897118
0.00886136
0.008714
0.00856984
0.00852255
0.00861291
0.00869225
0.00874606
0.00856538
0.00840345
0.0082403
0.00830161
0.00840117
0.00849758
0.0084918
0.00834073
0.00820128
0.00807512
0.00807393
0.00806298
0.00805281
0.00791974
0.00776576
0.00761365
0.00766252
0.0079968
0.00830837
0.00853983
0.00804507
0.00760737
0.00716593
0.00725917
0.00744425
0.00762194
0.00766566
0.00751842
0.00738613
0.00725499
0.00714286
0.00702944
0.00691629
0.00695242
0.00701429
0.00707408
0.00707349
0.00698691
0.00690704
0.00684809
0.00697932
0.00709583
0.00721328
0.00706913
0.00687985
0.00669428
0.00662434
0.00671903
0.00680108
0.00690603
0.00720758
0.00749379
0.00778072
0.00737454
0.00684833
0.00633199
0.00617219
0.00652009
0.00682921
0.00708648
0.00685886
0.00666804
0.00647474
0.00621778
0.00594997
0.00568338
0.00572691
0.00621157
0.0066625
0.00703375
0.00667715
0.00637539
0.00607
0.00592547
0.00580917
0.00569096
0.00579147
0.00620295
0.00659073
0.00690057
0.00650409
0.00616051
0.00581353
0.00576834
0.00577611
0.00577996
0.00590496
0.00620202
0.00648596
0.00668654
0.0061384
0.00564612
0.00515045
0.00494976
0.00480117
0.00464898
0.00482746
0.00547637
0.00608992
0.00659285
0.0060931
0.00566727
0.00523666
0.00505446
0.00491624
0.00477502
0.00489073
0.00537207
0.00582616
0.0062057
0.00590778
0.00565939
0.00540777
0.0050353
0.00464177
0.00425032
0.00394614
0.00376628
0.00357772
0.00348153
0.00420153
0.00486177
0.00552536
0.00548637
0.00532265
0.00516812
0.00484696
0.00428908
0.00374895
0.0032675
0.00331474
0.00332415
0.00333625
0.00352735
0.0037502
0.00397047
0.00426856
0.00467753
0.00507804
0.00538539
0.0048608
0.00439595
0.00392753
0.00360506
0.00330894
0.00301137
0.00286127
0.00292121
0.00296624
0.00309432
0.00395441
0.00476173
0.00557163
0.00546293
0.00518976
0.00492853
0.00459713
0.00416664
0.0037437
0.0033274
0.00297038
0.00260971
0.0022498
0.00221483
0.0022383
0.00225767
0.00266359
0.00362105
0.00453881
0.0053354
0.00503627
0.00481365
0.00458603
0.00412321
0.00361841
0.00311721
0.0027224
0.00247958
0.00222659
0.00200478
0.00205217
0.00208092
0.00211092
0.00280927
0.00362766
0.00443667
0.00481003
0.00456047
0.004354
0.00412616
0.00373186
0.00334951
0.00296686
0.00262489
0.00229063
0.0019563
0.00176458
0.00177645
0.00177443
0.00184788
0.00258631
0.00327849
0.00397288
0.00417234
0.00428176
0.00439714
0.00424148
0.00369893
0.00318331
0.00269733
0.00248659
0.00225755
0.00203005
0.00195926
0.00191709
0.00187306
0.00180662
0.00170791
0.00161151
0.00160244
0.00237329
0.00309076
0.00381084
0.00375943
0.0035673
0.00338484
0.00318667
0.00296687
0.0027488
0.00252363
0.00223374
0.00194855
0.00166342
0.00152208
0.00140719
0.00129069
0.00129135
0.00145947
0.00161626
0.00183106
0.00255863
0.00325127
0.00394531
0.00371987
0.00332603
0.00294383
0.00266846
0.00254694
0.00241544
0.00226621
0.00195136
0.00164782
0.00134394
0.00128615
0.00127365
0.0012582
0.00132464
0.00150806
0.00168359
0.00191592
0.00265259
0.00335533
0.00405937
0.00386007
0.00349451
0.00314027
0.00280568
0.00250011
0.00219306
0.00190324
0.00176332
0.00161384
0.00146518
0.00134172
0.00122304
0.00110421
0.00106483
0.00113921
0.00120615
0.00134375
0.00210869
0.00283217
0.0035574
0.00338861
0.0030545
0.00273147
0.00244218
0.00220213
0.00195923
0.00172577
0.00157248
0.00141424
0.00125653
0.00114357
0.00103905
0.000934112
0.000837289
0.00075199
0.000666064
0.000679042
0.00157393
0.00241151
0.00325167
0.00310263
0.00276983
0.00244913
0.00216474
0.00193337
0.00169893
0.0014817
0.00141391
0.00133676
0.00126029
0.00118279
0.00110519
0.00102769
0.000942415
0.000845932
0.000750278
0.000709077
0.00115366
0.00156713
0.00198204
0.00215242
0.002277
0.0024043
0.00244173
0.00235051
0.00226747
0.00216088
0.00184781
0.00154804
0.00124782
0.0010201
0.00080615
0.000591613
0.000439574
0.000377067
0.000309066
0.000248275
0.000248132
0.000244223
0.000240552
0.000835412
0.00154197
0.00224073
0.00264565
0.00262833
0.00263715
0.00259602
0.00212341
0.00167802
0.00123151
0.00111007
0.00104981
0.000985869
0.000869203
0.000676432
0.000488576
0.000312934
0.000247255
0.000174911
0.000103063
0.000690504
0.00140156
0.00210418
0.00261311
0.00284343
0.00309048
0.00326666
0.00282128
0.00241434
0.00200556
0.00167203
0.00135298
0.00103344
0.000748532
0.000513167
0.000275081
7.67986e-05
0.000230276
0.000362249
0.000495365
0.000555136
0.000601005
0.000647658
0.000987039
0.00174731
0.00248127
0.00310649
0.00275313
0.00245915
0.00216195
0.00191992
0.00169826
0.00147564
0.00126135
0.00105882
0.000855834
0.000655478
0.000476448
0.000296355
0.000116541
0.000103238
0.000121552
0.000137955
0.000255977
0.000519991
0.000774984
0.00105203
0.00152364
0.0019831
0.00244274
0.00226774
0.00185907
0.00146476
0.00106431
0.000656066
0.000248772
-0.000119367
-0.000141034
-0.000183177
-0.00022406
-0.000185655
-0.000118007
-5.21662e-05
-3.45885e-06
2.04723e-05
4.58353e-05
0.000120875
0.00064076
0.00113387
0.00162797
0.00164461
0.00157013
0.00150108
0.00134632
0.00106863
0.000798458
0.000529177
0.000269265
9.10936e-06
-0.000250728
-0.000295565
-0.000260933
-0.000230977
-0.000238244
-0.000299488
-0.000357518
-0.000395113
-0.000248973
-0.000113686
2.20743e-05
0.000383654
0.000828511
0.00126802
0.00139745
0.00108014
0.00078907
0.000514234
0.000395447
0.000267776
0.000140767
4.28625e-05
-4.4188e-05
-0.000131764
-0.000226195
-0.000330596
-0.000434302
-0.00051273
-0.000365856
-0.000232099
-9.77421e-05
-0.000163919
-0.000304329
-0.000440321
-0.000245768
0.000425308
0.00106834
0.00164125
0.00157897
0.00155305
0.00152509
0.00124847
0.000879781
0.00051676
0.000233948
6.69972e-05
-0.000106357
-0.000253685
-0.000173266
-0.000105879
-3.78277e-05
-0.000104406
-0.000220889
-0.00033441
-0.000351139
-0.000228163
-0.000113232
4.29217e-05
0.000564446
0.00106474
0.00156567
0.00165705
0.00159627
0.00154413
0.00136319
0.000997233
0.000642102
0.000299113
6.69268e-05
-0.000171223
-0.000408771
-0.000426431
-0.000362317
-0.00030286
-0.000267654
-0.000267779
-0.000265926
-0.000263369
-0.000253501
-0.000244052
-0.00023459
0.000137286
0.000643772
0.00114219
0.00137512
0.00122472
0.00109581
0.000948265
0.000643675
0.000348147
5.2445e-05
-4.00008e-05
-5.67004e-05
-7.75803e-05
-6.86578e-05
-1.70987e-05
3.20438e-05
5.81756e-05
-0.000122145
-0.000290861
-0.000460031
-0.000592975
-0.000712344
-0.000832329
-0.000811903
-0.000588979
-0.000377445
-0.000142554
0.000297348
0.000725503
0.00115383
0.00126296
0.00125296
0.0012495
0.00119255
0.00105893
0.000929656
0.00078508
0.000504709
0.000232065
-4.07026e-05
-0.000210422
-0.00034157
-0.000474678
-0.000609515
-0.000747082
-0.000884351
-0.000994017
-0.000857967
-0.000735419
-0.00061227
-0.000134161
0.000476284
0.00107889
0.00137118
0.00121507
0.00108341
0.000950177
0.000813707
0.00067756
0.000541542
0.000383161
0.000216519
5.05029e-05
-8.20433e-05
-0.000166289
-0.000253045
-0.00034342
-0.000468108
-0.000590818
-0.000713502
-0.000519823
-0.000207879
9.73856e-05
0.000396832
0.000687499
0.000978326
0.00121377
0.000956603
0.000726056
0.000494333
0.000300814
0.000121693
-5.8006e-05
-0.000180593
-0.000220806
-0.000265365
-0.000297448
-0.000220448
-0.000149333
-7.79802e-05
-8.1768e-05
-0.000113709
-0.000144122
-6.10908e-06
0.000375406
0.000743613
0.00106535
0.000968345
0.0008936
0.000817757
0.000597985
0.000324337
5.38234e-05
-0.000132138
-0.00019578
-0.000265803
-0.000330242
-0.000348358
-0.000368893
-0.000389279
-0.000420148
-0.00045493
-0.00048947
-0.000578706
-0.000747017
-0.000911005
-0.00105573
-0.00102757
-0.00100849
-0.00098895
-0.000641754
-0.000171678
0.000291487
0.000501345
0.000344625
0.000207191
7.82167e-05
3.27864e-05
-1.69478e-05
-6.64062e-05
-8.49254e-05
-9.17973e-05
-9.92674e-05
-0.000177222
-0.000357166
-0.000531631
-0.0006962
-0.000771168
-0.0008507
-0.000929913
-0.000848342
-0.00070633
-0.00056759
-0.000383722
-0.000134757
0.000110591
0.000320056
0.000208976
0.000114533
1.93307e-05
0.00011111
0.000273206
0.000431519
0.000443412
0.000243251
5.41883e-05
-0.000133457
-0.000304849
-0.000476899
-0.000648739
-0.000785128
-0.000908078
-0.00103159
-0.000973283
-0.000651977
-0.000344437
-4.64729e-05
0.000162044
0.000374912
0.000587342
0.000717823
0.000817326
0.000918305
0.000939532
0.000845493
0.00075741
0.000656084
0.00043833
0.000226706
1.49867e-05
-0.000139914
-0.000273294
-0.000407629
-0.000498818
-0.000527689
-0.000559683
-0.000566555
-0.000350423
-0.000145773
5.92504e-05
0.000279315
0.000504938
0.000730054
0.000779715
0.000575412
0.000384095
0.000205338
0.000143243
7.53487e-05
7.81361e-06
-9.52508e-05
-0.00021167
-0.000327302
-0.000426453
-0.000501736
-0.000578138
-0.000660207
-0.000794076
-0.000925221
-0.00105637
-0.000754845
-0.000289938
0.000166352
0.000447902
0.00047594
0.000516583
0.000533436
0.000343476
0.000163993
-1.58314e-05
-0.000136204
-0.000234027
-0.000332872
-0.000446607
-0.000582038
-0.000716259
-0.000849554
-0.000975095
-0.0011009
-0.00122656
-0.00117867
-0.00106511
-0.000954916
-0.000746493
-0.000395947
-5.27574e-05
0.000255315
0.000248703
0.0002576
0.000265724
5.5886e-05
-0.000236403
-0.000524351
-0.000727649
-0.000808096
-0.000894496
-0.000966686
-0.00091507
-0.000869574
-0.000823822
-0.000797896
-0.000779492
-0.000760738
-0.000792994
-0.000899149
-0.00100159
-0.00110336
-0.00119834
-0.00129355
-0.00138866
-0.00112297
-0.000720598
-0.000325273
-0.000139972
-0.000259458
-0.000364011
-0.000468577
-0.000567547
-0.000666694
-0.000765735
-0.000770195
-0.000738759
-0.000709093
-0.000702262
-0.000728654
-0.000753413
-0.000783554
-0.000861325
-0.00093672
-0.00101216
-0.000957141
-0.000852622
-0.000750591
-0.000543975
-0.000185825
0.000164684
0.000475785
0.000433713
0.000408661
0.000382815
0.000262729
0.000106888
-4.70882e-05
-0.000185891
-0.000302626
-0.000420307
-0.000536058
-0.000635856
-0.000736321
-0.000836658
-0.0008489
-0.00082764
-0.000808
-0.000779623
-0.000738678
-0.000698371
-0.000613055
-0.000124996
0.000343419
0.000812323
0.000834036
0.00068563
0.000545452
0.000371617
0.000149473
-7.01684e-05
-0.000267417
-0.00026491
-0.000271873
-0.000278381
-0.000379462
-0.000516477
-0.000651662
-0.000768467
-0.000858534
-0.000949778
-0.000979221
-0.000456868
3.89633e-05
0.000535578
0.000816796
0.00101584
0.00121857
0.0012173
0.000920313
0.000637508
0.00036485
0.00018684
4.55485e-06
-0.000177359
-0.000301472
-0.000403483
-0.000506434
-0.00061322
-0.000725684
-0.000837777
-0.000936093
-0.000911808
-0.000893276
-0.000874492
-0.000568144
-0.000152303
0.000258042
0.00044731
0.000315432
0.000198635
7.202e-05
-0.000136996
-0.000341985
-0.00054697
-0.000654791
-0.000725483
-0.000797832
-0.000868351
-0.000936359
-0.00100442
-0.00107221
-0.00113805
-0.00120392
-0.00126972
-0.00130358
-0.00132523
-0.00134743
-0.0011837
-0.000750013
-0.000329188
5.62237e-05
0.000122501
0.000203424
0.000283598
9.10836e-05
-0.0002055
-0.000497024
-0.000655875
-0.000621814
-0.000596646
-0.000577652
-0.000617402
-0.000654421
-0.000691532
-0.000769291
-0.000862546
-0.000955006
-0.000998046
-0.000969282
-0.000943828
-0.00087813
-0.00045346
-4.55696e-05
0.000362715
0.000506766
0.000549711
0.000597226
0.000561104
0.000403802
0.00025216
0.000103005
-2.2672e-05
-0.000149302
-0.000275774
-0.000362557
-0.000434107
-0.000506284
-0.000588262
-0.000684557
-0.000780115
-0.000868799
-0.000896346
-0.000926634
-0.000956771
-0.000680699
-0.000287548
9.99601e-05
0.000371907
0.000475701
0.000586987
0.000671503
0.000520266
0.000379786
0.000238947
0.000141912
6.16976e-05
-1.92013e-05
-0.000115795
-0.000235284
-0.000353638
-0.000475928
-0.000633847
-0.000790026
-0.000946144
-0.00105142
-0.00113716
-0.00122369
-0.00123419
-0.00113423
-0.00103931
-0.000909967
-0.000473964
-5.20405e-05
0.000370135
0.00057231
0.000690036
0.00081142
0.000808351
0.000624637
0.000449125
0.000275252
0.000118082
-3.9691e-05
-0.000197297
-0.000349784
-0.000500226
-0.000650626
-0.000761655
-0.000815497
-0.000871826
-0.000924955
-0.000950838
-0.000977903
-0.00100489
-0.000706126
-0.000282481
0.000135274
0.000443213
0.00059124
0.000746191
0.00088155
0.000845382
0.000816803
0.000787914
0.000716419
0.000628594
0.000541564
0.000394369
0.000159676
-7.09673e-05
-0.000299458
-0.000508695
-0.000718593
-0.000928278
-0.000989992
-0.000994819
-0.00100213
-0.00101623
-0.00104035
-0.00106402
-0.00109056
-0.0011429
-0.00119405
-0.00124522
-0.00106519
-0.00079637
-0.000531658
-0.000269111
-9.86632e-06
0.000249297
0.000495796
0.000630702
0.000770342
0.000909655
0.000833564
0.000674662
0.000519492
0.000379019
0.000260107
0.000140364
1.24616e-05
-0.000189632
-0.000388339
-0.00058702
-0.000725706
-0.000841237
-0.000957669
-0.00107101
-0.00117994
-0.00128898
-0.00139791
-0.0014867
-0.00157627
-0.00166574
-0.00170945
-0.00173554
-0.00176235
-0.00177107
-0.00175349
-0.00173706
-0.0017206
-0.00168674
-0.00165365
-0.00162056
-0.00151564
-0.00138311
-0.00125187
-0.0011893
-0.00122672
-0.00125984
-0.0012931
-0.00120951
-0.00113098
-0.0010523
-0.000697449
-0.000236346
0.00021983
0.000539793
0.000661324
0.000791206
0.000920621
0.000614141
0.00032647
3.82433e-05
-0.00016584
-0.000337395
-0.000510185
-0.000599229
-0.000566482
-0.000538931
-0.000511182
-0.000513427
-0.000514398
-0.000515422
-0.000545182
-0.000586011
-0.000626337
-0.000634813
-0.000596894
-0.000560966
-0.000524985
-0.000252544
9.68901e-06
0.000272132
0.000402887
0.000482765
0.00056472
0.00059449
0.000548424
0.000505586
0.000462649
0.000573804
0.000678391
0.000783166
0.000683026
0.000503826
0.000328093
8.69355e-05
-0.000249377
-0.000581421
-0.000913366
-0.00103481
-0.00116496
-0.00129464
-0.00136216
-0.00140562
-0.00145005
-0.00149975
-0.0015572
-0.00161428
-0.00167132
-0.0016392
-0.00161081
-0.00158229
-0.00146815
-0.00132096
-0.00117527
-0.00104903
-0.000951154
-0.000852183
-0.00075334
-0.000651466
-0.000549802
-0.000448214
-0.000152351
0.000218477
0.000585893
0.000816138
0.000846443
0.000884996
0.000923176
0.00069197
0.000472087
0.000251918
0.000412044
0.000719177
0.00101999
0.00121573
0.00125808
0.00130672
0.00135505
0.0015097
0.00165984
0.00181004
0.00148128
0.000967333
0.00046142
6.85625e-05
-0.000159229
-0.000393607
-0.000627523
-0.000739434
-0.000856253
-0.000972775
-0.00109703
-0.00122422
-0.00135118
-0.00143463
-0.00145468
-0.00147731
-0.00149981
-0.00159108
-0.00167947
-0.0017679
-0.00178792
-0.00178144
-0.00177604
-0.00177544
-0.00178193
-0.00178812
-0.00179432
-0.00171324
-0.00163577
-0.00155822
-0.00155655
-0.00158428
-0.0016108
-0.00164417
-0.00168748
-0.00173034
-0.00177319
-0.00174864
-0.00172684
-0.00170495
-0.00168308
-0.00166123
-0.0016394
-0.00163923
-0.00167064
-0.00170076
-0.00173091
-0.00177178
-0.00181218
-0.00185257
-0.00182798
-0.00177819
-0.00172946
-0.00168132
-0.00163407
-0.00158683
-0.00153962
-0.00172961
-0.00190992
-0.00209047
-0.00212191
-0.00209548
-0.0020714
-0.0019834
-0.00180231
-0.00162509
-0.00144786
-0.000913549
-0.00039395
0.000125821
0.000461197
0.000724857
0.00099117
0.00113884
0.00111372
0.0010955
0.00107703
0.00134305
0.00159752
0.00185224
0.00199192
0.00208686
0.0021835
0.00216421
0.00197591
0.00179447
0.0016129
0.00160383
0.00158792
0.0015723
0.00143388
0.00124782
0.00106381
0.000877905
0.000689305
0.00050096
0.000312754
0.000230206
0.000143547
5.71181e-05
-9.79476e-05
-0.000279611
-0.000460081
-0.000564922
-0.000559405
-0.000558243
-0.00055691
-0.000575839
-0.000593956
-0.00061209
-0.000658581
-0.000716075
-0.000773091
-0.000860353
-0.000991748
-0.00112131
-0.00125084
-0.00127261
-0.00129859
-0.00132438
-0.00139338
-0.00147916
-0.00156421
-0.00160995
-0.00159833
-0.00158895
-0.0015795
-0.00160649
-0.00163203
-0.00165761
-0.00168814
-0.00172058
-0.00175292
-0.00175823
-0.00172409
-0.00169153
-0.00165892
-0.00159703
-0.00153632
-0.00147562
-0.00135228
-0.00120462
-0.00105802
-0.000998259
-0.00106527
-0.00112731
-0.0011895
-0.0011549
-0.00112408
-0.00109314
-0.00106141
-0.00102938
-0.000997381
-0.00094304
-0.000856064
-0.000770416
-0.000684783
-0.000707724
-0.000726455
-0.000745334
-0.00064553
-0.000499543
-0.000355449
-0.000200911
-3.11767e-05
0.000137841
0.000306757
0.00042373
0.000542612
0.000661328
0.000660122
0.000612184
0.000566078
0.000561143
0.000616419
0.000669344
0.000722318
0.000756016
0.000790428
0.000824785
0.000824198
0.000809989
0.000796311
0.000736449
0.000609161
0.000484546
0.000359925
4.40444e-05
-0.000264295
-0.000572687
-0.000651894
-0.000641694
-0.000634909
-0.000663935
-0.000745458
-0.000824921
-0.000904402
-0.000853777
-0.000808136
-0.000762341
-0.000814911
-0.000905827
-0.000995219
-0.0010335
-0.000997065
-0.000963493
-0.000929838
-0.000501305
-8.80545e-05
0.000325462
0.000217585
-9.37141e-05
-0.000397084
-0.000649225
-0.000826192
-0.00100586
-0.0011853
-0.00129247
-0.00140229
-0.00151193
-0.0015519
-0.00156466
-0.00157843
-0.00158046
-0.00156539
-0.00155098
-0.00153655
-0.00146472
-0.0013951
-0.00132545
-0.00123274
-0.00113107
-0.00102981
-0.000978408
-0.000999827
-0.0010185
-0.00103726
-0.000852239
-0.000674988
-0.00049758
-0.000251243
2.19193e-05
0.000293874
0.000458119
0.000464999
0.000477753
0.000490278
0.00034258
0.000200971
5.92404e-05
-7.20981e-05
-0.000199321
-0.000326603
-0.00043646
-0.000520903
-0.000606228
-0.000691458
-0.000717331
-0.000745392
-0.00077335
-0.000617695
-0.000390319
-0.000165773
2.54147e-05
0.000167773
0.000311836
0.000455728
0.000423282
0.000397391
0.000371277
0.00035461
0.000341642
0.000328548
0.000356073
0.000442964
0.000527598
0.000612252
0.000461245
0.000319046
0.000176626
0.000178237
0.000236194
0.000292032
0.000304325
0.000252863
0.000203786
0.000154658
0.000194301
0.000230651
0.000267095
3.46555e-05
-0.000302919
-0.000636386
-0.000876321
-0.000979407
-0.00108744
-0.0011952
-0.00121858
-0.00124503
-0.00127134
-0.00128056
-0.00128308
-0.00128584
-0.00124425
-0.00113782
-0.00103383
-0.000929831
-0.000526151
-0.000133702
0.00025887
0.000167651
-0.000113002
-0.000386548
-0.000614386
-0.000775095
-0.000938131
-0.00110096
-0.00113763
-0.00117886
-0.00121989
-0.00124857
-0.00127239
-0.00129637
-0.00129868
-0.00126931
-0.00124111
-0.00121289
-0.00127059
-0.00132513
-0.00137974
-0.00130376
-0.00117662
-0.00105143
-0.000844804
-0.000519146
-0.000198025
0.000123028
-5.38605e-05
-0.000212645
-0.000371968
-0.000595436
-0.000843968
-0.00109142
-0.00126406
-0.00132731
-0.00139446
-0.00146142
-0.00142141
-0.00138527
-0.00134903
-0.00134102
-0.00134409
-0.00134677
-0.00117579
-0.000750783
-0.000335193
8.04369e-05
7.20247e-05
7.88172e-05
8.506e-05
6.32075e-05
3.03334e-05
-2.12272e-06
-8.93156e-05
-0.000256577
-0.000420856
-0.000585124
-0.000522749
-0.000468512
-0.000414025
-0.000380024
-0.000354075
-0.000327856
-0.000287723
-0.000227209
-0.000167463
-0.000107733
-0.000237118
-0.00035968
-0.000482398
-0.000574095
-0.000653579
-0.000733441
-0.000846946
-0.00100973
-0.00117064
-0.00133151
-0.00140595
-0.00148341
-0.0015607
-0.00140342
-0.00115409
-0.000908201
-0.000755304
-0.000738592
-0.000717073
-0.00069574
-0.000764803
-0.000830622
-0.000896509
-0.000876211
-0.000822066
-0.000769154
-0.00076543
-0.000833739
-0.000899461
-0.000965227
-0.000815272
-0.000673018
-0.000530593
-0.000468883
-0.000438912
-0.000407846
-0.000498379
-0.000766818
-0.00102882
-0.00129086
-0.00133333
-0.00138347
-0.00143331
-0.00150246
-0.00157917
-0.00165556
-0.0016873
-0.00165367
-0.00162236
-0.00159098
-0.00122267
-0.0008664
-0.000509956
-0.000290883
-0.000125908
4.08401e-05
9.57424e-05
-1.29347e-05
-0.00011583
-0.000218856
-0.000313417
-0.000408208
-0.000502924
-0.000410715
-0.000245022
-8.2e-05
-7.44356e-05
-0.000294545
-0.000506588
-0.000718764
-0.000772193
-0.000831096
-0.000889769
-0.000930008
-0.000962976
-0.000996173
-0.00106278
-0.00117832
-0.00129209
-0.00140584
-0.000975554
-0.000564394
-0.000152858
-0.000260187
-0.000571673
-0.000875888
-0.00106021
-0.00106872
-0.00108328
-0.00109763
-0.00111766
-0.00113749
-0.0011573
-0.00108427
-0.000974723
-0.000866506
-0.000770971
-0.000694036
-0.000616515
-0.000539068
-0.000473835
-0.000408226
-0.000342676
-0.00045855
-0.000645824
-0.000830519
-0.000954809
-0.000990565
-0.00102933
-0.00106797
-0.00120954
-0.00134749
-0.00148547
-0.0014876
-0.00143622
-0.00138671
-0.00117084
-0.000711411
-0.000260617
0.000190164
-0.000144978
-0.000453068
-0.000761871
-0.000850505
-0.000852359
-0.000857169
-0.000890275
-0.000964978
-0.00103821
-0.00111145
-0.00114982
-0.00118935
-0.00122882
-0.0012387
-0.00123691
-0.00123553
-0.00108433
-0.000713711
-0.000350788
1.21498e-05
-0.000261164
-0.000512725
-0.000764852
-0.000908286
-0.00100882
-0.00111073
-0.00117506
-0.00118443
-0.00119565
-0.00120679
-0.0012777
-0.00134653
-0.00141539
-0.00141545
-0.00138838
-0.00136225
-0.00132331
-0.00126567
-0.0012087
-0.00115175
-0.000847085
-0.000550967
-0.00025476
-0.000381285
-0.000674529
-0.00096197
-0.00118541
-0.00131488
-0.00144741
-0.00157976
-0.00154427
-0.00151443
-0.00148443
-0.001495
-0.00152157
-0.00154759
-0.00149722
-0.0013349
-0.00117643
-0.00101794
-0.00101581
-0.00100845
-0.00100126
-0.000928855
-0.00083073
-0.00073353
-0.000683501
-0.000702613
-0.000719406
-0.000736264
-0.000977962
-0.001212
-0.00144614
-0.0015063
-0.00149774
-0.00149148
-0.00144723
-0.00134745
-0.00124957
-0.0011517
-0.00114349
-0.00113231
-0.00112123
-0.00122284
-0.00136892
-0.00151342
-0.00153516
-0.00137692
-0.00122476
-0.00107249
-0.000973796
-0.00087339
-0.000773108
-0.000905224
-0.0011291
-0.0013498
-0.00143904
-0.00133551
-0.0012384
-0.00114116
-0.00122402
-0.00130089
-0.00137791
-0.00149685
-0.00163231
-0.00176713
-0.00186265
-0.00190055
-0.00194031
-0.00198
-0.00159414
-0.00122254
-0.000850709
-0.000753873
-0.00076577
-0.000774087
-0.000793615
-0.000829406
-0.000864639
-0.000899868
-0.000783129
-0.000671449
-0.000559676
-0.000719039
-0.000985546
-0.00124837
-0.0014548
-0.00157846
-0.00170475
-0.00183087
-0.00190539
-0.00198156
-0.00205762
-0.00210316
-0.0021366
-0.00217041
-0.00204218
-0.00167637
-0.00131854
-0.000960693
-0.000920696
-0.000870371
-0.000820416
-0.000994202
-0.00125644
-0.00151564
-0.00168935
-0.00173766
-0.00179001
-0.00184219
-0.00183891
-0.00183744
-0.00183591
-0.00184608
-0.00186088
-0.00187551
-0.00187509
-0.00185257
-0.00183079
-0.001809
-0.00187092
-0.00193009
-0.00198932
-0.00196824
-0.00191538
-0.00186358
-0.00171167
-0.00141297
-0.00111921
-0.000825481
-0.00113293
-0.00142079
-0.0017091
-0.00176675
-0.00173308
-0.00170236
-0.00168634
-0.00169199
-0.00169695
-0.00170192
-0.00171583
-0.00172945
-0.00174307
-0.00180643
-0.00188948
-0.00197184
-0.00190549
-0.00162101
-0.00134371
-0.00106635
-0.00130808
-0.00153301
-0.00175834
-0.00183471
-0.00185206
-0.00187128
-0.00189019
-0.00190874
-0.00192729
-0.00194582
-0.00194848
-0.00195165
-0.00195479
-0.00197623
-0.00200489
-0.00203331
-0.00202872
-0.0019757
-0.00192426
-0.0018728
-0.00191149
-0.00194729
-0.00198315
-0.0020379
-0.0021001
-0.00216203
-0.00206307
-0.00172806
-0.00140077
-0.00107344
-0.00125382
-0.00141797
-0.00158253
-0.00168641
-0.00176619
-0.00184669
-0.00189966
-0.00191229
-0.00192619
-0.00194004
-0.0020023
-0.00206298
-0.00212368
-0.00217831
-0.0022305
-0.00228274
-0.00233058
-0.00237199
-0.00241359
-0.00245515
-0.00247983
-0.00250504
-0.00253021
-0.0025333
-0.00252763
-0.00252224
-0.00248763
-0.00241014
-0.00233406
-0.00225798
-0.00218722
-0.00211633
-0.00204549
-0.00196804
-0.00188798
-0.00180805
-0.00163346
-0.00131994
-0.00101097
-0.000702059
-0.000802748
-0.000890534
-0.00097867
-0.00119965
-0.00147327
-0.00174507
-0.00193024
-0.00198826
-0.00205022
-0.00211202
-0.00211132
-0.00211258
-0.00211377
-0.00198247
-0.00179863
-0.00161654
-0.00145433
-0.00132133
-0.0011875
-0.00105378
-0.00119171
-0.00132109
-0.00145066
-0.00140381
-0.00128694
-0.00117232
-0.00116997
-0.00133246
-0.00148974
-0.00164708
-0.0016718
-0.00170063
-0.00172931
-0.00172309
-0.001703
-0.00168336
-0.00172851
-0.0018688
-0.00200606
-0.00214333
-0.00177147
-0.00141561
-0.00105947
-0.00106126
-0.00120522
-0.00134469
-0.00144979
-0.00150427
-0.00156027
-0.00161619
-0.00171407
-0.0018106
-0.00190711
-0.00193158
-0.00192743
-0.00192416
-0.00193649
-0.00197176
-0.00200629
-0.00204083
-0.00184328
-0.00165299
-0.00146259
-0.00157497
-0.00180764
-0.00203647
-0.0021772
-0.00218847
-0.00220371
-0.00221881
-0.00222139
-0.00222435
-0.00222729
-0.0022673
-0.00232203
-0.00237627
-0.00237578
-0.00229492
-0.00221657
-0.00213819
-0.00210285
-0.00206622
-0.00202966
-0.00209943
-0.00221146
-0.00232213
-0.00238509
-0.00237795
-0.00237295
-0.0023679
-0.00237472
-0.00238118
-0.00238765
-0.00244646
-0.00252607
-0.002605
-0.00255294
-0.0023085
-0.00207006
-0.00183159
-0.00201426
-0.00218402
-0.00235406
-0.00245634
-0.00253163
-0.00260769
-0.00264812
-0.00263627
-0.00262602
-0.00261572
-0.00267219
