0
0.0142108
0.0130584
0.0131067
0.0130551
0.0130769
0.0131899
0.0132951
0.013378
0.0132573
0.0131537
0.0130488
0.0129776
0.0129122
0.0128464
0.01276
0.0126445
0.0125315
0.0124414
0.0125555
0.0126526
0.0127509
0.0127191
0.0126656
0.012614
0.0124964
0.0122857
0.012083
0.0118994
0.0118899
0.0118662
0.0118437
0.0117356
0.0116132
0.0114921
0.0114315
0.0114566
0.0114747
0.0114652
0.0112048
0.010965
0.010724
0.010927
0.0112048
0.0114761
0.011497
0.0111626
0.0108573
0.0105827
0.0105986
0.0105913
0.0105858
0.0102325
0.0098206
0.00941405
0.0092005
0.00926084
0.0092993
0.00936304
0.00963697
0.00989377
0.0101515
0.0100161
0.009814
0.00961746
0.00950359
0.00950747
0.00950206
0.0094828
0.00933357
0.00919481
0.00905544
0.00907878
0.00912989
0.00917873
0.00918373
0.00912627
0.00907379
0.00904684
0.00925037
0.00943558
0.00962193
0.00949649
0.00931777
0.00914347
0.00894238
0.00870364
0.0084682
0.00828699
0.00858848
0.00885208
0.00911821
0.00905996
0.00894599
0.00883651
0.00863004
0.00828624
0.00795356
0.00767214
0.00785119
0.00799455
0.00814043
0.00813206
0.00809712
0.00806427
0.00795665
0.00774301
0.00753781
0.00735706
0.00739766
0.0074213
0.0074462
0.00746123
0.00747456
0.00748801
0.00734035
0.00696375
0.00660511
0.00634911
0.00701617
0.0076123
0.00821289
0.00796218
0.00756383
0.00717724
0.0069235
0.00685972
0.00678171
0.0067446
0.00706154
0.00735138
0.00764282
0.0073521
0.00696021
0.00657648
0.00639933
0.00651668
0.00661182
0.00673679
0.00711394
0.00747171
0.00783039
0.00754283
0.00714253
0.00675121
0.00659088
0.00675999
0.00690439
0.00703715
0.00705129
0.0070742
0.00709643
0.00680821
0.0064658
0.0061279
0.00608997
0.00647936
0.00683668
0.00715299
0.00708654
0.00704834
0.00700812
0.00654228
0.00600198
0.00546793
0.00534112
0.00579461
0.00620498
0.0065355
0.00613029
0.00577937
0.005425
0.00523801
0.00508073
0.00492151
0.00479061
0.00469975
0.0046061
0.00457943
0.00514719
0.00567104
0.00619732
0.00594315
0.00555104
0.00516946
0.00476875
0.00434165
0.00391706
0.0036204
0.00446163
0.00521979
0.00598283
0.00582585
0.00550567
0.00519766
0.00473754
0.00406163
0.00340213
0.00286314
0.00340214
0.00386338
0.0043295
0.00472072
0.00509826
0.00547624
0.0053539
0.00451824
0.00373446
0.00306563
0.00344643
0.00375224
0.00406294
0.00393171
0.00372174
0.00351763
0.00363887
0.00422481
0.00477713
0.00524598
0.00495512
0.00471816
0.00447775
0.00391626
0.00329776
0.00268414
0.00264237
0.00341696
0.00413326
0.00477687
0.00474333
0.0047572
0.00476773
0.00418332
0.00349256
0.00281018
0.00249861
0.00271693
0.00289807
0.00314518
0.00395974
0.00473375
0.00550951
0.00504396
0.00435527
0.00368298
0.00309492
0.0026284
0.00215412
0.00177374
0.00222121
0.00261097
0.00300417
0.00329431
0.00356558
0.00383778
0.00392232
0.003739
0.00357431
0.00341709
0.00333621
0.00325022
0.00316469
0.00266612
0.00209326
0.00152625
0.00116079
0.00108364
0.000986947
0.00106841
0.00272685
0.00427575
0.00582999
0.00523429
0.00424885
0.0032912
0.0024948
0.00193115
0.0013525
0.000898467
0.00154118
0.00210891
0.00268094
0.00335501
0.00404706
0.00473695
0.00480978
0.00400022
0.00325109
0.00252294
0.00201049
0.00148425
0.000959638
0.00136187
0.00193289
0.00249185
0.00289596
0.00307767
0.003274
0.00343571
0.00329932
0.00318298
0.00306546
0.00264403
0.00216739
0.00169506
0.00163659
0.0021706
0.00266458
0.0030418
0.00235812
0.0017456
0.00112919
0.0014941
0.00203856
0.00257045
0.00309336
0.00360252
0.00411192
0.00446951
0.00347748
0.00257555
0.00166887
0.00123316
0.000884379
0.000530353
0.000387977
0.000547972
0.000687956
0.000963923
0.00244355
0.00384257
0.00524503
0.00477336
0.00395684
0.00316386
0.0024115
0.00171909
0.00102368
0.000360306
-2.6068e-05
-0.000429927
-0.000832127
-0.000163331
0.000702661
0.00155476
0.00231959
0.00295857
0.00360486
0.00411086
0.00337518
0.00272057
0.00206157
0.00144289
0.000832201
0.000221784
-0.000264772
-0.000574144
-0.000894499
-0.00107992
-7.0192e-05
0.00086163
0.00179725
0.00245645
0.00306379
0.00367366
0.00365615
0.00273965
0.00188169
0.00105878
0.000573635
6.7595e-05
-0.000436471
-0.00076576
-0.0010622
-0.00136036
-0.0012155
-0.000435582
0.000303079
0.00107626
0.00214162
0.00318715
0.0042326
0.00376323
0.00301202
0.00227954
0.00159168
0.000969135
0.000343262
-0.000256234
-0.00062836
-0.00101432
-0.00139892
-0.00125325
-0.00100866
-0.00077059
-5.66536e-05
0.00133975
0.00269167
0.00384633
0.00322782
0.0027209
0.00220764
0.00150991
0.00077821
4.95409e-05
-0.000495202
-0.000776081
-0.00107303
-0.00136616
-0.00163713
-0.00190914
-0.00218074
-0.00126145
-0.000119678
0.0010069
0.00181954
0.00218067
0.00256927
0.00283995
0.00207654
0.0013779
0.000676126
0.00013507
-0.000375332
-0.000886993
-0.00129786
-0.00156439
-0.00183946
-0.00208947
-0.00212307
-0.0021699
-0.00221586
-0.000964504
0.000530006
0.00200781
0.00286256
0.00282153
0.00283527
0.0027759
0.00209375
0.0014504
0.000805473
0.000201853
-0.000393445
-0.000988525
-0.00142623
-0.0016381
-0.00186343
-0.00207847
-0.00221118
-0.00234872
-0.00248581
-0.00122206
0.000305375
0.00181502
0.00273616
0.00281064
0.00293612
0.00298118
0.00233666
0.00173446
0.00113044
0.000581349
5.27824e-05
-0.000476382
-0.000940083
-0.00131003
-0.00168515
-0.00203299
-0.00214347
-0.00226804
-0.00239161
-0.00133691
-5.95412e-05
0.001203
0.00197024
0.00202454
0.00212129
0.00215339
0.00163168
0.00114356
0.000654015
0.000137766
-0.000388007
-0.000912591
-0.00132728
-0.00158408
-0.00184993
-0.00210539
-0.00227535
-0.00245016
-0.00262448
-0.00220457
-0.0015658
-0.000940713
-0.000158944
0.000847442
0.00183941
0.00266097
0.00196183
0.00135296
0.0007395
0.00016578
-0.000399917
-0.000965421
-0.00139748
-0.00163777
-0.00188902
-0.0021351
-0.00234318
-0.00255324
-0.00276294
-0.00284705
-0.00288471
-0.00292503
-0.00239619
-0.0010482
0.00025051
0.00141419
0.00135765
0.00137212
0.00138245
0.000963345
0.000385622
-0.00018223
-0.000727511
-0.00123976
-0.00175332
-0.00222428
-0.00231994
-0.00243717
-0.00255303
-0.00262002
-0.00266885
-0.00271867
-0.0025539
-0.00208014
-0.00162472
-0.0011013
2.43904e-05
0.00111418
0.00220478
0.0021593
0.001693
0.00125136
0.000739352
0.000127829
-0.000477299
-0.00105246
-0.00136202
-0.00168641
-0.00200958
-0.00220896
-0.00236228
-0.00251804
-0.00267695
-0.00284067
-0.00300393
-0.00302113
-0.00173428
-0.000522991
0.000691216
0.00118829
0.00141896
0.00166448
0.00161014
0.00112498
0.000664757
0.000198754
-0.00031038
-0.000816501
-0.00132222
-0.0016472
-0.00190482
-0.00216595
-0.00235693
-0.00244723
-0.00254309
-0.00263227
-0.00266545
-0.00270175
-0.00273783
-0.00167959
-0.000215202
0.00122478
0.00191144
0.00151053
0.00117092
0.000814359
0.000334049
-0.000138812
-0.000611561
-0.00101625
-0.00139535
-0.00177545
-0.00207202
-0.00224838
-0.00243124
-0.00260021
-0.00264986
-0.00270609
-0.00276189
-0.00237515
-0.00182384
-0.00128227
-0.000562132
0.000415117
0.00137706
0.00217865
0.00154782
0.000996833
0.000442044
-0.000162948
-0.000786361
-0.00140807
-0.00185088
-0.00203573
-0.00223457
-0.00241595
-0.00244993
-0.00249196
-0.00253351
-0.00257017
-0.00260499
-0.00263986
-0.00220446
-0.00109031
-1.45439e-05
0.000989624
0.00134424
0.00173396
0.00212134
0.00180039
0.00121516
0.000644973
6.86431e-05
-0.000515637
-0.00109885
-0.00164527
-0.00186736
-0.00210683
-0.0023451
-0.002425
-0.00244566
-0.0024695
-0.00250301
-0.00255072
-0.00259762
-0.002493
-0.00103388
0.000350443
0.00173731
0.00207576
0.00202203
0.00198951
0.00178273
0.00132595
0.000883136
0.000428117
-0.000133024
-0.000687857
-0.00124243
-0.00155022
-0.00176547
-0.00198545
-0.00215359
-0.00224736
-0.00234501
-0.0024389
-0.00250181
-0.00256631
-0.00263066
-0.00163241
-0.000236826
0.00113607
0.00188034
0.00171529
0.00159885
0.00144039
0.000928378
0.000435719
-5.7444e-05
-0.000429191
-0.000755219
-0.00108333
-0.0013679
-0.00158988
-0.00181494
-0.00202753
-0.00213198
-0.00224204
-0.00235169
-0.00238523
-0.0023902
-0.00239668
-0.00179733
-0.000322429
0.00110476
0.00235591
0.00202239
0.00177262
0.00151872
0.000999798
0.000381626
-0.000230683
-0.000769485
-0.00120188
-0.00163939
-0.00203984
-0.00211486
-0.00220683
-0.00229783
-0.0023043
-0.002279
-0.00225538
-0.00217663
-0.00201828
-0.00186425
-0.00160943
-0.000453978
0.000653358
0.00176205
0.00183033
0.00150751
0.00120535
0.000772096
0.000150684
-0.000460319
-0.00103669
-0.00130359
-0.00158626
-0.00186781
-0.00210053
-0.00231471
-0.00252963
-0.00268541
-0.00275581
-0.00283054
-0.00287711
-0.00267452
-0.00248498
-0.00229496
-0.0013014
-5.93092e-06
0.00127268
0.00188463
0.00153144
0.00122817
0.000893554
0.000299091
-0.000281436
-0.000862083
-0.00126382
-0.00159792
-0.00193514
-0.0021956
-0.00234538
-0.00250066
-0.00264451
-0.00268986
-0.0027402
-0.00279023
-0.00224565
-0.00147724
-0.000721009
5.04961e-05
0.00084356
0.00163472
0.00231004
0.00195491
0.00165245
0.00134762
0.000867569
0.000321647
-0.000220385
-0.000704375
-0.00110432
-0.00150811
-0.00188685
-0.00204659
-0.00221723
-0.00238714
-0.00246334
-0.0025041
-0.00254661
-0.00247052
-0.00222287
-0.0019841
-0.0016571
-0.00054296
0.000530502
0.00160493
0.00158618
0.00115451
0.000743978
0.000277511
-0.000268578
-0.000810133
-0.00132085
-0.00155801
-0.0018086
-0.00205828
-0.00216288
-0.00221255
-0.00226492
-0.00235881
-0.00251308
-0.00266419
-0.00279872
-0.00278477
-0.00277823
-0.00277132
-0.00193671
-0.000789471
0.000341102
0.000890284
0.000596548
0.000344894
6.42021e-05
-0.000459468
-0.00097059
-0.00148183
-0.00180881
-0.00206588
-0.00232614
-0.00251895
-0.00261438
-0.00271453
-0.00281403
-0.00291066
-0.00300733
-0.00310391
-0.003165
-0.0032126
-0.00326083
-0.00282651
-0.00169297
-0.000594875
0.000392545
0.000382872
0.000422086
0.000458866
6.6495e-05
-0.000488354
-0.00103471
-0.00149204
-0.00181998
-0.00215391
-0.00246667
-0.00259518
-0.00273255
-0.00286936
-0.00297191
-0.00306141
-0.00315146
-0.00322134
-0.00326206
-0.00330417
-0.00328486
-0.00271711
-0.00217653
-0.00163516
-0.00100519
-0.000341923
0.000319084
0.000600369
0.000331249
8.90175e-05
-0.000174152
-0.000614821
-0.00104649
-0.00147818
-0.00172863
-0.00191013
-0.00209479
-0.00224873
-0.00235847
-0.00247023
-0.00257776
-0.00264915
-0.00272222
-0.00279513
-0.00265568
-0.00243561
-0.00221962
-0.00160192
-0.000401792
0.000769279
0.00179516
0.00151852
0.00130446
0.00108761
0.000715221
0.000283845
-0.000144303
-0.000539216
-0.000885894
-0.00123454
-0.00155687
-0.00164727
-0.00174862
-0.00184936
-0.00196641
-0.00208959
-0.00221237
-0.00204713
-0.00146406
-0.000901375
-0.000306642
0.000570388
0.00143321
0.00229588
0.00231016
0.00200149
0.00170838
0.00131223
0.000767525
0.000230347
-0.000279752
-0.000548416
-0.000828215
-0.00110722
-0.00121428
-0.00125577
-0.0013003
-0.00139656
-0.00156812
-0.00173598
-0.00179318
-0.000859911
2.59786e-05
0.00091326
0.00134873
0.00161182
0.00188274
0.00182034
0.0012748
0.000752375
0.000232895
-0.000254437
-0.000742815
-0.00123069
-0.00151605
-0.00172403
-0.00193543
-0.00210126
-0.00220129
-0.00230428
-0.00240494
-0.00248673
-0.00256932
-0.0026518
-0.00190019
-0.000830754
0.000222934
0.000888834
0.00099106
0.00111932
0.00118031
0.000651099
0.0001497
-0.000352523
-0.000791797
-0.00120683
-0.00162259
-0.001931
-0.00208375
-0.00224355
-0.00239628
-0.00248983
-0.00258602
-0.00268201
-0.00274296
-0.00279049
-0.00283859
-0.00236834
-0.00114527
4.20996e-05
0.00109564
0.000945556
0.00085082
0.000753633
0.000370637
-0.000121434
-0.000608061
-0.00100962
-0.00128744
-0.00157066
-0.0018345
-0.0019291
-0.00203134
-0.00213314
-0.00222649
-0.00231656
-0.0024067
-0.00239018
-0.00221874
-0.0020545
-0.00179959
-0.000735009
0.000291801
0.00131939
0.00148737
0.00132638
0.00118047
0.000851502
0.000257495
-0.000323964
-0.000874372
-0.00114597
-0.00142994
-0.0017131
-0.00185752
-0.00194875
-0.00204229
-0.00212361
-0.00218736
-0.00225184
-0.00223301
-0.0014694
-0.000740016
-9.75017e-06
0.00068444
0.00136447
0.00204453
0.00222224
0.00167009
0.00115121
0.000627225
6.72302e-05
-0.000490648
-0.00104812
-0.00135707
-0.00157061
-0.00178823
-0.00196697
-0.00208955
-0.00221454
-0.0023267
-0.0023259
-0.00233015
-0.00233417
-0.00187755
-0.00124453
-0.000619942
0.000129728
0.00106097
0.0019833
0.00276016
0.0022379
0.00177384
0.00130761
0.00077601
0.000219563
-0.000335289
-0.000787052
-0.00108905
-0.00139742
-0.00169308
-0.00187975
-0.00207107
-0.00226202
-0.00236704
-0.00243902
-0.0025124
-0.00253588
-0.00248691
-0.00244119
-0.00226323
-0.00090254
0.00040485
0.00171344
0.00245973
0.00298975
0.00352881
0.00351022
0.00268136
0.0018888
0.00111741
0.000544208
-3.71857e-05
-0.00061771
-0.000939188
-0.00116096
-0.0013869
-0.00159231
-0.00176821
-0.00194525
-0.00212089
-0.00228576
-0.00245095
-0.00261598
-0.00270866
-0.00277348
-0.00283946
-0.00289529
-0.00293647
-0.00297825
-0.00285499
-0.00125483
0.00027972
0.00181579
0.00254684
0.00296794
0.00340213
0.00331214
0.00246045
0.00164251
0.000855887
0.00035714
-0.000153636
-0.000663451
-0.000993309
-0.00125374
-0.00151695
-0.00174507
-0.00192242
-0.00210181
-0.00228095
-0.00246302
-0.00264481
-0.00282646
-0.00289011
-0.0029083
-0.00292843
-0.00295934
-0.00300605
-0.00305205
-0.00309803
-0.00314417
-0.00319026
-0.00323631
-0.0020871
-0.000478087
0.00110985
0.0021997
0.00256382
0.00295868
0.00335189
0.00326109
0.00319106
0.0031202
0.00244531
0.00153799
0.00064135
2.64277e-05
-0.000178053
-0.000399846
-0.000620714
-0.000773592
-0.000929233
-0.00108462
-0.00123719
-0.00138858
-0.0015399
-0.00165176
-0.00170624
-0.0017631
-0.00181981
-0.00192454
-0.00202714
-0.00212975
-0.00152101
-0.000638192
0.000232286
0.00119485
0.0022911
0.00338077
0.00446981
0.00411112
0.00381381
0.00351417
0.0031809
0.00283477
0.00248947
0.00202778
0.00139648
0.000772843
0.000149409
-0.000130153
-0.000423929
-0.000716861
-0.000972181
-0.00121284
-0.00145392
-0.00165876
-0.00181096
-0.00196524
-0.0021193
-0.00224642
-0.00237456
-0.00250255
-0.00258876
-0.00265879
-0.00272944
-0.00279715
-0.00286067
-0.00292432
-0.0029879
-0.00299916
-0.0030126
-0.00302593
-0.00177818
-4.37194e-05
0.00166905
0.00277135
0.00298354
0.00323253
0.00347979
0.00295359
0.00245993
0.00196533
0.00129792
0.000564015
-0.000166531
-0.000684035
-0.000891198
-0.00111103
-0.00133016
-0.00149342
-0.00165886
-0.00182407
-0.00189019
-0.00191795
-0.00194727
-0.00196642
-0.00197089
-0.00197595
-0.00198098
-0.00207353
-0.00216239
-0.00225134
-0.00234282
-0.00243525
-0.00252756
-0.00261866
-0.00270802
-0.00279738
-0.00288666
-0.00296258
-0.00303898
-0.00311529
-0.00316984
-0.00321592
-0.00326232
-0.00330856
-0.00335462
-0.00340064
-0.00344663
-0.00350027
-0.00355354
-0.00360679
-0.00363318
-0.00364915
-0.00366554
-0.00341763
-0.00278445
-0.00216746
-0.00155032
1.37223e-07
0.00151139
0.00302301
0.00345382
0.00346569
0.00349454
0.00353283
0.0035859
0.00363833
0.00369074
0.00375585
0.0038204
0.00388492
0.00398199
0.00409164
0.00420069
0.00422989
0.00414266
0.00406021
0.00397763
0.00307723
0.00221054
0.00134318
0.00154314
0.00215688
0.00275347
0.0030267
0.00282756
0.00264758
0.00246697
0.00167213
0.000902605
0.000132678
-0.000293579
-0.000586322
-0.000884183
-0.00111524
-0.0012493
-0.00138713
-0.0015247
-0.0015586
-0.00159662
-0.00163445
-0.00167734
-0.00172217
-0.00176689
-0.0018284
-0.00191441
-0.00199938
-0.00208432
-0.000688752
0.000646722
0.00198353
0.00219527
0.00197013
0.00176254
0.00132119
0.000539788
-0.000227484
-0.000994707
-0.0011455
-0.00132064
-0.00149468
-0.00160638
-0.0016938
-0.00178211
-0.00185758
-0.0019144
-0.00197192
-0.00202936
-0.00212215
-0.00221346
-0.00230476
-0.00239683
-0.00248915
-0.00258139
-0.00264736
-0.00267502
-0.00270418
-0.00273326
-0.00110548
0.000455777
0.00201843
0.00247162
0.00249334
0.00253201
0.00211186
0.00102314
-3.84653e-05
-0.0011003
-0.00127934
-0.00149285
-0.00170484
-0.00184275
-0.00195176
-0.00206182
-0.00215888
-0.00223709
-0.00231597
-0.00239477
-0.00244404
-0.00249443
-0.00254474
-0.00258507
-0.0026215
-0.00265806
-0.00269871
-0.00274537
-0.00279175
-0.0028381
-0.00280688
-0.00277871
-0.00275044
-0.00133746
0.000613819
0.00254267
0.00364549
0.00354189
0.00348519
0.00342671
0.00285895
0.00231138
0.00176344
0.00108778
0.000362691
-0.000359928
-0.000858898
-0.00103148
-0.00121655
-0.00140099
-0.00152325
-0.00164781
-0.00177219
-0.00184819
-0.00190531
-0.00196312
-0.00205687
-0.00220315
-0.0023473
-0.00249141
-0.00248258
-0.00247963
-0.00247646
-0.00240319
-0.00230264
-0.00220321
-0.00147501
0.000171355
0.00178123
0.00339128
0.00330968
0.00329297
0.00327378
0.00307441
0.00280485
0.00253819
0.00219613
0.00174403
0.00129648
0.000849095
0.000297744
-0.000249219
-0.000795931
-0.00104371
-0.00117481
-0.00131026
-0.00143123
-0.00153136
-0.00163221
-0.00173295
-0.00178379
-0.00183648
-0.00188907
-0.00198272
-0.00209235
-0.00220129
-0.00165027
-0.000135247
0.00134207
0.0028197
0.00269489
0.00263088
0.00256461
0.00198945
0.0012159
0.000450449
-0.000163948
-0.0005575
-0.000959097
-0.00136009
-0.00147485
-0.00160032
-0.00172529
-0.0018214
-0.00190618
-0.00199133
-0.00205895
-0.00210104
-0.00214405
-0.00218699
-0.00216632
-0.00214805
-0.00212971
-0.000945596
0.000693289
0.00231387
0.0030149
0.00237188
0.00177974
0.00118613
0.00173361
0.00223793
0.0027435
0.00217453
0.00118604
0.00021397
-0.000427266
-0.000584494
-0.000759685
-0.000934075
-0.00106635
-0.00120009
-0.00133368
-0.00142209
-0.00149281
-0.00156414
-0.00165116
-0.00176118
-0.00187027
-0.00197931
-0.000430634
0.00105527
0.0025424
0.00287716
0.00276126
0.00266218
0.00262661
0.00268477
0.00273942
0.00279416
0.00247111
0.00216229
0.00185318
0.0012821
0.000608798
-6.02243e-05
-0.000526776
-0.000697375
-0.000878781
-0.00105965
-0.00121702
-0.00137514
-0.00153311
-0.00162449
-0.00168978
-0.00175598
-0.00157645
-0.00103778
-0.000512718
1.24542e-05
0.000875812
0.0017261
0.00257625
0.00230438
0.0015935
0.000899263
0.000289371
-0.000196541
-0.000686642
-0.00117623
-0.00132109
-0.00147847
-0.00163528
-0.0017423
-0.00182977
-0.0019179
-0.00199152
-0.002044
-0.00209722
-0.00215037
-0.00152476
-0.000924388
-0.000323532
0.000423079
0.00122647
0.00202721
0.00213624
0.00123393
0.000369091
-0.000496481
-0.000754726
-0.00103487
-0.00131401
-0.00144268
-0.00151233
-0.00158408
-0.0016578
-0.00173457
-0.00181116
-0.00188771
-0.00192928
-0.00197209
-0.00201483
-0.001192
-3.02845e-05
0.00111833
0.0019156
0.0021987
0.00250018
0.00280078
0.0020732
0.00138326
0.000692457
0.000149875
-0.000334388
-0.000820404
-0.00116442
-0.001301
-0.00144495
-0.00158853
-0.00163077
-0.00167662
-0.00172232
-0.00177484
-0.00183003
-0.00188508
-0.00169947
-0.00116184
-0.000637224
-0.000112518
0.000666215
0.00143528
0.00220415
0.00212231
0.00170677
0.00130347
0.000799283
0.000148007
-0.000497545
-0.00114284
-0.00125038
-0.00137704
-0.00150293
-0.00159848
-0.00168207
-0.00176603
-0.00184637
-0.00192146
-0.00199668
-0.00207185
-0.00120649
-0.000375213
0.000456683
0.00110692
0.0016856
0.0022664
0.00230845
0.00156249
0.000845029
0.000127067
-0.000310815
-0.00075832
-0.00120517
-0.00140066
-0.00149736
-0.00159749
-0.00169163
-0.0017772
-0.00186302
-0.00194877
-0.00198254
-0.00201812
-0.00205362
-0.00152433
-0.000773402
-3.08235e-05
0.000568031
0.000956363
0.00135184
0.00174679
0.000942401
0.000180806
-0.000581758
-0.000984743
-0.00124629
-0.00151262
-0.00170215
-0.00177964
-0.001861
-0.00194218
-0.00199289
-0.00204464
-0.00209631
-0.00215763
-0.0022227
-0.00228759
-0.0018415
-0.000647463
0.00051956
0.00168671
0.00181912
0.00198762
0.00215474
0.0015873
0.000731242
-0.000114144
-0.00069566
-0.000890635
-0.00109896
-0.00130667
-0.00141305
-0.00152288
-0.00163252
-0.00168078
-0.00170488
-0.00172981
-0.00176502
-0.00181534
-0.0018651
-0.00191484
-0.000555706
0.000753566
0.00206366
0.00248959
0.0025675
0.00265742
0.00231229
0.00133083
0.000372082
-0.000586783
-0.00079359
-0.00102628
-0.00125791
-0.00140653
-0.00152241
-0.00163935
-0.00172669
-0.00177082
-0.0018164
-0.0018619
-0.00194749
-0.00203164
-0.00211579
-0.00107275
0.000413628
0.00188371
0.00261418
0.00226124
0.0019458
0.0016293
0.000823968
3.59888e-05
-0.000752045
-0.00108863
-0.00124731
-0.00141198
-0.00154648
-0.00163716
-0.00172927
-0.00182128
-0.00188291
-0.00194553
-0.00200808
-0.00147821
-0.000715193
3.93321e-05
0.000746646
0.00138464
0.00202456
0.00266398
0.00157354
0.000542894
-0.000489092
-0.000876441
-0.00100965
-0.00115142
-0.00128908
-0.0014212
-0.00155341
-0.00168553
-0.00176088
-0.00183812
-0.00191523
-0.00158709
-0.00109935
-0.000617353
4.40095e-05
0.000967993
0.00188244
0.00279659
0.0020289
0.00131874
0.000607121
0.000103695
-0.00031747
-0.000741134
-0.00103506
-0.00113919
-0.00124967
-0.00135986
-0.00144579
-0.00153249
-0.00161911
-0.00167559
-0.00172016
-0.0017651
-0.00125832
5.67803e-05
0.00134375
0.0026308
0.00174249
0.000928016
0.000111611
-0.000351597
-0.000675317
-0.00100351
-0.00124944
-0.00137516
-0.00150484
-0.0016343
-0.00165483
-0.00167901
-0.00170305
-0.00167871
-0.00163528
-0.00159252
-0.00108284
0.000111002
0.00128114
0.00245129
0.00187704
0.00136152
0.000844372
0.000355277
-0.000122582
-0.000600498
-0.000945405
-0.00109556
-0.00125211
-0.00140834
-0.00153301
-0.00165865
-0.00178417
-0.00186509
-0.00192838
-0.00199221
-0.00147342
-0.000100805
0.0012425
0.00258588
0.00239938
0.00226384
0.00212669
0.00148544
0.000645316
-0.000187654
-0.00076787
-0.000977547
-0.00119937
-0.00142064
-0.00151221
-0.00160801
-0.00170361
-0.00179705
-0.0018896
-0.00198212
-0.00164913
-0.000692482
0.000242932
0.00117843
0.00118017
0.00121273
0.00124424
0.000718189
-2.80243e-05
-0.000766489
-0.00126239
-0.00140258
-0.00155439
-0.00170572
-0.0017979
-0.00189196
-0.0019859
-0.00203795
-0.00207341
-0.00210939
-0.00166039
-0.000500434
0.000635429
0.00177134
0.00177823
0.00182213
0.00186478
0.00122216
0.000308807
-0.000595086
-0.00120852
-0.00139594
-0.00159717
-0.00179781
-0.0018927
-0.00199098
-0.00208908
-0.00216981
-0.00224364
-0.00231764
-0.00200415
-0.00112254
-0.000260033
0.000602536
0.000777637
0.000975016
0.00117154
0.000650539
-0.000154145
-0.000949077
-0.00146978
-0.00158815
-0.00171952
-0.00185038
-0.00195379
-0.00205802
-0.00216216
-0.0022153
-0.00224825
-0.00228182
-0.00205028
-0.00143
-0.000822713
-0.000215398
0.000172125
0.000566511
0.000960419
0.000740775
0.000278346
-0.000175936
-0.000577536
-0.000901625
-0.00122801
-0.00155411
-0.00164869
-0.00175068
-0.00185236
-0.001941
-0.00202443
-0.00210798
-0.00216468
-0.00218204
-0.00220066
-0.00221923
-0.00106973
4.14617e-05
0.00115317
0.00133442
0.00114711
0.000971756
0.000600356
-5.80829e-05
-0.000706891
-0.00135559
-0.00147815
-0.00161749
-0.00175621
-0.00182012
-0.00185436
-0.00188953
-0.00195471
-0.00206396
-0.00217174
-0.00227949
-0.00228597
-0.00229568
-0.00230529
-0.00143579
-0.000218271
0.000987366
0.0015888
0.0013037
0.00104704
0.000789635
0.000132442
-0.0005116
-0.00115565
-0.00147186
-0.00165802
-0.00184819
-0.00197782
-0.00201888
-0.00206273
-0.00210646
-0.0021506
-0.00219469
-0.00223875
-0.00229693
-0.00236067
-0.00242419
-0.00201296
-0.000905169
0.000179855
0.00126491
0.000633504
5.68137e-05
-0.000521243
-0.000965392
-0.0013563
-0.00174864
-0.00201586
-0.00209968
-0.00218924
-0.00227857
-0.00238021
-0.00248141
-0.00258255
-0.00262145
-0.00263563
-0.00265058
-0.00243372
-0.00187674
-0.00133081
-0.000784877
-0.000158377
0.000465197
0.00108847
0.000752749
3.66628e-05
-0.000667027
-0.00114567
-0.00129368
-0.00145198
-0.00160986
-0.00172603
-0.00184344
-0.00196074
-0.00205537
-0.00214097
-0.0022268
-0.00230416
-0.00236912
-0.00243443
-0.00249968
-0.00188114
-0.00128435
-0.000687253
-0.000170698
0.000313706
0.000798811
0.000805283
0.000109443
-0.000564064
-0.00123785
-0.00140155
-0.00158104
-0.00175993
-0.00185882
-0.0019259
-0.00199392
-0.00208264
-0.00220178
-0.0023199
-0.00243798
-0.00244768
-0.00246073
-0.00247368
-0.00174399
-0.000719636
0.000294946
0.000647194
2.70524e-05
-0.000562572
-0.00115278
-0.00140348
-0.00166454
-0.00192512
-0.00201753
-0.00204311
-0.00207073
-0.00210375
-0.0021448
-0.00218557
-0.00222633
-0.0023273
-0.00242635
-0.00252539
-0.00182548
-0.000808369
0.00019834
0.000558808
-2.96498e-05
-0.000588521
-0.00114796
-0.00142978
-0.00171997
-0.00200972
-0.00215385
-0.00224005
-0.00232798
-0.00240099
-0.00245221
-0.00250406
-0.00255587
-0.00244749
-0.0023441
-0.00224062
-0.00175028
-0.00110633
-0.000467487
-0.000354769
-0.00101461
-0.0016504
-0.00228653
-0.00234424
-0.0024196
-0.00249437
-0.00254189
-0.00257855
-0.00261552
-0.00262972
-0.00261053
-0.00259237
-0.00257419
-0.00193906
-0.00132313
-0.000706996
-0.000941147
-0.00151339
-0.00207499
-0.00243959
-0.00251457
-0.00259832
-0.00268175
-0.00271433
-0.00274844
-0.00278247
-0.00281907
-0.00285667
-0.00289422
-0.00269314
-0.00214159
-0.00160102
-0.00106044
-0.00157528
