0
0.0203096
0.0187024
0.018862
0.0188746
0.0186836
0.0181865
0.0177155
0.0173274
0.0176911
0.017992
0.0182976
0.0180856
0.0177875
0.017497
0.0172875
0.0171933
0.0170898
0.0170241
0.0172864
0.0175215
0.0177584
0.0175995
0.0173744
0.0171552
0.0170577
0.0171333
0.0171947
0.0172821
0.0175913
0.017882
0.0181737
0.0179777
0.0177
0.0174293
0.0172365
0.0171548
0.0170643
0.0169447
0.0165591
0.0161956
0.015831
0.0164838
0.0173077
0.0181165
0.0183275
0.0176903
0.0171221
0.016571
0.0162136
0.0158414
0.0154709
0.0159482
0.0165687
0.0171768
0.0171411
0.0161917
0.0153166
0.0145333
0.0146105
0.0146192
0.0146334
0.0150715
0.0155815
0.0160849
0.0160257
0.0151679
0.0143746
0.0136903
0.0140128
0.0142555
0.0145042
0.0142607
0.0139336
0.0136136
0.013454
0.0135224
0.0135729
0.0136525
0.0139791
0.014286
0.0145939
0.0145206
0.014382
0.0142488
0.014058
0.0137862
0.0135211
0.0132355
0.0127678
0.0123149
0.0118616
0.012065
0.0123812
0.0126881
0.0125988
0.011946
0.0113376
0.0108124
0.0110521
0.0112326
0.0114174
0.0119473
0.0125363
0.0131198
0.0131672
0.0124528
0.0117977
0.011178
0.0109066
0.0106091
0.0103139
0.01062
0.0110298
0.0114312
0.0117108
0.0118165
0.0119352
0.0120997
0.0126823
0.0132323
0.013784
0.013395
0.0128429
0.012304
0.0117763
0.0112656
0.0107544
0.0103617
0.0110196
0.0115975
0.0121806
0.0116982
0.0110306
0.0103779
0.0100335
0.0101288
0.0101912
0.0102398
0.0101448
0.0100607
0.00997584
0.0104332
0.0109848
0.0115287
0.0112963
0.00995887
0.00870547
0.00766777
0.00859486
0.00937504
0.0101649
0.00979989
0.0092327
0.00868127
0.00829057
0.00813002
0.00795275
0.00776202
0.0074381
0.00712445
0.00681051
0.00701275
0.00730566
0.00759149
0.00774091
0.00769546
0.00766434
0.00757617
0.00698828
0.00643773
0.00588526
0.00632508
0.00693966
0.00754062
0.00753426
0.00666156
0.00585304
0.00516858
0.0056232
0.00599461
0.00637151
0.00621348
0.00596097
0.00571564
0.00542675
0.00507637
0.00473092
0.00454434
0.00577404
0.00690008
0.00803196
0.00747155
0.00661119
0.00577357
0.00501332
0.00436522
0.00371003
0.00314948
0.00342123
0.00363314
0.00384902
0.00491306
0.00612716
0.00732885
0.00751269
0.00624422
0.00508077
0.00398663
0.00356464
0.00309559
0.00263054
0.00216253
0.00169455
0.00122724
0.00207455
0.00479745
0.00738413
0.00953933
0.00778763
0.00631353
0.00482197
0.00383279
0.00293437
0.00203085
0.00117851
0.000398063
-0.000386326
-0.00108764
-0.00105901
-0.00108146
-0.00110031
0.000874208
0.00320492
0.00550754
0.00651264
0.00566366
0.00494488
0.00418664
0.00314981
0.00213377
0.00111769
0.000218287
-0.000659162
-0.00153692
-0.00219245
-0.0025312
-0.00289137
-0.00297165
-0.000571605
0.00165407
0.0038887
0.0046747
0.00519834
0.0057393
0.00566805
0.00472416
0.00384146
0.00297822
0.00231672
0.0016423
0.000969687
-2.30515e-06
-0.0010275
-0.00204766
-0.00272503
-0.00291261
-0.00313332
-0.00312462
-0.00109119
0.000801732
0.00270163
0.00376272
0.00467052
0.00558749
0.00596553
0.00557454
0.00523615
0.00483786
0.00393337
0.00306431
0.00219403
0.00122296
0.000234506
-0.000751446
-0.00154738
-0.00207191
-0.002614
-0.00312831
-0.00341119
-0.00370921
-0.00400582
-0.00356919
-0.00299914
-0.00243879
-0.00119592
0.00102288
0.00317353
0.00508574
0.00485168
0.00476102
0.00466093
0.00465644
0.0046693
0.00468098
0.00496514
0.00563918
0.00628646
0.00673872
0.00544116
0.00426119
0.00307501
0.00206208
0.00108183
0.00010071
-0.00065729
-0.00109658
-0.0015563
-0.00201408
-0.00247137
-0.0029281
-0.00338426
-0.00144916
0.00092367
0.00326466
0.00503801
0.00599678
0.00700764
0.00782298
0.00693413
0.00615782
0.00537518
0.00459351
0.00381268
0.00303281
0.00215463
0.0011352
0.000126278
-0.000853245
-0.00157468
-0.00231193
-0.0030472
-0.00327644
-0.00341195
-0.00355336
-0.00363563
-0.00363384
-0.00363748
-0.00333911
-0.000347435
0.00246662
0.0052885
0.00528543
0.00475951
0.00426792
0.0037809
0.00330342
0.00282594
0.00232049
0.00156031
0.000817445
7.44188e-05
-0.000713841
-0.00150974
-0.00230413
-0.00290958
-0.00324446
-0.00359618
-0.00391507
-0.00395406
-0.00401082
-0.00406638
-0.00296348
-0.0016462
-0.000344207
0.000819182
0.00178314
0.00275853
0.00360771
0.0033463
0.00315551
0.0029605
0.0025611
0.00212394
0.00168971
0.000957367
-0.000202686
-0.00133433
-0.00240469
-0.00292319
-0.00347575
-0.00402546
-0.00430223
-0.00452771
-0.00475613
-0.00490346
-0.00493483
-0.00497342
-0.00502212
-0.00516565
-0.00530307
-0.0054407
-0.00536314
-0.00524537
-0.00513025
-0.00510505
-0.00520911
-0.00530499
-0.00540597
-0.00554889
-0.00568902
-0.00582915
-0.00601223
-0.0062032
-0.00639345
-0.00650944
-0.00651886
-0.00653486
-0.00655474
-0.0066131
-0.00666902
-0.00672501
-0.00559427
-0.00424155
-0.00290417
-0.00185166
-0.00120892
-0.000541794
0.000139026
0.00096215
0.00177553
0.00258852
0.00301834
0.0033756
0.00373687
0.00418959
0.00477431
0.00535025
0.0057573
0.00465661
0.00364919
0.00263732
0.00170229
0.000782546
-0.00013701
-0.000936847
-0.00156518
-0.00220316
-0.0027905
-0.00293695
-0.00310995
-0.00328113
-0.00244377
-0.00141648
-0.000401907
0.000965804
0.00284062
0.00468256
0.00631309
0.00605499
0.00591097
0.00576026
0.00529031
0.00470313
0.0041237
0.00333484
0.00224519
0.00117489
0.000139597
-0.000582812
-0.00132309
-0.00206142
-0.00245547
-0.00278382
-0.00311569
-0.00335716
-0.00346912
-0.00358867
-0.00360699
-0.00272613
-0.00189984
-0.00107128
0.000554108
0.002472
0.00437025
0.00522506
0.00457814
0.004021
0.00340049
0.00225631
0.00114446
3.20238e-05
-0.000739211
-0.00138412
-0.00203573
-0.0025031
-0.00270634
-0.00292491
-0.00314196
-0.00335564
-0.00356926
-0.00378263
-0.00387704
-0.00394867
-0.00402154
-0.00410233
-0.00419466
-0.00428621
-0.00437878
-0.00448095
-0.00458243
-0.00468383
-0.0048618
-0.00506793
-0.00527217
-0.00545438
-0.00560481
-0.00575692
-0.00590057
-0.00597091
-0.00604543
-0.00611962
-0.00615113
-0.00616684
-0.00618344
-0.00624214
-0.00636153
-0.00647727
-0.00640906
-0.0046963
-0.00308059
-0.00146114
-0.000542325
0.000116644
0.000789839
0.0012246
0.00131755
0.00143007
0.00146551
0.00082332
0.000220809
-0.000383289
-0.00120106
-0.00209749
-0.00298838
-0.00359933
-0.00380699
-0.0040375
-0.00425175
-0.00433461
-0.00442487
-0.00451461
-0.0046124
-0.0047131
-0.00481351
-0.00492419
-0.00504968
-0.00517419
-0.00504309
-0.00262818
-0.000345786
0.00194154
0.00267248
0.00282545
0.00301101
0.00295759
0.00256256
0.00218732
0.00174933
0.000757235
-0.00020243
-0.00116284
-0.0018312
-0.00239067
-0.00295565
-0.00338925
-0.00363422
-0.00388953
-0.00413424
-0.00429176
-0.00445399
-0.00461578
-0.0047311
-0.00482905
-0.00492786
-0.00493892
-0.00482355
-0.00471539
-0.00436217
-0.00182136
0.000594397
0.00301444
0.00354088
0.00336251
0.00322362
0.00294358
0.00246317
0.00199445
0.00146456
0.000389642
-0.000653798
-0.00169783
-0.0022355
-0.00258427
-0.00294314
-0.00318285
-0.00325171
-0.00332995
-0.00342702
-0.00369778
-0.00395865
-0.00421977
-0.00442678
-0.00461349
-0.00480112
-0.00492971
-0.00497332
-0.00502155
-0.00486854
-0.00291942
-0.00107113
0.000780667
0.00134792
0.00143574
0.00154976
0.00159513
0.00154365
0.00149752
0.00135717
0.00037674
-0.000556711
-0.00149171
-0.00207599
-0.00252902
-0.00298872
-0.00339338
-0.0037194
-0.00404934
-0.00435144
-0.00440941
-0.00448059
-0.00455097
-0.00455155
-0.00452603
-0.00450196
-0.00456389
-0.00475012
-0.00492943
-0.00499503
-0.00404232
-0.00314569
-0.00224699
-0.00108079
0.000184757
0.00144358
0.00223487
0.00235103
0.00250343
0.00258058
0.0020039
0.00146298
0.000920729
0.000151722
-0.000701696
-0.00154967
-0.00219295
-0.00254055
-0.00290362
-0.00325427
-0.00350444
-0.00375971
-0.00401444
-0.00408543
-0.00408754
-0.00409333
-0.00415193
-0.00428713
-0.0044181
-0.00438445
-0.0028781
-0.00145169
-2.25459e-05
0.000918357
0.00167577
0.00244211
0.00283164
0.00267773
0.00255279
0.00233429
0.00129209
0.000294573
-0.000704252
-0.00136435
-0.00189705
-0.0024359
-0.00281779
-0.00297357
-0.0031411
-0.00330654
-0.00346026
-0.00361444
-0.00376843
-0.00388671
-0.00399151
-0.00409691
-0.00418308
-0.00424155
-0.00430141
-0.00416671
-0.00229348
-0.00051324
0.00127001
0.00192057
0.00214534
0.00239213
0.00219696
0.0013646
0.000566351
-0.000211207
-0.000794371
-0.00138705
-0.00197862
-0.00227493
-0.00246004
-0.00265074
-0.00286299
-0.00310694
-0.003349
-0.00358511
-0.00376922
-0.00395584
-0.00414214
-0.00426548
-0.00436506
-0.00446577
-0.00455128
-0.00461495
-0.00467968
-0.00451658
-0.00231716
-0.000224974
0.00187058
0.00262114
0.00286501
0.00313469
0.00300517
0.0023002
0.00162551
0.000926978
2.37018e-05
-0.000868148
-0.00175967
-0.00226158
-0.00261642
-0.00297842
-0.00325785
-0.00341851
-0.00358508
-0.00374645
-0.00386541
-0.00398642
-0.00410721
-0.0032792
-0.002094
-0.000928203
0.000294767
0.00159959
0.00289893
0.00405063
0.00389
0.00379615
0.00369901
0.003344
0.00289186
0.00244509
0.00179413
0.000847756
-8.27162e-05
-0.000960364
-0.00136585
-0.00179477
-0.00222207
-0.0024306
-0.00255639
-0.00268623
-0.00278153
-0.00282721
-0.00287534
-0.00273629
-0.000924559
0.000801298
0.00252974
0.00326295
0.00361984
0.00399525
0.00409838
0.00380878
0.00353913
0.00321011
0.00235688
0.00153072
0.000704029
4.62842e-05
-0.000547234
-0.00114337
-0.00161544
-0.00190833
-0.00220986
-0.00249332
-0.00262144
-0.00275717
-0.00289238
-0.00155347
0.000342283
0.0022085
0.00343248
0.00372481
0.00406303
0.00431409
0.00380859
0.00334105
0.00287209
0.00213835
0.00130476
0.000476934
-0.000224658
-0.000743329
-0.00127051
-0.00176569
-0.00198249
-0.0022128
-0.00244221
-0.00262959
-0.00280092
-0.00297288
-0.00308448
-0.00310874
-0.00313726
-0.00296327
-0.000979755
0.000913113
0.00280857
0.00329613
0.00324988
0.0032298
0.00292632
0.00221399
0.00152233
0.000820836
3.50459e-05
-0.000745865
-0.00152625
-0.00194079
-0.00221633
-0.00249838
-0.00272557
-0.00287384
-0.00302581
-0.00317012
-0.00324871
-0.00333041
-0.00341188
-0.00341592
-0.00339057
-0.00336666
-0.00265476
-0.000945439
0.000713977
0.002227
0.00242147
0.00267945
0.00293411
0.00260572
0.00205605
0.00151758
0.000932356
0.000279885
-0.000368721
-0.000987007
-0.00133735
-0.00170024
-0.00206217
-0.0022658
-0.00240914
-0.00255524
-0.0027185
-0.00290694
-0.00309399
-0.00327485
-0.00340119
-0.00353003
-0.00365861
-0.00241201
-0.000643259
0.00109887
0.00230252
0.00272399
0.00318235
0.00355987
0.00323332
0.0029406
0.00264656
0.00199921
0.00121779
0.00044349
-0.000249225
-0.000823426
-0.00140271
-0.00193532
-0.00205698
-0.00219799
-0.00233796
-0.00256333
-0.00282106
-0.00307702
-0.00326635
-0.00335897
-0.00345607
-0.00332621
-0.00116826
0.000891987
0.0029549
0.00377603
0.00412381
0.00449356
0.00453223
0.00409212
0.00367493
0.00320541
0.00227411
0.00136537
0.000456429
-0.000139506
-0.000615842
-0.00109734
-0.00153669
-0.00191547
-0.00229673
-0.00265227
-0.00278154
-0.00292125
-0.00306035
-0.00315692
-0.00323719
-0.00331816
-0.00341031
-0.00351881
-0.00362644
-0.00355526
-0.00188446
-0.00028961
0.00130729
0.00195529
0.00224097
0.0025432
0.00256878
0.00219394
0.00183801
0.00143997
0.000670333
-8.13832e-05
-0.000833233
-0.00134498
-0.00176481
-0.0021885
-0.00247557
-0.0025647
-0.00266288
-0.00276704
-0.0029291
-0.00308835
-0.00324759
-0.00338582
-0.00351596
-0.00364635
-0.00320092
-0.00191923
-0.000677126
0.000518481
0.00129079
0.00208181
0.00287124
0.00290373
0.00264688
0.00240352
0.0019717
0.00126694
0.000575303
-9.28014e-05
-0.000549971
-0.00101635
-0.00148189
-0.00173674
-0.00191087
-0.00208852
-0.00224763
-0.00238011
-0.00251368
-0.00263088
-0.00260296
-0.00258165
-0.00256007
-0.00114607
0.000799917
0.00272
0.00375503
0.00350311
0.00330973
0.00306678
0.00240267
0.00175823
0.00111348
0.000571081
6.81447e-05
-0.00043612
-0.000839725
-0.00109736
-0.00136135
-0.00161803
-0.00181383
-0.0020122
-0.00221027
-0.00150376
-0.000451158
0.00058494
0.00166334
0.00280258
0.00393807
0.00488242
0.00412269
0.00344006
0.00275458
0.00187223
0.000914828
-3.8358e-05
-0.000726219
-0.00102852
-0.00134778
-0.00164794
-0.00178618
-0.00193152
-0.00207642
-0.00216861
-0.00224054
-0.00231331
-0.00231795
-0.00222361
-0.00213377
-0.00184756
0.000195042
0.00215777
0.0041223
0.00447168
0.00420133
0.00395871
0.00354737
0.00289242
0.00224884
0.00158556
0.000745794
-8.54158e-05
-0.000916269
-0.00130905
-0.00153348
-0.00176516
-0.00192941
-0.0019962
-0.00206723
-0.00205635
-0.00131447
-0.000605448
0.000104397
0.00148563
0.00312401
0.00474963
0.00575847
0.00587006
0.00602095
0.00604634
0.00496496
0.00393307
0.00289991
0.0019992
0.00114979
0.000298875
-0.000361848
-0.000746372
-0.00114264
-0.00152191
-0.00175652
-0.00199724
-0.00223749
-0.00241162
-0.00256024
-0.00270984
-0.00285134
-0.0029812
-0.00311145
-0.00306301
-0.001416
0.000160061
0.00173784
0.00276579
0.00358181
0.00440632
0.00491895
0.00497869
0.00505801
0.00498719
0.00358057
0.00223298
0.00088401
0.00015327
-0.000339251
-0.000841641
-0.00125468
-0.00153855
-0.00182775
-0.00211647
-0.00239843
-0.00268043
-0.0029622
-0.0031478
-0.0032963
-0.00344627
-0.0035699
-0.00365535
-0.00374238
-0.00382926
-0.00370028
-0.00358067
-0.00346077
-0.00343558
-0.00344688
-0.0034566
-0.00347128
-0.00349309
-0.00351458
-0.00353606
-0.00347273
-0.00341309
-0.00335334
-0.00318315
-0.00297048
-0.0027598
-0.00219709
-0.0011219
-6.94651e-05
0.000983046
0.002313
0.00363002
0.00494647
0.0051931
0.00502716
0.00487888
0.00482271
0.00490169
0.00497488
0.00504824
0.00422601
0.00344242
0.00265785
0.00195033
0.00127284
0.000594661
6.96493e-05
-0.00023264
-0.000544083
-0.000854876
-0.00115735
-0.00145991
-0.00176222
-0.0019364
-0.00206105
-0.00218768
-0.00154278
0.000225636
0.0019453
0.00366557
0.00405027
0.00449077
0.00492856
0.00437851
0.0034473
0.00253286
0.00198139
0.00195929
0.00191504
0.00187175
0.00104956
0.000260651
-0.000528992
-0.00101111
-0.00137424
-0.00174203
-0.00205372
-0.00228414
-0.00251775
-0.00275103
-0.00289048
-0.00303372
-0.00317668
-0.00322151
-0.00322839
-0.00323684
-0.0032544
-0.00328532
-0.00331567
-0.00334601
-0.003405
-0.00346275
-0.0035205
-0.00360547
-0.00370092
-0.00379586
-0.00387348
-0.00392588
-0.00397928
-0.0040326
-0.00415776
-0.00427984
-0.00440196
-0.00385309
-0.00304498
-0.00224823
-0.00115869
0.000357183
0.00185424
0.00335083
0.00339638
0.0035016
0.00360428
0.00373489
0.0038762
0.00401695
0.00391816
0.00347026
0.00303705
0.00260359
0.00186862
0.00114661
0.000424656
-7.95456e-05
-0.000499217
-0.000922004
-0.00119046
-0.00123431
-0.0012873
-0.00133988
-0.00161064
-0.00187228
-0.00213407
-0.00230136
-0.00243196
-0.00256395
-0.00263185
-0.00260645
-0.00258488
-0.00256317
-0.00262586
-0.00268506
-0.00274437
-0.00283032
-0.00292657
-0.00302232
-0.00315931
-0.00335642
-0.00355094
-0.00374541
-0.00371147
-0.0036868
-0.00366178
-0.00283962
-0.00170886
-0.000591481
0.000438662
0.00134124
0.00224824
0.00315433
0.00311406
0.00311198
0.00310837
0.00330395
0.00357666
0.00384605
0.00397616
0.00390307
0.00383822
0.00377308
0.003734
0.00369391
0.0036539
0.00354751
0.00341543
0.00328449
0.00318349
0.00312616
0.00306713
0.00300822
0.0027426
0.00248546
0.00222819
0.00164896
0.000945042
0.000246666
-0.000268596
-0.000516694
-0.000775252
-0.00103319
-0.00113965
-0.00125206
-0.00136414
-0.00152682
-0.00170906
-0.00189037
-0.00207403
-0.00226113
-0.00244794
-0.00263461
-0.00276691
-0.00290125
-0.00303541
-0.00315685
-0.0032733
-0.00338985
-0.00348389
-0.00354516
-0.00360767
-0.00367009
-0.00380996
-0.00394665
-0.00408337
-0.00417222
-0.00424243
-0.00431333
-0.00439485
-0.00449196
-0.00458839
-0.00468476
-0.00474118
-0.00479913
-0.00485697
-0.00487973
-0.00488883
-0.00489846
-0.00493335
-0.00500513
-0.00507541
-0.00514569
-0.00520749
-0.00526957
-0.00533159
-0.00539606
-0.00546145
-0.00552676
-0.00538352
-0.00493595
-0.00450063
-0.00406516
-0.00292958
-0.00182222
-0.00071463
4.26914e-05
0.000663406
0.00128896
0.00196078
0.00270065
0.00343729
0.00417349
0.00434019
0.00452893
0.00471666
0.0047047
0.00461501
0.0045284
0.00472834
0.00534671
0.00594836
0.0065502
0.00598383
0.00546317
0.00494115
0.00457239
0.00426345
0.00395243
0.00373972
0.0036703
0.00359539
0.00352075
0.00347078
0.00341988
0.00336907
0.0033412
0.00332229
0.00330305
0.00289326
0.00191318
0.000955826
-1.66935e-06
-0.000300621
-0.000624672
-0.000947508
-0.00117802
-0.00137244
-0.0015681
-0.0017449
-0.00189433
-0.00204469
-0.00219489
-0.00226495
-0.00233803
-0.00241094
-0.00253008
-0.0026672
-0.00280352
-0.00293089
-0.0030452
-0.00315993
-0.00327455
-0.00348182
-0.00368539
-0.00388895
-0.0039524
-0.00396118
-0.00397204
-0.00400014
-0.00405355
-0.00410595
-0.00415836
-0.0042055
-0.0042528
-0.00430007
-0.00437631
-0.00446382
-0.00455084
-0.00461396
-0.00464217
-0.00467169
-0.00470113
-0.00476943
-0.0048362
-0.00490298
-0.00498496
-0.00507285
-0.00516044
-0.00506852
-0.00471438
-0.00437042
-0.00402633
-0.00290072
-0.00180545
-0.000709863
-0.000586937
-0.000843779
-0.00108612
-0.00111936
-0.000846384
-0.000585135
-0.000323642
-0.000123661
7.84824e-05
0.000280393
0.000676591
0.00114849
0.0016172
0.00198283
0.00219784
0.00241833
0.00263846
0.00354093
0.00441716
0.00529372
0.00490657
0.00402589
0.00316432
0.0027675
0.00305057
0.00330803
0.00356626
0.00431202
0.00503903
0.00576619
0.00554609
0.00495588
0.0043799
0.00374467
0.00302342
0.0023059
0.00158879
0.00130947
0.00101408
0.00071951
0.000427492
0.00013661
-0.000154099
-0.000403948
-0.000594172
-0.000786467
-0.000978542
0.000873615
0.00264869
0.0044253
0.0042175
0.00323371
0.00227934
0.00140799
0.000659267
-9.34305e-05
-0.000845425
-0.00104331
-0.0012615
-0.00147878
-0.00162084
-0.00173341
-0.00184697
-0.0019521
-0.00204497
-0.00213822
-0.0022314
-0.00238541
-0.00253707
-0.0026887
-0.00274827
-0.00277178
-0.0027966
-0.00291084
-0.00315589
-0.00339597
-0.00363605
-0.00376806
-0.00390392
-0.00403955
-0.00408657
-0.00409887
-0.00411244
-0.00417782
-0.00431903
-0.00445736
-0.0045957
-0.00453365
-0.00447896
-0.00442405
-0.00439007
-0.0043643
-0.00433824
-0.00435067
-0.00441932
-0.00448588
-0.00455246
-0.0042728
-0.00400594
-0.0037388
-0.00307799
-0.00226322
-0.00145464
-0.000923582
-0.000798445
-0.000658676
-0.000519538
-0.000238826
3.65528e-05
0.000311926
0.000698459
0.0011284
0.00155646
0.00191438
0.00216977
0.00242868
0.00268728
0.00263647
0.00259688
0.00255691
0.00282307
0.00320914
0.0035906
0.00370105
0.00341497
0.00314338
0.00287146
0.00362715
0.00434534
0.00506436
0.00480991
0.00417381
0.00355187
0.00297419
0.00246178
0.00194741
0.00143347
0.00182732
0.00218835
0.00255029
0.00285193
0.00312979
0.00340831
0.00310569
0.00195303
0.000831585
-0.000290176
-0.000546638
-0.00083382
-0.0011197
-0.00132139
-0.00148994
-0.00165956
-0.00178248
-0.00183721
-0.00189433
-0.00195133
-0.00191732
-0.00188657
-0.00185573
-0.00189432
-0.00196014
-0.00202494
-0.00212572
-0.0022791
-0.0024305
-0.00258187
-0.00263901
-0.00269944
-0.00275972
-0.00275607
-0.00272731
-0.00269947
-0.00273815
-0.00287423
-0.00300678
-0.00313935
-0.00322353
-0.00330936
-0.00339507
-0.00333992
-0.00322944
-0.003121
-0.0031367
-0.00333416
-0.00352507
-0.00371608
-0.00375074
-0.00379088
-0.0038308
-0.00381696
-0.00378199
-0.0037478
-0.00375246
-0.00381401
-0.00387353
-0.00393308
-0.00356797
-0.00321802
-0.00286778
-0.00276622
-0.00276243
-0.00275523
-0.00253023
-0.00198627
-0.00145385
-0.000921403
-9.28303e-05
0.000724809
0.00154226
0.00202858
0.00238452
0.00274475
0.00286121
0.00262114
0.00239367
0.00216593
0.00222592
0.00227585
0.00232609
0.00231203
0.00227269
0.00223426
0.00221346
0.00221853
0.00222269
0.00222689
0.00263225
0.00302341
0.00341479
0.00370063
0.00394485
0.00419034
0.00406642
0.00340178
0.00275633
0.00211067
0.00176517
0.00140952
0.00105447
0.00133337
0.00186166
0.00238097
0.0024477
0.00185144
0.00127848
0.000705106
0.000278301
-0.000153263
-0.000584366
0.000219384
0.00150896
0.00278092
0.00302184
0.00175244
0.000535867
-0.000681685
-0.000914605
-0.0011812
-0.00144646
-0.00164456
-0.00181612
-0.00198847
-0.0021497
-0.00229473
-0.00244021
-0.00258558
-0.00267834
-0.00277283
-0.00286721
-0.00290271
-0.00291502
-0.00292811
-0.00296392
-0.00303305
-0.003101
-0.00316894
-0.00324417
-0.00331909
-0.00339398
-0.00330604
-0.00315396
-0.00300418
-0.00295524
-0.00305407
-0.00314781
-0.00324165
-0.00331365
-0.00338635
-0.00345898
-0.00345657
-0.00342458
-0.00339363
-0.00334944
-0.00328591
-0.00322307
-0.00316026
-0.00325688
-0.00334803
-0.00343931
-0.00308788
-0.00256205
-0.00204247
-0.00121164
7.5041e-05
0.00134543
0.00261552
0.00257274
0.00257434
0.00257444
0.00270707
0.00289191
0.00307486
0.00330312
0.00359775
0.00388995
0.00418203
0.00420752
0.00424198
0.00427611
0.00418961
0.00405554
0.00392317
0.00370938
0.00337633
0.00304751
0.00271877
0.00311442
0.00348549
0.00385715
0.00362176
0.00314692
0.00268042
0.00250733
0.00276444
0.00300698
0.00324985
0.0030693
0.00290303
0.0027364
0.00293572
0.0032794
0.00361803
0.00338094
0.0023
0.00124794
0.000195614
-0.000112911
-0.000446023
-0.000778094
-0.000283257
0.000537905
0.00134766
0.00186356
0.00194852
0.00204775
0.00214643
0.0014546
0.000789499
0.000123947
-0.000165076
-0.000305285
-0.000450337
-0.00066634
-0.000986621
-0.00130323
-0.00161976
-0.00182956
-0.00204276
-0.0022557
-0.00238288
-0.00247612
-0.00257042
-0.00266736
-0.00276825
-0.00286894
-0.00296957
-0.0030303
-0.0030923
-0.00315422
-0.00322519
-0.00329972
-0.00337408
-0.00343469
-0.00347516
-0.00351626
-0.00355732
-0.00358371
-0.00361057
-0.0036374
-0.00366282
-0.00368766
-0.00371252
-0.00371424
-0.00368206
-0.00365102
-0.00361996
-0.00368837
-0.00375348
-0.00381864
-0.00391643
-0.00402708
-0.00413724
-0.00423097
-0.00430063
-0.00437102
-0.00444135
-0.00449407
-0.00454732
-0.00460052
-0.00462252
-0.00463216
-0.00464221
-0.00462599
-0.00457129
-0.00451788
-0.00446446
-0.00441044
-0.00435647
-0.00430254
-0.00434462
-0.00442467
-0.00450344
-0.00443277
-0.00414295
-0.00386044
-0.00357788
-0.00309282
-0.00261465
-0.00213656
-0.00122725
-0.000147623
0.000925778
0.00155968
0.00154912
0.00155944
0.00156907
0.00127199
0.00098503
0.000697926
0.000723156
0.000872005
0.00101676
0.0011655
0.00131992
0.00147405
0.0016281
0.00188075
0.00213006
0.00237931
0.00274876
0.00316566
0.00358076
0.00356965
0.00293346
0.00231781
0.00170189
0.00220947
0.0026806
0.0031526
0.00323029
0.0031518
0.00307838
0.00276212
0.00208989
0.00142951
0.000769177
0.000441311
0.000102999
-0.000234761
-0.000422167
-0.000549935
-0.00067953
-0.000786703
-0.000861116
-0.000936529
-0.00101186
0.000150113
0.00127181
0.00239409
0.00219359
0.00146904
0.000761669
0.000206893
-0.000123435
-0.000460706
-0.000797541
-0.00100666
-0.00121972
-0.00143251
-0.0016499
-0.00186903
-0.00208797
-0.0022293
-0.00225682
-0.00228794
-0.00231892
-0.00228833
-0.00225972
-0.00223106
-0.00235383
-0.00253661
-0.00271736
-0.00284328
-0.00288871
-0.00293667
-0.00298451
-0.00311251
-0.00323789
-0.00336328
-0.00343022
-0.00347397
-0.00351842
-0.00360352
-0.00374833
-0.00389117
-0.00403398
-0.00406645
-0.00410238
-0.00413818
-0.00416392
-0.00418568
-0.00420754
-0.00421947
-0.00421684
-0.00421467
-0.00421249
-0.00420456
-0.00419682
-0.00418907
-0.00415667
-0.00411449
-0.00407265
-0.00377459
-0.00310055
-0.00243873
-0.00177694
-0.00114812
-0.000518667
0.000110374
0.000373537
0.000491401
0.000613741
0.000489143
2.38593e-06
-0.000472739
-0.00094793
-0.000661861
-0.000399761
-0.000137075
0.000125428
0.000387773
0.000649959
0.000716092
0.000494547
0.000282112
6.95245e-05
0.000432134
0.000776598
0.00112141
0.0007389
6.77431e-05
-0.000594015
-0.00108588
-0.00132815
-0.00157803
-0.00182752
-0.000877819
3.40477e-05
0.000946523
0.00105456
0.000843098
0.000641673
0.000256458
-0.00039814
-0.00104399
-0.0016897
-0.00182215
-0.00197041
-0.00211808
-0.00173013
-0.00112954
-0.000535892
-8.85137e-05
0.000143999
0.000383005
0.000621663
-6.51191e-05
-0.000722914
-0.0013812
-0.00165434
-0.00177435
-0.00189902
-0.00201868
-0.00213126
-0.00224398
-0.00235664
-0.00256696
-0.00277415
-0.00298131
-0.00305202
-0.00306847
-0.00308658
-0.00310078
-0.00310933
-0.00311804
-0.00312675
-0.00311901
-0.00311179
-0.00310455
-0.00320852
-0.00335665
-0.00350334
-0.0036255
-0.0037116
-0.00379876
-0.00388583
-0.00381708
-0.00375315
-0.00368911
-0.00370096
-0.00374298
-0.00378406
-0.00383684
-0.00390678
-0.00397615
-0.0040455
-0.00401073
-0.00397915
-0.0039475
-0.00399213
-0.00406709
-0.00414108
-0.00419516
-0.00421999
-0.00424569
-0.00427135
-0.00428493
-0.00429887
-0.0043128
-0.00436151
-0.00442404
-0.00448611
-0.00451383
-0.0044911
-0.00446991
-0.00444869
-0.00445808
