0
0.00981786
0.00911097
0.00930396
0.00942189
0.00951437
0.00956163
0.00961256
0.00961017
0.00913622
0.00870202
0.00826526
0.00836648
0.00855734
0.0087405
0.0088357
0.00880565
0.00878595
0.00875622
0.00864458
0.00853984
0.00843471
0.00819558
0.00793427
0.0076752
0.0075318
0.00755218
0.00755918
0.00760921
0.00803291
0.00842554
0.00882005
0.00836516
0.00776791
0.00718317
0.00693232
0.0071554
0.00733981
0.00752092
0.00764698
0.00777727
0.00790702
0.0076732
0.00737823
0.00708866
0.00697064
0.00709611
0.00720186
0.00726095
0.00689133
0.0065566
0.00621961
0.0063353
0.00652758
0.00671344
0.00667987
0.00633463
0.00601473
0.00580967
0.0066421
0.00739087
0.00814508
0.00774295
0.00714456
0.00656265
0.00643656
0.00695846
0.00742839
0.00777429
0.00698393
0.00628428
0.00557859
0.00580051
0.00618054
0.00654756
0.00670788
0.00657369
0.00646278
0.00632081
0.00591709
0.00553444
0.00515075
0.00479754
0.00444996
0.00410248
0.00403874
0.00437752
0.0046845
0.00494712
0.00479596
0.00467711
0.00455594
0.0047204
0.00493377
0.00514304
0.00505462
0.00454314
0.00406506
0.00365075
0.00382214
0.00394821
0.00407756
0.00403145
0.00395515
0.00388128
0.0036968
0.00335541
0.00302655
0.002795
0.0034356
0.00400864
0.00458596
0.00407854
0.00338383
0.00270442
0.00264838
0.00347959
0.00424216
0.00485612
0.00410747
0.00346319
0.00281198
0.0029974
0.00332792
0.00364699
0.00384073
0.00385522
0.00388319
0.00383161
0.00308017
0.00238247
0.00168178
0.00220301
0.00293671
0.00365339
0.00381398
0.00318216
0.00261055
0.00205794
0.00170842
0.00134426
0.000981743
0.00198584
0.00322798
0.00445056
0.00500922
0.00462179
0.00430517
0.00392532
0.00302508
0.00216472
0.00130268
0.00112684
0.00107162
0.00100757
0.0015258
0.00287199
0.00415519
0.00518363
0.00391342
0.0028141
0.00170384
0.00120616
0.000816686
0.000419853
0.000855491
0.00247566
0.00400681
0.00531784
0.00462497
0.00407938
0.00352384
0.00256703
0.00154021
0.000519974
-0.000256855
-0.000686911
-0.00114153
-0.00142217
-0.000172407
0.000964648
0.00210822
0.00251766
0.00279673
0.00308481
0.00274633
0.00151599
0.000351715
-0.000725472
-0.000996462
-0.00132506
-0.00164905
-0.00195287
-0.0022527
-0.00255239
-0.00237593
-0.00152076
-0.000715394
5.59657e-05
0.000501147
0.00096899
0.00143455
0.000815439
3.67551e-06
-0.00079321
-0.00151583
-0.00213149
-0.00275387
-0.00332217
-0.00341927
-0.00354965
-0.00367749
-0.00379038
-0.00390044
-0.00401054
-0.00324733
-0.00123807
0.000680412
0.00231986
0.00143391
0.000727043
8.57016e-06
-0.000661895
-0.00132326
-0.00198433
-0.00245147
-0.00264225
-0.00285213
-0.00304636
-0.00311546
-0.00319322
-0.00327026
-0.00340768
-0.00355581
-0.00370298
-0.00309934
-0.00142359
0.000175217
0.00161678
0.00162499
0.00173272
0.00183339
0.00134279
0.000746043
0.000157473
-0.000406596
-0.000935226
-0.00146557
-0.00196494
-0.00219471
-0.00244277
-0.00268922
-0.0026683
-0.00259908
-0.00253328
-0.00233321
-0.00194159
-0.00156365
-0.00110257
9.61553e-05
0.00124271
0.00239127
0.00190789
0.00112945
0.000372222
-0.00020079
-0.000508832
-0.000834516
-0.00112491
-0.00111469
-0.00112493
-0.00113377
-0.00146534
-0.00185516
-0.00224049
-0.00252872
-0.00267788
-0.00283625
-0.00280394
-0.00107702
0.000533073
0.00214888
0.00300075
0.00371277
0.00443326
0.00444406
0.00344112
0.0025077
0.00158817
0.000824636
5.16539e-05
-0.000719658
-0.000937655
-0.00105441
-0.00117779
-0.00118541
-0.00102814
-0.000882088
-0.000743375
-0.000675314
-0.000602633
-0.000530357
0.000680486
0.00209843
0.00350073
0.00435254
0.00441583
0.00453136
0.00461694
0.00446764
0.00433409
0.00419968
0.00364863
0.0030217
0.00240061
0.00186797
0.00146212
0.00104844
0.000644214
0.000315303
-1.81296e-05
-0.000350827
-0.000518655
-0.000655995
-0.000795156
-0.000506604
0.000394236
0.0012538
0.0021778
0.00366182
0.00510729
0.00655339
0.00632557
0.00578951
0.00527424
0.00463165
0.00380833
0.00299784
0.00219762
0.00148816
0.000773715
6.05247e-05
2.52163e-05
0.000115171
0.000196896
0.000282463
0.00037279
0.000462693
0.000516879
0.00025286
9.71037e-06
-0.000234471
0.000902915
0.00229495
0.00366881
0.00455235
0.00473219
0.00495699
0.00512493
0.00481348
0.00453315
0.00425119
0.00381098
0.00334181
0.00287509
0.00237803
0.00183741
0.00130026
0.000789855
0.000514796
0.000225097
-6.33007e-05
-0.000321751
-0.000574366
-0.00082703
-0.000973346
-0.00096729
-0.000970904
-0.000935302
-0.000555058
-0.000197108
0.0001618
0.00152409
0.00307209
0.00460641
0.00534194
0.00493108
0.00459297
0.00420072
0.00336268
0.00255373
0.00174397
0.00113284
0.000559362
-1.57578e-05
-0.000258514
-2.47927e-05
0.0001788
0.000343821
0.000149459
-2.21987e-05
-0.00019506
-0.000319251
-0.000434236
-0.000549651
-4.86176e-05
0.00133725
0.00266633
0.00385991
0.00382476
0.00386598
0.0039024
0.00374835
0.00355865
0.00337139
0.00310677
0.00273119
0.00236293
0.00199711
0.00165348
0.00130892
0.000964831
0.000618108
0.000271216
-7.52375e-05
-0.000343694
-0.000500292
-0.000663573
-0.000816378
-0.000880905
-0.000950769
-0.00102022
0.000323612
0.00193234
0.00352289
0.00446809
0.00448538
0.00455933
0.00453908
0.00370925
0.0029298
0.00214822
0.00151329
0.000906567
0.000298867
-0.000119833
-0.000267378
-0.000431207
-0.00058631
-0.000673945
-0.000765562
-0.000856827
-0.000818953
-0.000756694
-0.000695985
-0.00019797
0.000928569
0.00201582
0.00304077
0.00349837
0.00398961
0.00447822
0.00430484
0.0038881
0.00348649
0.00292503
0.00213483
0.0013593
0.000623418
0.000242276
-0.000159651
-0.000559854
-0.000644327
-0.000668779
-0.000696787
-0.000669914
-0.000564442
-0.000463783
-0.000385706
-0.000510997
-0.000624033
-0.000737664
-0.000878907
-0.00103024
-0.00118079
-0.00122331
-0.00111043
-0.00100689
-0.000802181
0.000302393
0.00135241
0.00240442
0.00282553
0.00301378
0.00321555
0.00317815
0.00279791
0.00243831
0.00205402
0.00145652
0.000872274
0.000287934
-1.98928e-05
-0.00027468
-0.000532282
-0.000754329
-0.000925603
-0.00109965
-0.00125815
-0.00128084
-0.00131144
-0.00134155
-0.00033032
0.00106496
0.00243621
0.0030291
0.00250009
0.00203704
0.0015706
0.00110406
0.000638065
0.000172581
-0.000136529
-0.000387596
-0.000641739
-0.000883463
-0.00110772
-0.00133273
-0.00153409
-0.00152666
-0.00153131
-0.00153525
-0.00164222
-0.00178722
-0.00192987
-0.00204035
-0.00210438
-0.00217101
-0.00215073
-0.00135574
-0.000606198
0.000145097
0.00095001
0.0017743
0.00259654
0.00301993
0.00286899
0.0027511
0.00254701
0.0015886
0.000674396
-0.000241293
-0.000667853
-0.000912807
-0.00116783
-0.00138746
-0.00155709
-0.00172937
-0.00186931
-0.00172318
-0.00159347
-0.00146298
-0.00144294
-0.00146388
-0.00148248
-0.00149157
-0.00148678
-0.00148278
-0.00142153
-0.000848917
-0.000305847
0.000238279
0.000838204
0.00145849
0.00207694
0.00245714
0.00249407
0.00255028
0.00252608
0.00179362
0.00110178
0.000408425
8.37214e-05
-0.00010376
-0.000298724
-0.000481506
-0.000647459
-0.000814167
-0.000964009
-0.000964958
-0.000974225
-0.000983017
-0.00102399
-0.00107691
-0.0011291
-0.0012353
-0.00141936
-0.00159888
-0.00164326
-0.000479107
0.000616614
0.00171492
0.00211015
0.00224336
0.00239095
0.00240126
0.00221479
0.00203941
0.0018178
0.00118683
0.000579178
-2.90931e-05
-0.000348232
-0.000559423
-0.000776332
-0.0009052
-0.000907618
-0.000916992
-0.000933223
-0.00101428
-0.00109169
-0.00116921
-0.00123674
-0.00130051
-0.00136442
-0.00139903
-0.00139139
-0.00138607
-0.00125192
3.27142e-05
0.00125308
0.00247562
0.00277113
0.00272043
0.00268867
0.0024835
0.00202954
0.00158961
0.00115012
0.00071758
0.000285135
-0.000146845
-0.000338142
-0.000439386
-0.000545404
-0.000643164
-0.000729447
-0.000816257
-0.000881508
-0.000755019
-0.000639032
-0.000522603
-0.000627075
-0.000814069
-0.000996412
-0.000814845
-0.00010743
0.000570905
0.00122343
0.001637
0.00206297
0.00248781
0.00252419
0.00241515
0.00231404
0.00206572
0.00160535
0.00115683
0.000727651
0.00047326
0.000209795
-5.29047e-05
-0.000135397
-0.000150335
-0.000168862
-0.000237602
-0.000379188
-0.000516743
-0.000645951
-0.000699777
-0.000757555
-0.000815062
-0.000320407
0.000380895
0.00107048
0.00164422
0.00204996
0.00246417
0.00284957
0.00298492
0.00313335
0.00328093
0.00299113
0.00253742
0.00209285
0.00170648
0.00140471
0.00109879
0.000801493
0.000576662
0.000348253
0.000120274
-0.000127072
-0.000381527
-0.000635342
-0.000859019
-0.00103921
-0.00122149
-0.00139735
-0.00151837
-0.00164213
-0.00176561
-0.000896608
0.00034469
0.00156524
0.00230455
0.002347
0.00242576
0.00245523
0.00206158
0.00169039
0.00131841
0.00093858
0.00055601
0.000173979
-0.000145974
-0.000376305
-0.000611047
-0.00084154
-0.00103804
-0.0012361
-0.00143387
-0.00152938
-0.00158635
-0.00164526
-0.00170839
-0.00177782
-0.00184684
-0.00191393
-0.00196409
-0.00201507
-0.00206596
-0.00147569
-0.000644413
0.000173614
0.000867464
0.00138105
0.00190337
0.00235908
0.00222734
0.00212587
0.00202294
0.00181252
0.0015617
0.0013132
0.000946409
0.000408502
-0.000120112
-0.000610824
-0.000762625
-0.000931561
-0.00109945
-0.00115746
-0.00117398
-0.0011926
-0.00110931
-0.000878698
-0.000655808
-0.000465274
-0.000565833
-0.000651513
-0.000737861
2.26822e-05
0.00110225
0.00216456
0.0027633
0.00269019
0.00265115
0.00258764
0.00232054
0.00206399
0.00180717
0.00130305
0.000705864
0.000113969
-0.00028036
-0.000388533
-0.000510999
-0.000615084
-0.000562223
-0.000517301
-0.000472026
-0.000589801
-0.000769094
-0.000945121
-0.00109501
-0.00120689
-0.00132056
-0.00142322
-0.00142914
-0.0014399
-0.0014504
-0.00076821
0.000175437
0.0011051
0.00159623
0.00145161
0.00133881
0.00122826
0.00115117
0.00107249
0.000993965
0.000759851
0.000467019
0.000177394
-8.86424e-05
-0.000320412
-0.00055365
-0.000769396
-0.000831166
-0.000900498
-0.000969387
-0.00105656
-0.00115059
-0.00124419
-0.00133233
-0.00141258
-0.00149314
-0.00147371
-0.000560716
0.000307364
0.0011768
0.00137046
0.00130809
0.00125837
0.00132959
0.00157697
0.00181546
0.00198934
0.00158316
0.00120581
0.000827421
0.000422352
7.37714e-06
-0.000406707
-0.000734485
-0.000937307
-0.00114603
-0.00133625
-0.00136507
-0.00140174
-0.00143798
-0.00149571
-0.00156154
-0.00162692
-0.00169284
-0.00175956
-0.00182617
-0.00189209
-0.00195225
-0.00201263
-0.00207294
-0.00204095
-0.00197394
-0.00190869
-0.00152352
-0.000674576
0.000151108
0.000909575
0.00106296
0.00124544
0.00142633
0.00159887
0.00176811
0.00193735
0.00193002
0.0016667
0.00141596
0.00113491
0.000586242
5.097e-05
-0.000484432
-0.000697032
-0.00078687
-0.000882513
-0.000913837
-0.000852338
-0.000795344
-0.000754141
-0.000855716
-0.000950362
-0.00104525
-0.00120299
-0.00138454
-0.00156479
-0.0016645
-0.00164738
-0.00163585
-0.00152246
-0.000500039
0.000478123
0.00145746
0.00176025
0.00180553
0.00186302
0.00189107
0.00187733
0.00186558
0.00187374
0.00206074
0.00223908
0.00241766
0.0019904
0.00133277
0.000686663
0.000205676
-3.51952e-05
-0.000287181
-0.000524298
-0.000635005
-0.00075157
-0.000867749
-0.000946439
-0.0010108
-0.00107578
-0.00109674
-0.0010539
-0.0010141
-0.000866102
0.000249117
0.00131788
0.00238782
0.00275913
0.00286403
0.00298131
0.00294632
0.00269121
0.00244665
0.002169
0.00159796
0.00104116
0.000484214
0.000144204
-0.000112908
-0.000373647
-0.000620977
-0.000849214
-0.00107813
-0.00129213
-0.00137463
-0.00146318
-0.00155136
-0.00150247
-0.0014013
-0.00130264
-0.00124053
-0.00123159
-0.00122019
-0.00113032
-0.000337017
0.00042298
0.00118382
0.00133973
0.00126466
0.00120033
0.00106893
0.000840869
0.000617475
0.000380513
2.24294e-05
-0.000329743
-0.000681863
-0.000939906
-0.00116188
-0.00138531
-0.00149756
-0.00144854
-0.00140698
-0.00136578
-0.0013306
-0.00129517
-0.00125979
-0.00127519
-0.00131
-0.00134388
-0.00140828
-0.00151698
-0.00162354
-0.00164685
-0.00092485
-0.000237546
0.000450714
0.000695833
0.000771392
0.000854611
0.000920838
0.00096294
0.0010061
0.00107139
0.00133543
0.00159021
0.00184517
0.00175491
0.00153262
0.00131652
0.00103493
0.000658478
0.000286666
-4.32497e-05
9.96881e-07
2.8273e-05
5.6292e-05
0.000662164
0.00148894
0.002305
0.0026945
0.00246375
0.00226119
0.00203442
0.00160102
0.00117732
0.000753568
0.000517475
0.000353378
0.000186192
8.39891e-06
-0.000185093
-0.000377707
-0.000571971
-0.000782037
-0.000991206
-0.00120023
-0.00132532
-0.00141819
-0.00151242
-0.0015859
-0.00162934
-0.00167408
-0.00162527
-0.00074004
0.000107064
0.000955112
0.00111344
0.00100727
0.000912969
0.000752356
0.000496078
0.000244286
-9.32528e-06
-0.000279215
-0.000548142
-0.000816872
-0.00100844
-0.00117031
-0.00133335
-0.00147307
-0.00157906
-0.00168644
-0.00179607
-0.00192713
-0.00205713
-0.00218706
-0.00225038
-0.00228809
-0.00232691
-0.00231534
-0.00223058
-0.00214912
-0.0020349
-0.00162813
-0.0012346
-0.000840839
-0.000147435
0.000660689
0.00146306
0.0018414
0.00160295
0.0013918
0.00115137
0.000658095
0.000176345
-0.000305487
-0.000658125
-0.000960951
-0.00126569
-0.00149423
-0.00161216
-0.00173482
-0.00185242
-0.00192743
-0.00200422
-0.00208088
-0.00216381
-0.00224912
-0.00233424
-0.00242617
-0.00252801
-0.00262934
-0.00269201
-0.00240922
-0.0021417
-0.00187374
-0.00178535
-0.00176604
-0.00174375
-0.00177946
-0.00189935
-0.00201549
-0.00204493
-0.0012976
-0.000584547
0.000129372
0.000419867
0.000547309
0.000681687
0.000647822
0.000369618
0.0001022
-0.000165453
0.000178069
0.000494952
0.000812708
0.000869799
0.000826528
0.000787613
0.000862365
0.00110282
0.00133596
0.0015692
0.00124625
0.000947438
0.00064785
0.000921607
0.00141604
0.0019006
0.00208295
0.00182496
0.00158603
0.00134649
0.000998584
0.000655605
0.000312708
0.000163926
9.00188e-05
1.29804e-05
-4.78654e-05
-8.53698e-05
-0.000123837
-0.00016223
-0.00028824
-0.000410415
-0.000532649
-0.000601566
-0.000649895
-0.000699058
-0.000736048
-0.000755388
-0.000775461
-0.000795485
-0.000934317
-0.001068
-0.00120178
-0.0011747
-0.00108558
-0.00099916
-0.000929176
-0.00088326
-0.000836366
-0.000789554
-0.000824454
-0.000855877
-0.000887421
-0.00100121
-0.00114667
-0.00129069
-0.00143286
-0.00157235
-0.00171182
-0.00185118
-0.00190314
-0.00195873
-0.00201412
-0.00213447
-0.00227985
-0.00242406
-0.00254224
-0.00262251
-0.0027043
-0.00278596
-0.00283592
-0.00288716
-0.00293831
-0.00296991
-0.00299394
-0.00301826
-0.00304618
-0.00307934
-0.00311225
-0.00314515
-0.00309826
-0.00305473
-0.0030111
-0.00276616
-0.00244354
-0.00212443
-0.00171932
-0.00118902
-0.000664355
-0.000139894
0.000264825
0.000674176
0.001083
0.00118721
0.00117361
0.0011649
0.00125401
0.00148598
0.00171184
0.00193777
0.00211804
0.00230005
0.00248183
0.00267661
0.00287633
0.00307567
0.0032239
0.00329769
0.00337448
0.00345109
0.00352012
0.00358941
0.00365863
0.00356905
0.00341807
0.00326973
0.00314979
0.00307131
0.00299121
0.00291123
0.00284125
0.00277093
0.00270067
0.00272602
0.00278837
0.00284915
0.00273933
0.00238077
0.00203266
0.00168441
0.00153214
0.00137199
0.00121229
0.000876224
0.00047202
7.09226e-05
-0.000210055
-0.000315889
-0.000428765
-0.000541262
-0.000455133
-0.000377149
-0.000298897
-0.000303431
-0.000340033
-0.000375305
-0.000450735
-0.000584653
-0.000716092
-0.000847524
-0.000906907
-0.000969158
-0.00103124
-0.00108985
-0.00114708
-0.00120432
-0.00126367
-0.00132609
-0.00138834
-0.00145055
-0.00156847
-0.00168405
-0.00179963
-0.00180231
-0.0017612
-0.00172189
-0.00172988
-0.00180695
-0.00188118
-0.00195546
-0.00211727
-0.00227543
-0.00243361
-0.00253719
-0.00261953
-0.00270266
-0.00275779
-0.00277215
-0.00278813
-0.00280404
-0.00274407
-0.00268719
-0.00263023
-0.00259367
-0.00256504
-0.00253611
-0.00252072
-0.00252502
-0.00252853
-0.00253208
-0.0024186
-0.00230988
-0.00220106
-0.00214215
-0.00210264
-0.00206239
-0.00206151
-0.00211801
-0.00217218
-0.0022264
-0.00218487
-0.00214717
-0.00210935
-0.00211446
-0.00213624
-0.00215734
-0.00216374
-0.00214866
-0.00213444
-0.0021202
-0.00212591
-0.00213083
-0.00213578
-0.00214157
-0.00214767
-0.00215376
-0.0021514
-0.00213673
-0.00212255
-0.00210837
-0.00193385
-0.00176577
-0.00159758
-0.00127181
-0.000884924
-0.000500746
-0.000393732
-0.000691205
-0.000972564
-0.00125433
-0.00122971
-0.00121712
-0.00120407
-0.00071893
-5.04031e-05
0.00061042
0.00101016
0.00102864
0.00106203
0.0010948
0.00137611
0.00164749
0.00191905
0.0022235
0.00254063
0.00285701
0.00301748
0.00295044
0.00289232
0.00283391
0.0028162
0.00279693
0.00277773
0.00311236
0.00358455
0.00405102
0.00429554
0.00421587
0.00414885
0.00408139
0.00389325
0.00370993
0.00352657
0.00335485
0.00318774
0.00302059
0.002892
0.00281965
0.00274519
0.00267086
0.00230869
0.00195791
0.00160696
0.00141997
0.00129691
0.00117148
0.000962539
0.00063146
0.000305339
-2.0721e-05
-0.000179562
-0.000344712
-0.000509493
-0.000551878
-0.000546545
-0.000543049
-0.000300619
0.000290618
0.000868022
0.00144551
0.00118821
0.00096308
0.000736894
0.000396415
1.15153e-05
-0.00037139
-0.000630182
-0.000707744
-0.000792172
-0.000876273
-0.000983803
-0.00109036
-0.00119687
-0.00128874
-0.00137485
-0.00146113
-0.0014889
-0.00143127
-0.00137694
-0.00132253
-0.00131026
-0.00129641
-0.00128262
-0.00134379
-0.00143418
-0.00152339
-0.00156996
-0.00155421
-0.00154083
-0.00152738
-0.00158587
-0.00164159
-0.00169738
-0.00178363
-0.00188173
-0.00197931
-0.00207431
-0.00216553
-0.00225682
-0.00234804
-0.00239862
-0.0024507
-0.00250268
-0.00249623
-0.00246698
-0.0024386
-0.00238441
-0.00229254
-0.00220215
-0.00211177
-0.00208816
-0.00206206
-0.00203608
-0.00190731
-0.00173847
-0.00157125
-0.00150634
-0.00159096
-0.0016699
-0.00174899
-0.00172607
-0.00170699
-0.00168778
-0.00178767
-0.00193404
-0.00207856
-0.00217906
-0.00221515
-0.00225363
-0.00229199
-0.00226029
-0.00223123
-0.00220209
-0.00226631
-0.00236698
-0.00246622
-0.00253398
-0.0025557
-0.00257912
-0.00260245
-0.00239551
-0.00219729
-0.00199889
-0.0018692
-0.00176643
-0.00166273
-0.00161016
-0.00163224
-0.00165154
-0.00167092
-0.00175491
-0.00183645
-0.00191802
-0.00200345
-0.00209035
-0.00217714
-0.00226324
-0.00234835
-0.00243343
-0.00251845
-0.00244614
-0.0023797
-0.00231309
-0.00233961
-0.00240255
-0.00246411
-0.00239708
-0.00214201
-0.00189406
-0.00164602
-0.00123661
-0.000833423
-0.000430307
-0.000364915
-0.000431728
-0.000493639
-0.000372734
1.56998e-05
0.000394038
0.00077247
0.000798294
0.000837016
0.000875237
0.00102914
0.00122825
0.00142557
0.00160362
0.00175348
0.00190425
0.00205489
0.00229093
0.00252368
0.00275638
0.00292935
0.00307885
0.00322909
0.00331864
0.00331953
0.00332364
0.00332763
0.00319731
0.00307196
0.00294652
0.00291521
0.00292079
0.00292503
0.00289082
0.0028003
0.00271189
0.00262346
0.00252797
0.00243279
0.00233768
0.00256826
0.0029264
0.00327966
0.00345875
0.00338297
0.00331646
0.00324966
0.00310425
0.00296179
0.00281932
0.00271828
0.00263352
0.00254823
0.00236697
0.00204526
0.00172884
0.00141246
0.00110493
0.000797306
0.000489905
0.000682901
0.00107207
0.00145391
0.00167055
0.00164528
0.00162872
0.00161185
0.00135654
0.00110997
0.000863253
0.000617483
0.00037218
0.000127036
-1.77218e-05
-1.56939e-05
-1.89154e-05
-2.1947e-05
-8.24586e-05
-0.000140874
-0.000199323
-0.000297094
-0.000410258
-0.000522792
-0.000620475
-0.000696434
-0.000773112
-0.000849711
-0.000774403
-0.000704555
-0.000634562
-0.000605358
-0.000592177
-0.000578436
-0.000636355
-0.000799095
-0.000957999
-0.00111693
-0.00111519
-0.00111916
-0.00112292
-0.00115524
-0.00119877
-0.00124188
-0.00124404
-0.00118628
-0.00113068
-0.00107505
-0.00117732
-0.00127394
-0.0013707
-0.00140222
-0.0014081
-0.00141488
-0.00141946
-0.00142087
-0.00142239
-0.00142391
-0.00150234
-0.00157801
-0.00165372
-0.00171744
-0.00177641
-0.00183551
-0.0018343
-0.00174482
-0.0016585
-0.00157214
-0.0016512
-0.0017244
-0.00179776
-0.00185841
-0.00191405
-0.00196983
-0.00197708
-0.00191331
-0.00185208
-0.00179079
-0.00176051
-0.00172917
-0.00169789
-0.00175334
-0.00184287
-0.00193116
-0.00199781
-0.00203275
-0.00206878
-0.00210475
-0.00205206
-0.0020025
-0.00195287
-0.00188924
-0.00182013
-0.00175125
-0.00172908
-0.00177527
-0.00181905
-0.00186289
-0.0017723
-0.00168645
-0.00160049
-0.00155581
-0.00152739
-0.00149843
-0.00154284
-0.00169466
-0.00184264
-0.00199066
-0.00204779
-0.00210801
-0.00216809
-0.00219586
-0.0022109
-0.00222637
-0.0022343
-0.00223123
-0.00222853
-0.00222583
-0.00226592
-0.00230451
-0.00234312
-0.00214415
-0.00185172
-0.00156272
-0.00136842
-0.0013129
-0.00125264
-0.00119258
-0.00127028
-0.00134319
-0.00141622
-0.00141926
-0.00139474
-0.00137119
-0.00114449
-0.000620319
-0.000106708
0.000406913
0.000573965
0.000752771
0.000931053
0.00113391
0.00134637
0.00155835
0.00170125
0.00174303
0.00178823
0.00183329
0.00180216
0.00177365
0.00174507
0.00168033
0.00160138
0.00152297
0.001571
0.00180424
0.00203102
0.00225786
0.00214421
0.00204221
0.00193989
0.0019667
0.00204441
0.00212033
0.00226604
0.00251391
0.00275814
0.00300234
0.00288411
0.00277826
0.00267206
0.00263708
0.00263018
0.00262235
0.0025135
0.00225665
0.00200497
0.00175328
0.00159939
0.00144229
0.00128541
0.00122388
0.00119997
0.00117482
0.00125755
0.00149828
0.00173352
0.00196878
0.00196224
0.00196384
0.00196516
0.00172383
0.00138685
0.00105332
0.000763485
0.000537753
0.000310019
8.25046e-05
0.000654672
0.00119962
0.00174512
0.00165856
0.00132262
0.000995272
0.000753019
0.000635786
0.000514446
0.000393325
0.000245173
9.80242e-05
-4.90599e-05
0.000391681
0.00106429
0.0017287
0.0019072
0.00137343
0.000863787
0.000353676
0.000177574
-9.54417e-06
-0.000196171
-0.000283059
-0.000330526
-0.000379274
-0.000405037
-0.000397196
-0.000390478
-0.000383727
-0.000345555
-0.000308452
-0.000271338
-0.00038989
-0.000569876
-0.000747706
-0.000892498
-0.000988821
-0.00108669
-0.00118444
-0.00123501
-0.00128711
-0.00133913
-0.00133496
-0.00130859
-0.00128297
-0.00124171
-0.00117754
-0.00111417
-0.00105082
-0.00115561
-0.00125478
-0.00135407
-0.00145259
-0.00155077
-0.0016489
-0.00171786
-0.00174409
-0.0017717
-0.00179925
-0.00179377
-0.00178937
-0.00178494
-0.00172543
-0.00164416
-0.00156366
-0.00148996
-0.00142623
-0.00136222
-0.00129825
-0.00128601
-0.00127208
-0.00125822
-0.00141742
-0.00164499
-0.00187018
-0.0020217
-0.00206516
-0.00211213
-0.00215896
-0.00217653
-0.00219505
-0.00221353
-0.00222715
-0.00223884
-0.00225058
-0.00221188
-0.00209923
-0.00198906
-0.00187888
-0.0018473
-0.00181318
-0.00177916
-0.00187498
-0.00202212
-0.0021675
-0.00227014
-0.00231004
-0.00235197
-0.0023938
-0.00240544
-0.00241805
-0.00243063
-0.00243218
-0.00242938
-0.00242672
-0.00239547
-0.00232232
-0.00225058
-0.00217883
-0.00205194
-0.00192691
-0.00180191
-0.00181007
-0.00187095
-0.00193008
-0.00200751
-0.00211171
-0.00221497
-0.00231821
-0.00230435
-0.00229428
-0.00228409
-0.00194705
-0.00148071
-0.00101885
-0.000843877
-0.00108976
-0.00132194
-0.00155441
-0.00106104
-0.000591323
-0.000121149
0.000253281
0.000589661
0.000927047
0.00107767
0.000954502
0.000840198
0.000725683
0.000723293
0.00071731
0.000711446
0.000734798
0.000769717
0.000804243
0.000743844
0.000544191
0.000349118
0.000154025
0.000440095
0.000710609
0.000981448
0.000997449
0.000912472
0.000830771
0.000907245
0.00121589
0.00151694
0.00181804
0.00159935
0.00139735
0.00119495
0.000977835
0.000754966
0.000532421
0.000486277
0.000698875
0.000903116
0.00110749
0.000614687
0.000144326
-0.000326449
-0.00057685
-0.000739798
-0.000905416
-0.000697434
5.85169e-05
0.000796632
0.00153484
0.00108508
0.000673191
0.000260366
-4.14782e-05
-0.000299217
-0.000558187
-0.000758427
-0.000872631
-0.00098948
-0.00110617
-0.00121211
-0.00131831
-0.00142445
-0.000966107
-0.000284032
0.000390564
0.000627327
0.000221467
-0.000163909
-0.000549688
-0.000608872
-0.000678289
-0.00074734
-0.000822359
-0.000899714
-0.000976947
-0.0010399
-0.00108191
-0.00112455
-0.00116714
-0.000660864
-0.00017211
0.000316886
0.00018954
-0.000182353
-0.000546357
-0.000827162
-0.000985605
-0.00114778
-0.00130973
-0.00128721
-0.00127046
-0.00125355
-0.00123135
-0.00120706
-0.00118285
-0.00120667
-0.00130096
-0.00139299
-0.00148504
-0.00149776
-0.00151295
-0.00152804
-0.00154644
-0.00156613
-0.00158578
-0.00161578
-0.00166098
-0.00170569
-0.00175038
-0.0017654
-0.00178132
-0.00179721
-0.00173277
-0.00163645
-0.00154117
-0.00154521
-0.00169504
-0.00184025
-0.00198552
-0.00200106
-0.0020206
-0.00204
-0.00198786
-0.00190731
-0.00182769
-0.00181306
-0.00189384
-0.00197163
-0.00204946
-0.00211191
-0.0021748
-0.00223764
-0.00222127
-0.00217343
-0.0021266
-0.00210062
-0.00210531
-0.00210904
-0.00211281
-0.00218666
-0.0022583
-0.00232997
-0.00229723
-0.00222301
-0.00215011
-0.00213772
-0.00221423
-0.00228796
-0.00236173
-0.00236897
-0.00237824
-0.00238745
-0.00235959
-0.002317
-0.00227489
-0.00227617
-0.00234117
-0.00240419
-0.00246722
-0.00244693
-0.00242919
-0.00241139
-0.00242796
-0.00245819
-0.00248798
-0.0025271
-0.0025799
-0.00263225
-0.00268459
-0.00258791
-0.00249583
-0.00240367
-0.002393
-0.00241475
-0.0024355
-0.00241124
-0.00232084
-0.00223251
-0.00214418
-0.00190482
-0.00167019
-0.00143557
-0.00137893
-0.00139311
-0.00140514
-0.00137923
-0.0012975
-0.00121751
-0.00113752
-0.0011001
