0
0.0122773
0.0112168
0.0112418
0.0111767
0.0111235
0.0110759
0.011028
0.010999
0.0111377
0.0112623
0.0113878
0.011236
0.011038
0.0108441
0.0107585
0.0108265
0.0108817
0.0109287
0.0108935
0.0108651
0.0108362
0.0106962
0.0105378
0.0103811
0.0103542
0.0105111
0.0106528
0.010774
0.0107035
0.0106488
0.0105929
0.0103474
0.0100703
0.00979623
0.00968176
0.00979352
0.0098868
0.0099479
0.00970993
0.00949646
0.00928136
0.00929178
0.00934025
0.00938559
0.00948534
0.00966186
0.00983193
0.00994858
0.00958676
0.00926379
0.00893824
0.00900676
0.00914199
0.00927167
0.00926141
0.00905219
0.00885913
0.00871158
0.00897874
0.00921255
0.00944864
0.0093014
0.00908912
0.00888233
0.00875233
0.00873175
0.00870257
0.00866048
0.00849698
0.0083433
0.00818909
0.00823869
0.00832305
0.00840455
0.00846447
0.00849352
0.00852493
0.00853169
0.00832073
0.00812712
0.00793245
0.00788794
0.00786921
0.00784851
0.00781553
0.00776489
0.0077157
0.00766554
0.00760706
0.00754932
0.00749161
0.00751909
0.00756119
0.0076021
0.00755285
0.00737545
0.00720821
0.00704419
0.00691376
0.00678094
0.00664851
0.00669117
0.00676403
0.00683445
0.00686042
0.00682302
0.00679052
0.00676047
0.00675529
0.00674822
0.0067413
0.00672546
0.00670811
0.00669089
0.00662099
0.0064762
0.00633732
0.00624097
0.00652612
0.00678195
0.0070396
0.00692701
0.00675021
0.00657853
0.00647498
0.00646877
0.00645523
0.0064361
0.00636201
0.00629217
0.00622211
0.00619976
0.00618575
0.00617114
0.00617735
0.00621309
0.00624656
0.0062489
0.00597249
0.00571729
0.00546089
0.00572506
0.00607999
0.00642765
0.00644647
0.00599677
0.00558252
0.00524785
0.00564166
0.00598093
0.00632373
0.00606355
0.00569788
0.00534054
0.00514579
0.00518317
0.0052034
0.00522999
0.00530222
0.005371
0.00543993
0.00512858
0.00475061
0.00437808
0.00440671
0.005007
0.0055646
0.00602726
0.00562162
0.00527995
0.00493411
0.00464573
0.00436773
0.00408938
0.00407235
0.00442739
0.0047549
0.00501136
0.00461996
0.00427606
0.00392923
0.00372288
0.00354158
0.00335873
0.00355375
0.00428704
0.00498046
0.00554629
0.00495615
0.00445002
0.00393858
0.00364221
0.00338428
0.00312396
0.00319884
0.00375123
0.00426864
0.00471781
0.00454153
0.00441019
0.00427582
0.00401427
0.00373027
0.00344828
0.00314307
0.00280477
0.0024693
0.00225657
0.00313679
0.00393824
0.00474414
0.00440509
0.00386188
0.00333388
0.0029709
0.00284463
0.00270184
0.00256639
0.00248444
0.00239883
0.0023136
0.00305956
0.00395369
0.00483616
0.00507301
0.00438771
0.00376799
0.00316046
0.00269606
0.00222231
0.00174987
0.00167434
0.00167023
0.00166115
0.00198682
0.00278997
0.00355878
0.00423639
0.00408739
0.00399599
0.00390072
0.00340025
0.00282722
0.00226001
0.0018251
0.00157938
0.00132093
0.00109574
0.00115653
0.00119752
0.00123981
0.00204413
0.0029853
0.00391577
0.00430044
0.00390477
0.0035632
0.0032055
0.0027335
0.00226997
0.0018065
0.00147919
0.00117688
0.000873281
0.000721811
0.000787462
0.000838222
0.000985915
0.0019901
0.00293466
0.00388199
0.00388489
0.00371633
0.00355963
0.00327624
0.00281281
0.00236219
0.00193243
0.00169178
0.00143868
0.00118675
0.00118272
0.00122384
0.00126187
0.00141156
0.0017207
0.0020187
0.00229729
0.00239914
0.00251272
0.00262536
0.00236445
0.00203559
0.00171173
0.00154351
0.00159829
0.00163809
0.00166044
0.00151835
0.00138742
0.00125592
0.00113417
0.00101432
0.0008945
0.00115506
0.00195996
0.00272767
0.00339033
0.00310118
0.00287545
0.00264583
0.00256096
0.00250267
0.00244271
0.00231737
0.00209823
0.00188557
0.0016526
0.00123993
0.000839633
0.000439045
0.000566922
0.000791826
0.00101007
0.00146894
0.00227194
0.00305135
0.00375235
0.00374765
0.00378908
0.00382744
0.00357312
0.00326506
0.0029609
0.00261113
0.0021962
0.00178605
0.00138479
0.00106145
0.000733471
0.000406217
0.00103511
0.00184001
0.00263246
0.00313525
0.00322222
0.00333597
0.00341299
0.00317888
0.00296515
0.00275038
0.00237755
0.0019758
0.00157643
0.00122996
0.000959315
0.000684145
0.000432569
0.000386229
0.000326792
0.00026827
0.000961394
0.00179333
0.00261533
0.00302308
0.00283644
0.00268797
0.00251155
0.00210595
0.00171546
0.00132451
0.00102617
0.000745314
0.000463708
0.00026585
0.000187865
0.000102378
2.57316e-05
2.28929e-05
1.53864e-05
8.18464e-06
0.000801331
0.00174288
0.00267387
0.00310781
0.00282819
0.00259389
0.00233776
0.00190997
0.00149352
0.00107688
0.000659335
0.000242017
-0.000174792
-0.000426245
-0.000440602
-0.000469787
-0.000488905
-0.00042676
-0.000369771
-0.000312531
0.000383573
0.00119859
0.00200518
0.00240028
0.00220436
0.00204547
0.00186733
0.00153635
0.00121528
0.000893993
0.000538795
0.000177564
-0.000182846
-0.000406395
-0.000433564
-0.000472844
-0.00049597
-0.000381932
-0.000276503
-0.000170672
7.8881e-05
0.000355218
0.000629566
0.000905738
0.00118452
0.00146279
0.0016946
0.00151377
0.00135847
0.00120181
0.000980098
0.000746326
0.000513578
0.000430785
0.000563388
0.000682672
0.000768953
0.000554297
0.000358252
0.000161313
-1.46632e-05
-0.000186536
-0.00035845
-0.000209622
0.000400043
0.000980987
0.00149953
0.00145064
0.00143619
0.00141968
0.00124275
0.00103563
0.000830584
0.000686018
0.000628457
0.000565715
0.000514554
0.000563422
0.000606205
0.000649303
0.000547808
0.000393229
0.000242026
0.000242954
0.00046284
0.000669328
0.000867651
0.000987791
0.00111247
0.00123672
0.00111147
0.000938976
0.000769508
0.000565326
0.000311387
6.07183e-05
-0.000171538
-0.000239935
-0.000318004
-0.000395404
-0.000353428
-0.000267486
-0.000184257
-0.000159233
-0.000218138
-0.000271997
-0.000272257
0.000208538
0.0006603
0.00111324
0.00116957
0.00107964
0.000998444
0.000856046
0.000626301
0.000401975
0.000172775
-9.92093e-05
-0.000368357
-0.000637355
-0.00073483
-0.000799484
-0.000865988
-0.000883399
-0.000830349
-0.000781489
-0.000701252
-0.000342407
-2.74681e-07
0.000342434
0.00047433
0.000528269
0.000586693
0.000548665
0.000372205
0.000204012
2.45875e-05
-0.000252434
-0.000523459
-0.000794517
-0.000955554
-0.0010758
-0.00119827
-0.00131274
-0.00141596
-0.00151971
-0.00159268
-0.00139191
-0.0012072
-0.00102178
-0.000532409
6.91521e-05
0.000663549
0.000998482
0.000959412
0.000941919
0.000909046
0.000749739
0.000597883
0.000445772
0.000203993
-7.08528e-05
-0.000343488
-0.000587457
-0.000790093
-0.000994864
-0.00117407
-0.00112784
-0.00109455
-0.00106055
-0.00105857
-0.00106845
-0.00107765
-0.000893481
-0.000430623
1.58474e-05
0.000438767
0.000646892
0.000866986
0.00108615
0.00100064
0.000802105
0.000610198
0.000391349
0.000134122
-0.000120643
-0.000361159
-0.00047538
-0.000596608
-0.000717303
-0.00073167
-0.000706519
-0.000683624
-0.000728916
-0.000872693
-0.00101077
-0.00109266
-0.000670818
-0.000277749
0.000116494
0.000296455
0.000396667
0.000501236
0.000540934
0.000487507
0.000439352
0.000383867
0.000265095
0.000149992
3.48125e-05
-0.000123057
-0.000296711
-0.000469293
-0.000559358
-0.00053041
-0.000508117
-0.000498962
-0.000610367
-0.000714949
-0.000819795
-0.000456007
8.20621e-05
0.000609873
0.000913375
0.000892709
0.000890004
0.000852808
0.000516215
0.000196534
-0.000123727
-0.000398085
-0.000655176
-0.000912935
-0.00109023
-0.00115162
-0.00121932
-0.00126617
-0.00113031
-0.00100464
-0.000878547
-0.000823155
-0.000794159
-0.000763747
-0.000639798
-0.000380711
-0.000129304
0.000120824
0.000357943
0.000595513
0.0008328
0.000722005
0.00048133
0.000247999
-3.30378e-05
-0.000382471
-0.000727801
-0.00105206
-0.001189
-0.00133596
-0.00148222
-0.00144969
-0.00135037
-0.00125478
-0.00105201
-0.000694714
-0.000346174
8.06656e-06
0.000412026
0.000812861
0.00121343
0.00122739
0.00109679
0.000974117
0.000839389
0.000687823
0.000537328
0.000372996
8.41955e-05
-0.000197603
-0.000479475
-0.000650001
-0.000778757
-0.000909616
-0.00100058
-0.00103414
-0.00107074
-0.00104279
-0.00043944
0.000132494
0.000705495
0.000938223
0.0010434
0.00115528
0.00111669
0.000861322
0.000617772
0.000382125
0.000220715
5.5529e-05
-0.000109281
-0.000228023
-0.000329418
-0.000431627
-0.000551689
-0.000697671
-0.000842124
-0.000977488
-0.00103209
-0.0010909
-0.00114942
-0.000718161
-0.000103448
0.000500931
0.000901171
0.00100585
0.001126
0.00120253
0.000897396
0.000612673
0.000327177
5.68478e-05
-0.000207644
-0.000472164
-0.000693773
-0.000853489
-0.00101628
-0.00117084
-0.00125457
-0.00134192
-0.001429
-0.00144584
-0.00143628
-0.00142811
-0.00117936
-0.000582817
-5.04122e-06
0.000529611
0.000674665
0.000839859
0.00100383
0.000881108
0.000650658
0.000426048
0.000172402
-0.000122898
-0.000415729
-0.000693902
-0.000842266
-0.000997203
-0.00115164
-0.00126548
-0.00136397
-0.00146315
-0.00155029
-0.00162012
-0.00169077
-0.00168429
-0.000989042
-0.000330009
0.00033021
0.000763008
0.00110997
0.00146098
0.00156713
0.00131951
0.00109031
0.0008448
0.000460078
8.28896e-05
-0.000294298
-0.00055671
-0.000775731
-0.000996748
-0.00116908
-0.00127121
-0.00137683
-0.00147433
-0.00150163
-0.00153248
-0.00156312
-0.00104522
-0.000320829
0.000392312
0.000904205
0.00112432
0.00135905
0.00156533
0.00152567
0.00149855
0.00147081
0.00123815
0.000928318
0.000622706
0.000343581
0.000102962
-0.00013936
-0.000375548
-0.000559601
-0.000746101
-0.000932289
-0.00104754
-0.00113595
-0.00122562
-0.00112766
-0.0007582
-0.000402772
-3.59618e-05
0.000429156
0.000888867
0.00134839
0.00146097
0.00144242
0.00143047
0.00132646
0.00108961
0.000859654
0.000621607
0.000312456
7.16906e-06
-0.000298006
-0.000477232
-0.000608744
-0.000742505
-0.000853653
-0.000932281
-0.00101245
-0.0010389
-0.000586155
-0.0001577
0.000271536
0.000591778
0.000870628
0.00115126
0.00127451
0.00117006
0.00107701
0.000975311
0.000800685
0.000629842
0.00045898
0.000246728
1.89276e-05
-0.000207879
-0.000412962
-0.000586608
-0.000761633
-0.000922244
-0.000955912
-0.000995799
-0.00103534
-0.000742746
-0.000324511
8.71351e-05
0.000376
0.000486649
0.000605939
0.00071393
0.000725593
0.000741967
0.000758094
0.000583446
0.000336588
9.35043e-05
-0.000138264
-0.000353475
-0.000569285
-0.000775141
-0.000893903
-0.0010168
-0.00113937
-0.000973068
-0.000697296
-0.000427121
-0.000164605
8.65315e-05
0.000337977
0.000544085
0.000346684
0.000169062
-9.34677e-06
-0.000112297
-0.000186572
-0.000262164
-0.000311205
-0.000321881
-0.000334404
-0.00035603
-0.000460007
-0.000559905
-0.000659904
-0.000574683
-0.000419181
-0.000267218
-5.85672e-05
0.000232105
0.000518549
0.000761716
0.000618086
0.000493189
0.000367513
0.000268754
0.00018026
9.13589e-05
-1.9529e-05
-0.000162378
-0.000303558
-0.000445657
-0.00059633
-0.000746449
-0.00089645
-0.000934062
-0.000928923
-0.000925831
-0.000804035
-0.000510191
-0.000224832
5.4874e-05
0.000282533
0.000512454
0.000742049
0.000672794
0.000489886
0.000312553
0.000143761
-1.23258e-05
-0.000168868
-0.000310805
-0.000323452
-0.000342214
-0.000360669
-0.000494031
-0.000671054
-0.000845843
-0.000921426
-0.000852974
-0.000791391
-0.000689877
-0.000233525
0.000205658
0.000645237
0.000739276
0.000701668
0.000670295
0.000567926
0.000362947
0.000162985
-4.19381e-05
-0.00029063
-0.000537034
-0.000783314
-0.000817944
-0.000771896
-0.000729672
-0.000741243
-0.00083115
-0.000917307
-0.000985821
-0.000895531
-0.000812745
-0.000729687
-0.000523077
-0.000269462
-1.82749e-05
5.53521e-05
-0.00012885
-0.000300871
-0.000465922
-0.000564777
-0.00066662
-0.000768229
-0.00086413
-0.000957798
-0.00105148
-0.00115127
-0.00125995
-0.00136812
-0.00145803
-0.00138508
-0.00131973
-0.00125409
-0.00106444
-0.000827548
-0.000593056
-0.000364268
-0.000143822
7.6805e-05
0.000255707
6.29246e-05
-0.000112552
-0.000288664
-0.000502673
-0.000731057
-0.00095857
-0.00110176
-0.00112253
-0.0011489
-0.00117274
-0.00117651
-0.00118119
-0.00118583
-0.00100101
-0.000743887
-0.000490307
-0.000197409
0.000152475
0.000499434
0.000806562
0.000758573
0.000726843
0.000694399
0.000568407
0.000406694
0.000246757
5.65127e-05
-0.000177716
-0.000409729
-0.000629678
-0.00074244
-0.000859971
-0.00097718
-0.00100731
-0.00100411
-0.00100243
-0.000921517
-0.000725586
-0.000535044
-0.000336091
-6.26773e-05
0.000207119
0.000476836
0.000620914
0.000716822
0.000814819
0.000797714
0.000613518
0.000437025
0.000254787
2.29777e-05
-0.000206389
-0.00043566
-0.000533297
-0.000580465
-0.00062986
-0.000674752
-0.000713272
-0.000752043
-0.000740353
-0.000277399
0.000164904
0.000607736
0.000682664
0.000616578
0.000556863
0.000432922
0.000216013
3.45362e-06
-0.000193869
-0.000254591
-0.000321357
-0.000387794
-0.000361048
-0.000298582
-0.000237764
-0.000231998
-0.000306358
-0.000377085
-0.000431469
-0.000338623
-0.000252403
-0.000165965
0.000118218
0.000478119
0.000834342
0.0010055
0.000907474
0.00082146
0.000701517
0.00028207
-0.000123753
-0.00052982
-0.000747579
-0.000892958
-0.0010414
-0.00111306
-0.0010733
-0.00103849
-0.0010045
-0.000979634
-0.000954385
-0.000929174
-0.000591602
-0.00013425
0.000317433
0.000782821
0.00126797
0.00175182
0.00215067
0.00179152
0.00146593
0.00113915
0.000704175
0.000227824
-0.000246299
-0.000588547
-0.000739017
-0.000897742
-0.00105496
-0.00120311
-0.00135152
-0.00149979
-0.00156239
-0.00159202
-0.00162306
-0.00166087
-0.00170865
-0.00175596
-0.00178595
-0.00166105
-0.001543
-0.00142475
-0.00139984
-0.00141084
-0.00142028
-0.00141084
-0.00137384
-0.00133807
-0.00126785
-0.000889479
-0.000524776
-0.000159797
-0.00012471
-0.000216571
-0.000302867
-0.000439085
-0.000647634
-0.00085288
-0.00105809
-0.00118077
-0.00130689
-0.00143276
-0.00154118
-0.00164281
-0.00174465
-0.00182338
-0.00186853
-0.00191508
-0.00196153
-0.00195349
-0.00194779
-0.001942
-0.00189892
-0.00184151
-0.00178475
-0.00175994
-0.00178166
-0.00180136
-0.00182113
-0.00180008
-0.00178078
-0.00176143
-0.00173757
-0.00171198
-0.00168648
-0.00162569
-0.0015135
-0.0014036
-0.00129369
-0.00127202
-0.00124661
-0.00122138
-0.0012115
-0.00120754
-0.00120333
-0.00115772
-0.00105181
-0.000948539
-0.000845247
-0.000871105
-0.000891468
-0.000912048
-0.000962236
-0.00102382
-0.00108488
-0.00111431
-0.00109768
-0.001083
-0.00106826
-0.000582357
-0.000116742
0.000349335
0.000659397
0.000909114
0.00116116
0.00129687
0.00126338
0.00123703
0.00121041
0.00119446
0.00117808
0.00116172
0.00106613
0.000939986
0.000815231
0.000753213
0.000782616
0.000808164
0.000833852
0.000828622
0.00082469
0.000820708
0.000834467
0.00085507
0.000875371
0.000902783
0.000940543
0.00097784
0.00101513
0.00101315
0.00101281
0.0010124
0.00115594
0.00135504
0.00155166
0.00168465
0.00172488
0.00176892
0.00181277
0.00161523
0.00142786
0.00124022
0.000929633
0.000571651
0.000215929
-5.58314e-05
-0.000205253
-0.000359613
-0.000513641
-0.000588488
-0.000666544
-0.000744403
-0.000744259
-0.000713943
-0.000684896
-0.000674609
-0.000691728
-0.000707704
-0.000723713
-0.000788876
-0.000851963
-0.000915083
-0.00102263
-0.00114732
-0.00127121
-0.00136886
-0.00142828
-0.00148922
-0.00155005
-0.00162395
-0.00169726
-0.00177053
-0.00183505
-0.00189616
-0.00195736
-0.00197155
-0.00191726
-0.00186581
-0.00181428
-0.00184658
-0.00187543
-0.0019044
-0.00182174
-0.00169589
-0.0015719
-0.00149641
-0.00149169
-0.0014841
-0.00147662
-0.00149974
-0.00152159
-0.00154348
-0.00131894
-0.000999024
-0.000683238
-0.000367106
-5.05939e-05
0.000265646
0.000581641
0.00019795
-0.000157103
-0.000513027
-0.000706448
-0.000836806
-0.000969608
-0.00105922
-0.00108606
-0.00111541
-0.00114463
-0.00122245
-0.00129824
-0.00137406
-0.0014481
-0.00152142
-0.00159471
-0.00167414
-0.00176255
-0.00185053
-0.00193846
-0.00197676
-0.00201702
-0.00205718
-0.00163935
-0.00104404
-0.00045633
-0.000153232
-0.000265474
-0.000360993
-0.000457104
-0.000328177
-0.000208354
-8.82633e-05
0.000206369
0.000568612
0.000927865
0.00112945
0.001101
0.00108175
0.00106215
0.000793177
0.000534351
0.000275327
0.000113627
-1.02157e-05
-0.000135466
-0.000214122
-0.000224938
-0.000238442
-0.000251827
-0.000274053
-0.000295909
-0.000317764
-0.00037829
-0.000453811
-0.000528678
-0.000576501
-0.000584859
-0.000594772
-0.000604616
-0.000619564
-0.000634299
-0.000649031
-0.000688046
-0.00073648
-0.000784504
-0.000610545
-0.000112664
0.000372057
0.000856914
0.000719324
0.000606347
0.000492491
0.000203521
-0.000153408
-0.000507385
-0.000751012
-0.000833565
-0.000922377
-0.00101087
-0.00105813
-0.00110696
-0.00115569
-0.00122849
-0.00131062
-0.00139232
-0.00144487
-0.00145491
-0.0014666
-0.00147822
-0.00151863
-0.00155789
-0.00159716
-0.0016124
-0.00161827
-0.0016245
-0.00151642
-0.00124151
-0.000973315
-0.000705068
-0.000139607
0.000413849
0.000967341
0.00121607
0.00134609
0.00148061
0.00139161
0.000976644
0.000574645
0.000172455
-6.69899e-05
-0.000312557
-0.000557697
-0.000754193
-0.000931655
-0.00110972
-0.00122764
-0.00125786
-0.00129145
-0.00132488
-0.00133947
-0.00135477
-0.00137003
-0.00120278
-0.00096452
-0.00072918
-0.000451444
-0.000111883
0.000225036
0.000561798
0.000568445
0.000587785
0.000606621
0.000702909
0.000829325
0.000954487
0.001018
0.000991475
0.00096842
0.00094525
0.00096436
0.000981835
0.000999359
0.0006701
0.000205806
-0.000252966
-0.000565629
-0.000664767
-0.000771988
-0.000878819
-0.000978538
-0.00107845
-0.00117828
-0.00124325
-0.0012946
-0.00134643
-0.00136798
-0.00134536
-0.00132444
-0.00130346
-0.000771244
-0.000258867
0.000253873
0.000204476
-6.41851e-05
-0.000324318
-0.000571129
-0.000798093
-0.00102564
-0.00125299
-0.00132313
-0.00139917
-0.00147493
-0.00151532
-0.00154188
-0.00156895
-0.00160142
-0.00164183
-0.0016819
-0.00172196
-0.00177242
-0.00182245
-0.00187246
-0.00147771
-0.000909499
-0.000348255
-0.000105529
-0.00032835
-0.000533483
-0.000739126
-0.000833682
-0.000932343
-0.00103078
-0.00104069
-0.00101603
-0.000992689
-0.00102125
-0.0011257
-0.00122723
-0.00132879
-0.00127113
-0.00121947
-0.00116762
-0.001223
-0.00132023
-0.00141583
-0.00125779
-0.000729069
-0.000214587
0.000300042
0.000396096
0.000507696
0.000618634
0.000503314
0.000299606
9.93439e-05
-0.000102398
-0.000306185
-0.000509743
-0.000713159
-0.000626444
-0.000550579
-0.000474368
-0.000441564
-0.00042574
-0.000409296
-0.000422335
-0.000478424
-0.000532874
-0.000587346
-0.000549182
-0.000514477
-0.00047967
-0.00017876
0.000226098
0.000626812
0.000903324
0.000998202
0.00109972
0.00120092
0.00119226
0.00118767
0.00118293
0.0011696
0.0011529
0.00113634
0.00107536
0.000949424
0.000825974
0.000702523
0.000431525
0.000166152
-9.92339e-05
-0.000263117
-0.000387206
-0.000512664
-0.000624793
-0.000717555
-0.000810959
-0.00090427
-0.000938274
-0.000974425
-0.00101047
-0.00105348
-0.0010992
-0.00114479
-0.00101686
-0.000635243
-0.000263173
0.000108974
-3.07768e-05
-0.000151743
-0.000273307
-0.000438082
-0.000619721
-0.000800613
-0.00094962
-0.00105203
-0.00115606
-0.00125995
-0.00128217
-0.00130734
-0.00133239
-0.00133275
-0.00132345
-0.0013145
-0.00109769
-0.000576902
-6.75146e-05
0.000441917
4.82682e-06
-0.000397652
-0.000801093
-0.000870127
-0.000808089
-0.000750839
-0.000762656
-0.00087573
-0.000985062
-0.00109445
-0.00117875
-0.00126389
-0.00134894
-0.00117223
-0.00089296
-0.00061759
-0.000389299
-0.000229981
-6.82944e-05
9.31907e-05
-0.000173266
-0.000424138
-0.00067539
-0.000782339
-0.000832658
-0.000884975
-0.000909507
-0.00089352
-0.000878999
-0.000864435
-0.000929839
-0.000992329
-0.00105488
-0.00100342
-0.000907256
-0.000812762
-0.000662599
-0.00043105
-0.000202576
2.58441e-05
-0.000351505
-0.000706951
-0.00106292
-0.00121801
-0.00129421
-0.00137316
-0.00142583
-0.00144022
-0.00145595
-0.00147163
-0.00141338
-0.00135779
-0.00130215
-0.00126541
-0.0012361
-0.00120655
-0.00100019
-0.000535068
-7.94642e-05
0.000376154
0.000373832
0.000387751
0.000401085
0.000404658
0.000404388
0.000404255
0.00043535
0.000512152
0.000587284
0.000662421
0.000238566
-0.000167357
-0.000573627
-0.000767626
-0.000878168
-0.000991577
-0.00107686
-0.00112118
-0.00116691
-0.00121256
-0.00118171
-0.00115357
-0.00112536
-0.00114195
-0.00117613
-0.00120968
-0.00103357
-0.000550577
-7.8702e-05
0.000393232
0.000175502
-1.78773e-05
-0.000211975
-0.00048475
-0.000788352
-0.00109066
-0.00130052
-0.00137511
-0.00145437
-0.00153342
-0.00146334
-0.00139853
-0.00133358
-0.0013376
-0.00136875
-0.00139893
-0.00133922
-0.00114791
-0.000961317
-0.000774691
-0.00062038
-0.000465051
-0.000309865
-0.000410332
-0.000611314
-0.000808659
-0.000895557
-0.000820638
-0.000751395
-0.000682004
-0.000730489
-0.000774848
-0.00081932
-0.000851244
-0.000878221
-0.000905351
-0.000812233
-0.000543074
-0.000280198
-1.72873e-05
7.53626e-05
0.00017384
0.000272047
7.12557e-06
-0.000400609
-0.000803127
-0.0010706
-0.00114021
-0.00121661
-0.00129271
-0.0013325
-0.00137351
-0.00141445
-0.00136692
-0.00128458
-0.00120349
-0.00109789
-0.000956412
-0.000816269
-0.000676176
-0.000274496
0.000117918
0.00051038
0.000579874
0.000522155
0.000468841
0.000437855
0.000439776
0.000440568
0.000441397
0.000388273
0.000337033
0.000285763
0.000108941
-0.00011727
-0.000341637
-0.000518538
-0.000625901
-0.000735566
-0.000845078
-0.00096727
-0.00108895
-0.00121056
-0.00124527
-0.00124573
-0.00124735
-0.00118478
-0.00102823
-0.000874984
-0.000721732
-0.000656588
-0.000588492
-0.000520542
-0.000604767
-0.000748942
-0.000890982
-0.000939786
-0.000851952
-0.000768813
-0.000685571
-0.00077756
-0.000863547
-0.000949678
-0.000882691
-0.000755363
-0.000630163
-0.000531976
-0.000473428
-0.00041358
-0.000353816
-0.000609692
-0.000854732
-0.00109997
-0.00117173
-0.00117505
-0.00118068
-0.00118932
-0.00120252
-0.00121554
-0.00122857
-0.00121445
-0.00120125
-0.00118803
-0.000986395
-0.000710507
-0.0004373
-0.000347042
-0.000524887
-0.000693607
-0.00086252
-0.000848423
-0.000840476
-0.000832328
-0.000929471
-0.00106812
-0.00120529
-0.00128951
-0.00129611
-0.0013053
-0.0013144
-0.000995313
-0.000687419
-0.000379358
-0.00034233
-0.000412301
-0.00047865
-0.000609474
-0.000834622
-0.00105647
-0.00127829
-0.00133715
-0.00140141
-0.00146545
-0.00142911
-0.00135315
-0.00127857
-0.00123464
-0.00123569
-0.00123524
-0.00123485
-0.000677535
-0.000139095
0.000399614
0.000426668
0.000251635
8.34228e-05
-0.000130853
-0.000412362
-0.000691456
-0.000970444
-0.00111144
-0.00125692
-0.00140215
-0.00147008
-0.00150744
-0.00154579
-0.00156611
-0.00156006
-0.00155489
-0.00154969
-0.00142329
-0.00130098
-0.00117862
-0.00104234
-0.000900623
-0.000759175
-0.000707132
-0.000786115
-0.000860731
-0.000935442
-0.00106629
-0.00119521
-0.00132411
-0.00141666
-0.00149481
-0.00157338
-0.00163393
-0.0016681
-0.00170311
-0.00173807
-0.00155944
-0.00138794
-0.00121631
-0.00107608
-0.000948309
-0.000820214
-0.000866674
-0.001169
-0.00146275
-0.0017566
-0.0017583
-0.00176956
-0.00178049
-0.00177965
-0.00177415
-0.00176881
-0.00176851
-0.00177562
-0.00178248
-0.00178934
-0.00158019
-0.00137822
-0.00117615
-0.000960394
-0.000739312
-0.000518547
-0.000416519
-0.000488545
-0.000554867
-0.000621332
-0.000919147
-0.00120926
-0.00149943
-0.00161528
-0.00166211
-0.00171115
-0.00170419
-0.00161523
-0.00152898
-0.0014427
-0.0014254
-0.00140589
-0.00138646
-0.00123326
-0.00102717
-0.000822927
-0.000705998
-0.000717147
-0.000724153
-0.000731288
-0.00100364
-0.00126726
-0.00153098
-0.00163384
-0.00167297
-0.00171413
-0.00175999
-0.00181287
-0.00186549
-0.00191808
-0.00189628
-0.00187688
-0.00185742
-0.0015217
-0.00106086
-0.000604322
-0.00039822
-0.000559505
-0.0007089
-0.000858581
-0.00100507
-0.00115157
-0.00129797
-0.00136615
-0.00140331
-0.00144144
-0.00150051
-0.00159035
-0.00167914
-0.00176791
-0.00178485
-0.00180407
-0.0018232
-0.00157345
-0.00121725
-0.000864664
-0.000726244
-0.000902057
-0.00106774
-0.00123364
-0.00139787
-0.00156205
-0.00172612
-0.0018003
-0.00183883
-0.00187846
-0.00186854
-0.00178599
-0.00170581
-0.00162559
-0.00165072
-0.00167249
-0.00169434
-0.00148939
-0.0011946
-0.000902846
-0.000708311
-0.00065647
-0.000600143
-0.000543993
-0.000565743
-0.000585014
-0.000604351
-0.0006921
-0.000806947
-0.000920864
-0.00106904
-0.00126747
-0.00146419
-0.00166084
-0.00176407
-0.00187019
-0.00197615
-0.00200782
-0.00201001
-0.00201313
-0.00198282
-0.00190351
-0.00182579
-0.00174807
-0.00126096
-0.000787031
-0.000312985
-0.000355878
-0.00060385
-0.000845225
-0.00103533
-0.00114998
-0.00126691
-0.00138371
-0.00142617
-0.00147094
-0.00151561
-0.00159016
-0.00167653
-0.00176249
-0.00177407
-0.00167653
-0.00158246
-0.00148834
-0.00138377
-0.0012796
-0.00117548
-0.00121518
-0.00131195
-0.00140688
-0.00147827
-0.00151503
-0.00155284
-0.00159061
-0.00165503
-0.00171859
-0.00178214
-0.00159205
-0.00130133
-0.00101391
-0.000853013
-0.000877871
-0.000896939
-0.000916175
-0.00111863
-0.00131527
-0.00151197
-0.00161111
-0.00167147
-0.00173299
-0.00179588
-0.00186084
-0.00192569
-0.00199051
-0.00194003
-0.00189314
-0.00184618
-0.00157019
-0.00120332
-0.000839483
-0.00075294
-0.00107349
-0.00138127
-0.00168926
-0.00178963
-0.00189634
-0.00200279
-0.00203328
-0.00203359
-0.00203482
-0.00197654
-0.00183094
-0.00168812
-0.0015453
-0.00151937
-0.00148987
-0.00146049
-0.0014944
-0.00155344
-0.00161168
-0.00168366
-0.00177578
-0.00186722
-0.00195863
-0.00199335
-0.00202978
-0.00206614
-0.00193211
-0.00173039
-0.00153086
-0.00148478
-0.00166404
-0.0018363
-0.00200866
-0.00205005
-0.00209542
-0.00214064
-0.00213268
-0.00210357
-0.00207512
-0.00204593
-0.00201568
-0.00198547
-0.00195528
-0.00185579
-0.00175848
-0.00166116
-0.00176556
-0.00195014
-0.00213216
-0.00224067
-0.00224116
-0.00224494
-0.00224862
-0.00228836
-0.00232698
-0.00236562
-0.00226634
-0.00211222
-0.00195987
-0.00190651
-0.00199857
-0.00208617
-0.00217384
-0.00223482
