0
0.0133812
0.0122905
0.0124174
0.0124429
0.0124231
0.0123265
0.0122364
0.0121341
0.011927
0.0117289
0.0115304
0.0114691
0.0114308
0.0113906
0.0113821
0.0114183
0.0114508
0.0114818
0.0114972
0.0115138
0.0115303
0.0114306
0.0113116
0.0111943
0.0111232
0.0111174
0.0111064
0.0110995
0.0111255
0.0111488
0.0111724
0.0111358
0.0110892
0.0110435
0.0110021
0.0109672
0.0109317
0.0108626
0.0104926
0.0101474
0.00980073
0.00992943
0.0101382
0.0103403
0.0103097
0.00994878
0.00961495
0.00934092
0.00961498
0.00984476
0.0100777
0.0101461
0.0101865
0.0102291
0.0101804
0.0100024
0.00983505
0.00972034
0.0100804
0.0104021
0.0107264
0.0106575
0.0105218
0.0103916
0.0102289
0.0100206
0.00981626
0.00963632
0.00967395
0.00969439
0.00971615
0.00944477
0.00912366
0.00880695
0.00873352
0.00900554
0.00925008
0.00945465
0.00928674
0.00914819
0.00900756
0.00862294
0.00819688
0.00777471
0.00760592
0.00779693
0.00795969
0.00810533
0.00808069
0.00806929
0.00805688
0.00790996
0.00774006
0.00757219
0.00758763
0.00786351
0.00811888
0.00833108
0.00814737
0.00799439
0.00783929
0.00787812
0.00795036
0.00801992
0.00796517
0.00773355
0.00751582
0.00731613
0.00728413
0.00723937
0.00719566
0.00702917
0.00684161
0.00665594
0.00665148
0.00690467
0.0071379
0.00734655
0.00732516
0.00732123
0.00731598
0.00730017
0.00728251
0.00726501
0.00726384
0.00728587
0.00730612
0.00728358
0.00687849
0.00650277
0.00612541
0.00617152
0.00629141
0.00640558
0.00659238
0.00688194
0.00716338
0.00739314
0.00715999
0.00696173
0.00676117
0.00666596
0.00658924
0.00651127
0.00647761
0.00650681
0.00653131
0.00653139
0.0063109
0.00610707
0.0059023
0.00613806
0.00645087
0.00675752
0.00681776
0.00652671
0.00626198
0.00601667
0.00595894
0.00588751
0.00581718
0.00596277
0.00614624
0.00632666
0.00630609
0.00599906
0.00571344
0.00544904
0.00538469
0.00530582
0.00522814
0.00534442
0.00549486
0.0056426
0.00552871
0.00504186
0.00458281
0.00421939
0.00472173
0.00516061
0.00560344
0.00561357
0.00554711
0.00548627
0.00527122
0.00483691
0.00441904
0.00407613
0.00440767
0.00469022
0.00497588
0.00503221
0.00504778
0.00506625
0.00490751
0.00449642
0.00410398
0.00378533
0.00413248
0.00443157
0.00473367
0.00501737
0.00529754
0.00557757
0.00547783
0.00483661
0.00423478
0.0036988
0.00376862
0.00379539
0.00382516
0.00433213
0.00492388
0.0055088
0.00565728
0.00518269
0.00475274
0.00433478
0.00404726
0.00375096
0.00345569
0.00409971
0.0049114
0.00571017
0.00599345
0.00554013
0.00513906
0.00473404
0.00432223
0.00391147
0.00350122
0.0036752
0.003954
0.00422509
0.00453622
0.0049039
0.00526714
0.00553239
0.00492469
0.00437846
0.00382871
0.00355153
0.00332369
0.00309275
0.00323015
0.00389321
0.00451903
0.00503731
0.00457981
0.00419023
0.0037965
0.00348635
0.00319154
0.00289609
0.00284304
0.00313611
0.00340502
0.00367293
0.00391998
0.00416812
0.00441584
0.00408885
0.00365808
0.00323499
0.00292399
0.00277371
0.00261268
0.00254075
0.00325559
0.00391594
0.0045791
0.00458187
0.00446476
0.00435594
0.00405138
0.00346773
0.00290376
0.00238002
0.00222123
0.002038
0.00185666
0.00234202
0.0029483
0.00354562
0.00392766
0.00400127
0.00409553
0.00412269
0.00356454
0.00304643
0.00252632
0.00215094
0.00180231
0.00145237
0.00152251
0.00219335
0.00282318
0.00343204
0.00383589
0.00425287
0.00466843
0.00439472
0.00399515
0.00360448
0.00318617
0.00272891
0.00227485
0.00186659
0.00186429
0.00183511
0.00180775
0.00247813
0.00327586
0.00406411
0.00442693
0.0041802
0.00397397
0.00372563
0.00312309
0.00254465
0.00196538
0.00165649
0.00139759
0.00113576
0.00124943
0.00190045
0.00251541
0.00313412
0.00377139
0.00440662
0.00504115
0.00460686
0.00397604
0.00335884
0.00283233
0.00243665
0.00203298
0.00163075
0.00123249
0.000834485
0.000436984
0.00105242
0.00185437
0.0026432
0.00322474
0.00350845
0.00381105
0.00402355
0.00344578
0.00291974
0.00239104
0.00193551
0.00149391
0.00105199
0.000700851
0.000479531
0.000250157
0.000106396
0.000720054
0.00128437
0.00185113
0.00246608
0.00308941
0.00371142
0.00381021
0.00315902
0.00255653
0.00197355
0.00158648
0.00118742
0.000789639
0.000456098
0.000134841
-0.000186789
-0.000324345
-0.000198122
-8.87849e-05
0.000121149
0.00122087
0.00226289
0.00330723
0.00327987
0.00305285
0.00283873
0.00255325
0.00216649
0.00178661
0.00139779
0.000929363
0.00046653
3.92729e-06
-0.00017165
-0.000293455
-0.000418481
-0.000163262
0.000637285
0.00140268
0.00212476
0.00244782
0.00279542
0.00314105
0.00288725
0.00252148
0.00216314
0.00173449
0.00120536
0.000683148
0.000193565
-5.89527e-06
-0.000223128
-0.000438988
-0.000598182
-0.000746579
-0.000895462
-0.000495905
0.000691048
0.00182784
0.00284796
0.00280939
0.00283623
0.00285899
0.00253176
0.002139
0.00175075
0.00136593
0.000986212
0.000606643
0.000230881
-0.000114518
-0.000461356
-0.00080768
-0.000811916
-0.000751724
-0.000695548
-0.000130645
0.00116483
0.00241409
0.00352109
0.00334417
0.00324575
0.00314267
0.00269143
0.00217485
0.00166287
0.00120951
0.000840501
0.000466819
0.000108584
-0.000117842
-0.000351981
-0.00058537
-0.000663144
-0.000711416
-0.000761414
-0.000322651
0.00081852
0.00191592
0.00291187
0.00298837
0.00312016
0.00324846
0.00291518
0.00241232
0.00192026
0.00142814
0.000936609
0.000445637
-2.38874e-05
-0.000306215
-0.000599415
-0.000891612
-0.00100454
-0.00108334
-0.00116407
-0.000836776
7.71517e-05
0.000955009
0.00176532
0.00196125
0.00219352
0.00242335
0.00228117
0.00200198
0.00173125
0.00141503
0.00103394
0.000657142
0.000282583
-7.32856e-05
-0.000429839
-0.00078593
-0.000902656
-0.000931026
-0.000964579
-0.000821867
-0.000425995
-4.55076e-05
0.00036542
0.00104375
0.00170555
0.00236755
0.0023224
0.00214235
0.00197042
0.00167659
0.00120791
0.000750025
0.000312064
5.35446e-05
-0.000215166
-0.000482968
-0.000706961
-0.000914598
-0.00112295
-0.00125397
-0.00127386
-0.0013002
-0.00123497
-0.00035518
0.000476229
0.00130948
0.00160357
0.00169813
0.00180415
0.00169999
0.00129421
0.000906368
0.000523738
0.00019344
-0.0001395
-0.000471904
-0.000708534
-0.000909547
-0.00111238
-0.00126248
-0.0013369
-0.00141558
-0.00147896
-0.0014085
-0.00134582
-0.00128276
-0.00053041
0.000476818
0.00146828
0.00200661
0.00189132
0.00181357
0.00170154
0.0013017
0.000918765
0.000535299
0.000158248
-0.000216192
-0.000590353
-0.000888131
-0.00107602
-0.00126996
-0.00144365
-0.00144132
-0.00144898
-0.00145608
-0.00151153
-0.00158487
-0.00165712
-0.00131592
-0.000378732
0.000523667
0.0013382
0.0013579
0.00142249
0.00148447
0.00126662
0.000944913
0.00062942
0.000305056
-3.17523e-05
-0.000367481
-0.000691595
-0.000914365
-0.00114258
-0.00137023
-0.00150754
-0.00161117
-0.00171656
-0.00179594
-0.00183799
-0.00188209
-0.0018267
-0.000883454
9.13612e-06
0.000903557
0.00122741
0.0013388
0.00146191
0.00137151
0.000974215
0.000594439
0.000228214
-1.15039e-05
-0.000257984
-0.000503814
-0.000705473
-0.000890539
-0.00107632
-0.00122089
-0.00130617
-0.00139464
-0.00148679
-0.00161419
-0.00173951
-0.0018648
-0.00166149
-0.00133583
-0.00101727
-0.000597166
-3.09306e-05
0.000526639
0.00101876
0.00092647
0.000866391
0.000804609
0.000627524
0.000407502
0.000190075
-6.77709e-05
-0.00038386
-0.000696414
-0.000985647
-0.00106739
-0.00116038
-0.00125265
-0.0013701
-0.00149685
-0.00162296
-0.00172915
-0.0018066
-0.00188553
-0.00188387
-0.00116324
-0.00048246
0.000199742
0.000615382
0.000931205
0.0012521
0.00145806
0.00149864
0.00154813
0.0015616
0.0012578
0.000971475
0.000684515
0.000322777
-6.67128e-05
-0.000454286
-0.000741568
-0.000884063
-0.0010342
-0.00117855
-0.00127615
-0.00137617
-0.00147594
-0.00148331
-0.0014561
-0.00143076
-0.00101865
-4.79508e-05
0.000891789
0.00174723
0.00184216
0.00197765
0.00211083
0.00196371
0.00171165
0.00146547
0.00117333
0.000815141
0.000460854
0.000113785
-0.000169906
-0.000456665
-0.000742957
-0.000918148
-0.00105158
-0.00118709
-0.00129534
-0.00136443
-0.00143553
-0.00146789
-0.00115556
-0.000861793
-0.000567357
3.26418e-05
0.000746899
0.00145437
0.00187105
0.00186727
0.00188565
0.00186266
0.00148033
0.00111732
0.00075368
0.000397964
4.54221e-05
-0.000306916
-0.000623899
-0.000889939
-0.00115837
-0.00140398
-0.00144893
-0.00150433
-0.00155913
-0.00164621
-0.00174534
-0.00184375
-0.00172244
-0.00128345
-0.000861492
-0.000430728
7.42844e-05
0.000574904
0.00107523
0.00111827
0.000989386
0.000869571
0.000656846
0.000310396
-2.87551e-05
-0.000362765
-0.000650205
-0.00093976
-0.00122891
-0.00141663
-0.00156609
-0.00171737
-0.0018327
-0.00189623
-0.00196237
-0.00200458
-0.00183451
-0.00167557
-0.00151621
-0.000887101
-8.15175e-05
0.000714159
0.00123345
0.00135251
0.001492
0.00158095
0.00122849
0.000899026
0.000568722
0.000215148
-0.000147004
-0.000508346
-0.000804258
-0.00100561
-0.00121159
-0.00141408
-0.00158919
-0.00176552
-0.00194161
-0.00191389
-0.00180936
-0.00170884
-0.00153543
-0.00125678
-0.000983761
-0.000676754
-6.61243e-05
0.000528473
0.00112328
0.00126604
0.0012382
0.00121902
0.00107853
0.000763045
0.000456733
0.000143184
-0.0002334
-0.000606419
-0.000979242
-0.00122302
-0.00141794
-0.00161512
-0.00174604
-0.00178129
-0.00182132
-0.00185
-0.00177961
-0.00171426
-0.00164873
-0.00136673
-0.00100312
-0.000643962
-0.000244842
0.000211996
0.000665485
0.00105826
0.000910076
0.000789089
0.000666863
0.000454168
0.000207371
-3.74793e-05
-0.000322082
-0.00066424
-0.00100319
-0.00132187
-0.00146054
-0.00160802
-0.00175491
-0.00177741
-0.00175283
-0.00173061
-0.00176484
-0.00188102
-0.00199301
-0.00203465
-0.00144597
-0.000889071
-0.000331153
3.08508e-05
0.000318518
0.000609574
0.000741551
0.000643433
0.000556763
0.000451753
0.000187086
-6.94554e-05
-0.000326144
-0.000607074
-0.000897031
-0.00118626
-0.00140138
-0.00150919
-0.00162217
-0.00172938
-0.00178819
-0.00184931
-0.00191025
-0.00194759
-0.00197596
-0.00200474
-0.00176082
-0.00112168
-0.000502475
7.31086e-05
0.000254553
0.000455047
0.000654417
0.000668914
0.000613269
0.000561092
0.000412064
0.000122862
-0.000159245
-0.000444267
-0.000754467
-0.00106314
-0.00137159
-0.00149014
-0.00153655
-0.00158641
-0.0016208
-0.00163301
-0.00164629
-0.00166373
-0.00171895
-0.00177228
-0.00182566
-0.00134476
-0.000661266
1.18045e-05
0.000460997
0.000585106
0.000724747
0.000834487
0.000684507
0.000547157
0.000409333
0.000185063
-7.19383e-05
-0.000327122
-0.00057401
-0.000808856
-0.00104405
-0.00126659
-0.00137782
-0.00149427
-0.00161036
-0.00169651
-0.00177121
-0.00184639
-0.00176699
-0.00146344
-0.00117086
-0.000854831
-0.000331408
0.00018164
0.000694693
0.000809954
0.000773828
0.000744932
0.000639134
0.000422265
0.000210874
5.09699e-06
-0.000149709
-0.000306784
-0.000463603
-0.000689055
-0.000940504
-0.00119048
-0.00137267
-0.0014565
-0.00154489
-0.00162966
-0.00168457
-0.00174085
-0.001797
-0.00137555
-0.00077242
-0.000178412
0.000261455
0.000477251
0.000703378
0.000893974
0.000772702
0.000666185
0.000559075
0.000389033
0.000195086
2.44184e-06
-0.000220173
-0.000486291
-0.000750124
-0.00100282
-0.00115692
-0.00131548
-0.00147368
-0.00162339
-0.00176978
-0.00191619
-0.00202064
-0.00206425
-0.00211066
-0.00215634
-0.002197
-0.00223786
-0.00227868
-0.00178516
-0.00108803
-0.000400998
3.44377e-05
0.000104179
0.000190809
0.000251234
8.48444e-05
-7.08904e-05
-0.000226974
-0.000494285
-0.000803922
-0.00111132
-0.00135359
-0.00150127
-0.00165317
-0.00179424
-0.00184115
-0.00189235
-0.00194331
-0.00202957
-0.00212925
-0.00222823
-0.00227086
-0.00223165
-0.00219624
-0.00212405
-0.00172416
-0.00133966
-0.000954809
-0.000599719
-0.000256183
8.75673e-05
0.000330584
0.000427442
0.000530894
0.000598549
0.000349303
0.000114755
-0.00012025
-0.000339906
-0.000553587
-0.000767346
-0.00095164
-0.00109323
-0.00123663
-0.0013775
-0.00149753
-0.0016184
-0.00173912
-0.00181812
-0.00188111
-0.00194476
-0.00190389
-0.00171119
-0.00152555
-0.00129397
-0.000652787
-3.07192e-05
0.00059165
0.000973112
0.00126216
0.00155513
0.00164736
0.00144828
0.00126251
0.00106455
0.000761509
0.000463476
0.000165485
-0.000118789
-0.000397664
-0.000676531
-0.000896857
-0.00103222
-0.00117127
-0.00130789
-0.00142521
-0.00154329
-0.00166122
-0.00173797
-0.0017989
-0.00186047
-0.00166978
-0.00111243
-0.000571968
-4.19627e-05
0.000391521
0.000828927
0.00126577
0.00136186
0.00132725
0.00129849
0.00111562
0.000709061
0.000312819
-6.73972e-05
-0.000302861
-0.000544549
-0.000785746
-0.000984059
-0.00116581
-0.00134814
-0.00148405
-0.00155259
-0.00162405
-0.00170044
-0.0018226
-0.00194262
-0.00206263
-0.00205393
-0.00199583
-0.00193996
-0.00159934
-0.00084472
-0.00010903
0.000579196
0.000840264
0.00111992
0.00139851
0.00137872
0.00124433
0.0011151
0.000874937
0.000473697
7.98837e-05
-0.000301856
-0.000575348
-0.000853348
-0.00113091
-0.00133352
-0.00150724
-0.00168206
-0.0018413
-0.00197802
-0.0021156
-0.00224168
-0.00226603
-0.0022948
-0.00232335
-0.00238771
-0.0024658
-0.00254322
-0.00259473
-0.00260851
-0.00262393
-0.00263357
-0.00259235
-0.00255337
-0.00251433
-0.00246527
-0.00241239
-0.00235971
-0.00237701
-0.00249613
-0.00261072
-0.00271232
-0.00269656
-0.00268589
-0.002675
-0.00268411
-0.0027009
-0.00271734
-0.0027544
-0.00282146
-0.00288716
-0.00295287
-0.00302063
-0.00308825
-0.00315581
-0.00312466
-0.00305552
-0.00298807
-0.00295482
-0.00297141
-0.00298586
-0.00300038
-0.00299586
-0.00299217
-0.00298844
-0.00299018
-0.00299402
-0.00299777
-0.00296165
-0.0028675
-0.00277591
-0.00268429
-0.00270131
-0.00271367
-0.00272623
-0.00197433
-0.000928219
0.000104443
0.000926467
0.00144141
0.00196899
0.00249559
0.00252758
0.00258059
0.00263266
0.0027677
0.00293465
0.00310009
0.00319498
0.0031871
0.00318359
0.00317989
0.00317741
0.00317489
0.00317237
0.00316536
0.00315662
0.00314796
0.00312497
0.00308112
0.00303818
0.00299524
0.00289345
0.00279424
0.002695
0.00260836
0.00252663
0.00244477
0.00228074
0.00199703
0.00171858
0.00144015
0.00113535
0.000831921
0.000528685
0.00028358
6.10375e-05
-0.000162265
-0.000386065
-0.000610733
-0.000835176
-0.00105944
-0.00117138
-0.00128793
-0.00140418
-0.00148488
-0.0015518
-0.00161924
-0.00152662
-0.00120086
-0.000885111
-0.000569204
-0.00052403
-0.000467613
-0.000411711
-0.000613701
-0.000915258
-0.00121242
-0.0014007
-0.00143019
-0.00146625
-0.00150201
-0.00152757
-0.00155354
-0.00157947
-0.00162913
-0.00168793
-0.0017463
-0.00178444
-0.00179308
-0.00180293
-0.00181273
-0.00117645
-0.000567393
4.22833e-05
0.000430726
0.00073343
0.00103942
0.00106863
0.000694789
0.000337866
-1.946e-05
-0.000356551
-0.000694197
-0.00103154
-0.00122732
-0.00136823
-0.00151128
-0.00162724
-0.00170392
-0.00178214
-0.00186023
-0.00191715
-0.00197488
-0.00203254
-0.00209797
-0.00216637
-0.0022346
-0.00229424
-0.00234137
-0.00238896
-0.00243651
-0.00245213
-0.00246904
-0.00248589
-0.00248543
-0.00247826
-0.00247136
-0.00248371
-0.00252411
-0.00256333
-0.00260257
-0.00260608
-0.00261104
-0.00261593
-0.00262083
-0.00262572
-0.0026306
-0.00263493
-0.00263846
-0.00264202
-0.00264557
-0.00267135
-0.00269622
-0.0027211
-0.00274339
-0.00276466
-0.00278595
-0.00280268
-0.00281275
-0.00282308
-0.0028334
-0.00283428
-0.00283555
-0.0028368
-0.0028107
-0.002774
-0.00273776
-0.00273085
-0.0027667
-0.00280081
-0.00283496
-0.0030029
-0.00316532
-0.00332784
-0.00332935
-0.00326839
-0.00320999
-0.00317911
-0.0031885
-0.00319627
-0.0032041
-0.00309579
-0.00299222
-0.00288854
-0.00283497
-0.00280087
-0.00276602
-0.00275653
-0.00278397
-0.00280992
-0.00283591
-0.0028108
-0.00278774
-0.00276462
-0.00249663
-0.0021337
-0.00177483
-0.00122539
-0.000398057
0.00041758
0.00123303
0.00140949
0.00161116
0.00181168
0.00193974
0.00203959
0.00214048
0.00226284
0.00241662
0.00256903
0.00272137
0.00280055
0.00288255
0.00296437
0.00299923
0.00301581
0.0030331
0.00305337
0.00307804
0.00310252
0.00312698
0.00311524
0.00310493
0.00309458
0.00304584
0.00298221
0.00291922
0.00284037
0.00273838
0.00263738
0.00253642
0.00237652
0.00221905
0.00206161
0.0020481
0.00209055
0.00213079
0.00214939
0.00213632
0.00212449
0.00211262
0.00174043
0.0013826
0.0010245
0.000923342
0.0009222
0.000917157
0.000838481
0.000652096
0.000470052
0.00028798
8.3813e-05
-0.000119335
-0.000322365
-0.000242359
-5.22262e-05
0.00013348
0.000296841
0.000427396
0.000559122
0.0006907
0.000229434
-0.000208496
-0.000646992
-0.000854273
-0.000971447
-0.00109202
-0.00106753
-0.000831492
-0.000603818
-0.000375997
-0.000180993
1.51284e-05
0.000211055
-2.52611e-05
-0.000429839
-0.000827618
-0.00109446
-0.00116986
-0.00125258
-0.00133495
-0.00145136
-0.00156637
-0.00168135
-0.00125982
-0.000629423
-7.53105e-06
0.000362288
0.000363759
0.000379358
0.000394403
-3.8396e-05
-0.000453704
-0.000869364
-0.0010638
-0.00117192
-0.00128326
-0.00137819
-0.00144936
-0.00152139
-0.00159332
-0.00164551
-0.0016984
-0.00175123
-0.00180079
-0.00184905
-0.00189732
-0.00161375
-0.000845515
-9.63184e-05
0.000653033
0.000672692
0.000720081
0.000766381
0.00065553
0.000483404
0.000313735
5.28584e-05
-0.000341175
-0.000729859
-0.00111845
-0.00123536
-0.00136246
-0.00148908
-0.00156585
-0.00162312
-0.00168108
-0.00174805
-0.00182822
-0.00190784
-0.00198742
-0.00203743
-0.00208852
-0.00213953
-0.00216171
-0.00217262
-0.00218395
-0.00195848
-0.00138708
-0.000829127
-0.000271087
0.000217447
0.000708227
0.00119855
0.00128054
0.00120302
0.00113154
0.000993213
0.000757528
0.00052567
0.000293842
-6.77127e-05
-0.000424138
-0.000780489
-0.000983359
-0.00112618
-0.00127114
-0.00137719
-0.00142657
-0.00147803
-0.00152937
-0.00162303
-0.00171504
-0.00180704
-0.00182859
-0.00182259
-0.00181761
-0.00183632
-0.00188969
-0.00194173
-0.00199378
-0.00192574
-0.00186222
-0.00179858
-0.00109279
-0.000136246
0.000810278
0.00136164
0.00133523
0.00133026
0.0013245
0.00130851
0.0012929
0.0012773
0.000978295
0.000568587
0.000163276
-0.000172152
-0.000405335
-0.000642122
-0.0008786
-0.00101049
-0.00114614
-0.00128156
-0.0013723
-0.00144552
-0.00151933
-0.00156226
-0.0015601
-0.00155961
-0.00155905
-0.00157299
-0.00158638
-0.00159978
-0.0016724
-0.00176816
-0.00186301
-0.00193765
-0.00198276
-0.00202891
-0.00207499
-0.00102987
-2.54822e-05
0.000979659
0.00123944
0.0012073
0.00118587
0.00114798
0.00108659
0.00102611
0.000965642
0.000923243
0.000880215
0.000837242
0.000482537
5.89238e-06
-0.000465961
-0.000820459
-0.00100326
-0.00119217
-0.00138073
-0.00141305
-0.00145103
-0.00148878
-0.00149953
-0.0014997
-0.00150024
-0.0015076
-0.00152493
-0.00154188
-0.00155884
-0.00158621
-0.00161319
-0.00164017
-0.00101125
-0.000125546
0.000750231
0.00127765
0.00129533
0.00133143
0.00136683
0.00129393
0.00122498
0.00115595
0.00107242
0.000983256
0.000894355
0.000818458
0.000761565
0.000704028
0.000646557
0.000201316
-0.000229656
-0.00066083
-0.000843883
-0.000929555
-0.00101866
-0.00109213
-0.00114295
-0.00119453
-0.00124606
-0.00129374
-0.00134153
-0.00138928
-0.00145979
-0.0015392
-0.00161824
-0.00137342
-0.000654802
4.63586e-05
0.000747642
0.00058699
0.000457237
0.000326473
0.000133004
-8.50082e-05
-0.00030199
-0.000533826
-0.000787417
-0.00104005
-0.00129254
-0.00131977
-0.001355
-0.00138992
-0.00146254
-0.00154992
-0.00163672
-0.00170278
-0.00173847
-0.00177522
-0.0018119
-0.00131978
-0.000846755
-0.00037339
-3.41695e-05
0.000252241
0.000540318
0.000732173
0.000783407
0.000839579
0.000895537
0.000557971
0.000234548
-8.91458e-05
-0.000387884
-0.000676702
-0.000965667
-0.00117662
-0.00127351
-0.00137436
-0.00147499
-0.0015275
-0.00158166
-0.00163573
-0.00169723
-0.00176162
-0.00182586
-0.00162793
-0.00104629
-0.000478526
8.93224e-05
0.000181042
0.000289403
0.000397104
0.000368644
0.000286665
0.000206619
-2.20482e-05
-0.000468186
-0.0009064
-0.00134458
-0.00142418
-0.00151626
-0.00160784
-0.00165267
-0.00167911
-0.00170617
-0.00173901
-0.00178036
-0.00182138
-0.00186239
-0.00108504
-0.00033675
0.000412031
0.000689057
0.000780431
0.000878201
0.000909426
0.000843596
0.000781186
0.0007187
0.000671151
0.000623116
0.000575131
0.000551467
0.000537381
0.000522973
0.000324846
-0.000142291
-0.000599787
-0.0010573
-0.00111767
-0.00119174
-0.00126528
-0.00131825
-0.0013631
-0.0014082
-0.00146937
-0.00155409
-0.00163794
-0.00172176
-0.00131061
-0.000916815
-0.000522691
-0.00019098
0.000116034
0.000423688
0.000432133
2.56094e-06
-0.000411648
-0.0008261
-0.000935531
-0.00105537
-0.00117477
-0.00124966
-0.001307
-0.0013649
-0.00142162
-0.00147668
-0.00153176
-0.0015868
-0.00129992
-0.00102495
-0.000749763
-0.000307075
0.000201423
0.000707323
0.000966691
0.000865019
0.000775751
0.000686121
0.000431335
0.000182359
-6.66444e-05
-0.000362503
-0.000676709
-0.000990076
-0.00120164
-0.00126415
-0.00133169
-0.00139901
-0.00148079
-0.00156202
-0.00164322
-0.00165803
-0.00164667
-0.0016362
-0.00133581
-0.000610758
9.93918e-05
0.000809565
0.000773906
0.000763553
0.000752349
0.000621181
0.000442753
0.000266046
1.17176e-06
-0.000392837
-0.000782212
-0.00117148
-0.00125419
-0.00134721
-0.00143981
-0.00149513
-0.00153571
-0.00157676
-0.00159544
-0.00158139
-0.00156844
-0.00155546
-0.00111038
-0.000680135
-0.000249684
-0.000111447
-8.85391e-05
-6.17684e-05
6.44879e-06
0.000135598
0.000262614
0.000389616
-1.8615e-05
-0.000408611
-0.000798957
-0.00102329
-0.00118203
-0.00134285
-0.00143967
-0.00144284
-0.00144914
-0.00145534
-0.00153575
-0.00161362
-0.00169153
-0.001573
-0.00137698
-0.00118368
-0.000870993
-0.000383417
9.7999e-05
0.000579299
0.000413512
0.000269406
0.000124673
0.00012491
0.000182379
0.000237904
0.000144401
-0.000167593
-0.000472113
-0.000776679
-0.000906283
-0.00104161
-0.00117666
-0.00126375
-0.00133184
-0.00140053
-0.00146635
-0.00152805
-0.00158984
-0.00165158
-0.00171524
-0.00177879
-0.0018423
-0.00141934
-0.000804343
-0.000196107
0.00012493
2.48583e-05
-6.12355e-05
-0.000147734
-0.000532997
-0.000908144
-0.00128338
-0.00147507
-0.00159415
-0.00171554
-0.00180235
-0.00183862
-0.00187653
-0.00191435
-0.0019753
-0.00203544
-0.00209558
-0.00166685
-0.00104506
-0.000430012
-5.13443e-05
-1.93421e-05
2.40163e-05
6.69738e-05
-5.47151e-05
-0.000170926
-0.00028724
-0.000594606
-0.0009774
-0.00135747
-0.00162648
-0.00173263
-0.00184405
-0.00195522
-0.00201236
-0.00207124
-0.00213001
-0.00217837
-0.00222257
-0.00226689
-0.0020857
-0.00157387
-0.00107316
-0.000572408
-0.000518433
-0.00044994
-0.000381965
-0.000646147
-0.00104164
-0.00143261
-0.00170738
-0.00181168
-0.00192145
-0.00203097
-0.00211139
-0.00219271
-0.00227394
-0.0022863
-0.0022714
-0.00225739
-0.00213102
-0.00183992
-0.00155435
-0.00126879
-0.000927409
-0.000588053
-0.000248852
-0.000207604
-0.000284309
-0.000357153
-0.000543604
-0.000896503
-0.0012438
-0.00159105
-0.00171525
-0.00184657
-0.00197757
-0.00205516
-0.00211157
-0.00216862
-0.00221355
-0.00224075
-0.00226849
-0.00229621
-0.00228775
-0.00228047
-0.00227315
-0.00176417
-0.00105669
-0.000356038
5.0308e-06
-0.000132096
-0.000253152
-0.000374646
-0.000671815
-0.000963163
-0.00125451
-0.00143492
-0.00157132
-0.00170905
-0.00182124
-0.0018961
-0.00197211
-0.00204803
-0.00211952
-0.00219111
-0.00226265
-0.00225626
-0.00221898
-0.00218272
-0.00193748
-0.00138571
-0.000844065
-0.00030244
-0.000314771
-0.000309453
-0.0003047
-0.000467361
-0.000696323
-0.000923032
-0.00113794
-0.00133548
-0.00153346
-0.00173129
-0.00179856
-0.00186993
-0.00194112
-0.00200958
-0.00207693
-0.00214427
-0.00218278
-0.00217901
-0.00217657
-0.0021741
-0.00211785
-0.00206334
-0.00200881
-0.00162426
-0.00110898
-0.000598156
-0.000438286
-0.000793426
-0.00113208
-0.00147104
-0.00167312
-0.00187939
-0.0020854
-0.00214884
-0.00215572
-0.00216437
-0.00218508
-0.00222356
-0.00226145
-0.00229934
-0.00227551
-0.00225362
-0.00223169
-0.00201979
-0.00173258
-0.00144793
-0.00114281
-0.00080769
-0.000473722
-0.000139928
-0.000253927
-0.000353817
-0.000454086
-0.000673898
-0.000941077
-0.00120661
-0.00143381
-0.00160479
-0.00177741
-0.00194988
-0.00198935
-0.00203295
-0.00207639
-0.0020953
-0.00210446
-0.00211393
-0.00213536
-0.00217439
-0.00221285
-0.0022513
-0.00184335
-0.00144955
-0.00105556
-0.000862588
-0.00074949
-0.000633978
-0.000648817
-0.000854841
-0.00105479
-0.00125481
-0.00143648
-0.00161861
-0.00180062
-0.00188705
-0.00193549
-0.00198508
-0.00204239
-0.0021111
-0.00217941
-0.00224768
-0.00224487
-0.00224426
-0.00224359
-0.00183009
-0.00125275
-0.000680836
-0.000396789
-0.000535416
-0.0006609
-0.000786712
-0.00115494
-0.00151546
-0.00187599
-0.00202955
-0.00210081
-0.00217457
-0.00222409
-0.00223819
-0.00225337
-0.00226851
-0.00216195
-0.00205921
-0.0019564
-0.00170821
-0.00140232
-0.00109838
-0.00106247
-0.00142005
-0.00176533
-0.00211078
-0.00210976
-0.00211937
-0.00212865
-0.00217175
-0.00222827
-0.00228434
-0.00233538
-0.00237903
-0.00242288
-0.0024667
-0.00210308
-0.00175215
-0.00140104
-0.00148126
-0.00173297
-0.00197928
-0.00215831
-0.00223838
-0.00232141
-0.00240431
-0.00242877
-0.002455
-0.00248116
-0.00253057
-0.00258922
-0.00264755
-0.00256474
-0.00227469
-0.00199112
-0.00170753
-0.00191464
-0.00210671
-0.00229913
-0.00242053
-0.00251366
-0.00260758
-0.00266457
-0.00266739
-0.00267185
-0.00267625
-0.00271756
