0
0.0113134
0.0103081
0.0103098
0.0102278
0.0102154
0.0102908
0.0103589
0.0104162
0.0103728
0.0103377
0.0103021
0.010207
0.0101022
0.00999832
0.00993719
0.00993653
0.00993091
0.00991526
0.00980649
0.00970553
0.00960409
0.00936854
0.0091108
0.00885528
0.00884907
0.00919581
0.00951322
0.00976686
0.009435
0.00915128
0.00886411
0.0087968
0.0087665
0.00873325
0.00879711
0.00899812
0.00918772
0.00933413
0.00908977
0.00887731
0.00866263
0.0086792
0.00873477
0.00878712
0.00868367
0.00835911
0.0080528
0.00778535
0.00787331
0.0079327
0.00799428
0.0079336
0.00785231
0.00777278
0.00777824
0.00790431
0.00802058
0.00812227
0.00808849
0.00806551
0.00804171
0.00791592
0.0077729
0.00763148
0.00755544
0.00757224
0.00758168
0.007574
0.00740864
0.00725596
0.00710253
0.00719547
0.00733038
0.00746179
0.00750664
0.00742837
0.00735987
0.00727553
0.0070561
0.00684756
0.00663849
0.00652857
0.00643577
0.00634178
0.00631383
0.00637943
0.00643766
0.00647802
0.00635467
0.0062442
0.0061329
0.00602455
0.00591681
0.00580919
0.00579491
0.00591313
0.00602095
0.00609929
0.00590893
0.00573954
0.0055688
0.00553638
0.00552784
0.00551749
0.00547006
0.00536973
0.0052736
0.00520186
0.00534921
0.00547961
0.0056111
0.0055201
0.00539066
0.00526435
0.00513823
0.00501266
0.00488724
0.00480108
0.00506358
0.00529927
0.00553663
0.0054328
0.00526981
0.00511153
0.00504626
0.00511365
0.00517095
0.00523188
0.00531912
0.00540426
0.00548942
0.00523481
0.00492123
0.00461253
0.0045787
0.00493618
0.00526385
0.00553235
0.00525696
0.00502257
0.00478547
0.00480029
0.00485912
0.00491459
0.00500524
0.00514563
0.00528212
0.00536451
0.00496356
0.00459902
0.00423231
0.00416786
0.0041565
0.00414124
0.00438644
0.00500203
0.00558941
0.00606219
0.00550116
0.00501698
0.00452786
0.00414536
0.00378197
0.00341771
0.0033406
0.00367212
0.00397326
0.00426932
0.00450356
0.00474196
0.00497972
0.00459371
0.00409793
0.00361087
0.00330094
0.00324398
0.00316874
0.00307866
0.00284344
0.00261907
0.00239425
0.00298242
0.00371396
0.00443409
0.0046313
0.00408244
0.00358816
0.00312582
0.00297796
0.00280769
0.00263927
0.00241262
0.00217591
0.00194025
0.00202852
0.00257862
0.00309487
0.00357747
0.00374402
0.00393291
0.00411994
0.00390263
0.00361346
0.00332982
0.00297956
0.00253466
0.00209712
0.00170294
0.0016953
0.00166025
0.0016272
0.00225141
0.00299245
0.00372418
0.00410185
0.00397384
0.0038817
0.00376878
0.00349219
0.00322752
0.00296238
0.00281017
0.00267834
0.00254527
0.00235718
0.00209034
0.00182939
0.00158028
0.00143756
0.0012876
0.00113836
0.00178664
0.00257756
0.00335742
0.00377629
0.00367908
0.00361791
0.00351365
0.00304675
0.00260567
0.00216342
0.00184227
0.00154324
0.0012431
0.0010805
0.00111405
0.001134
0.00114335
0.0010499
0.000963663
0.000877051
0.00143122
0.00210056
0.00276107
0.00303331
0.00275029
0.00250577
0.00225624
0.0019831
0.00171195
0.00144103
0.00125128
0.00107643
0.000900802
0.000767055
0.000692973
0.000614924
0.000570074
0.000818216
0.00104609
0.00127503
0.00118452
0.00103612
0.000891839
0.000728358
0.000537742
0.000349221
0.000166143
3.08898e-05
-0.000107412
-0.000245322
0.000195132
0.000740446
0.00127796
0.00168592
0.00190816
0.00214259
0.00233515
0.00216395
0.00201739
0.00186937
0.00162124
0.00135507
0.00109046
0.000902146
0.000822979
0.000736626
0.000665636
0.000726531
0.000778553
0.000831096
0.000836776
0.000833885
0.000831567
0.000744624
0.000536614
0.000336914
0.00014376
1.18783e-05
-0.000123887
-0.000259215
-0.000124892
5.87622e-05
0.000238916
0.000627813
0.00131535
0.00198229
0.00255708
0.0023041
0.00210591
0.00190438
0.00187685
0.00188129
0.00188362
0.00185594
0.00178505
0.00171708
0.00165853
0.00168505
0.00170599
0.00172726
0.00160969
0.00146666
0.00132548
0.00115807
0.00095317
0.00075098
0.00055065
0.000366408
0.000181361
-3.39371e-06
3.7952e-05
0.000121024
0.000201286
0.000241869
0.000225366
0.000212576
0.000195451
0.000141654
9.02923e-05
3.884e-05
0.000345023
0.000717116
0.00108449
0.00133795
0.00142792
0.00152827
0.00163054
0.00175705
0.00188185
0.0020066
0.00189455
0.00173868
0.0015858
0.00138141
0.00110332
0.000830287
0.000573322
0.000459933
0.000337544
0.000215883
0.000115331
1.88117e-05
-7.78412e-05
-0.000173299
-0.000267117
-0.000360919
-0.000437129
-0.00035718
-0.000287215
-0.000216707
0.000219287
0.000722988
0.00122178
0.00161426
0.00185408
0.00210321
0.00231023
0.00214891
0.00201095
0.0018717
0.00187656
0.00190831
0.00193833
0.00190044
0.00176491
0.00163567
0.00151151
0.00143495
0.0013555
0.00127634
0.00106556
0.000830342
0.000596946
0.000406042
0.000276161
0.000142644
1.36662e-05
-7.81435e-05
-0.000172148
-0.000265899
-0.000377641
-0.000492648
-0.000607311
-0.000582981
-0.000359103
-0.000147843
0.000114691
0.000830244
0.00151695
0.00220459
0.00230258
0.00228969
0.00228364
0.00221743
0.00206546
0.00191894
0.00175086
0.00139178
0.00104486
0.000697618
0.000489229
0.000307173
0.000123728
5.24068e-05
0.000141938
0.000221534
0.00029054
0.000260268
0.000236087
0.000211564
0.000181968
0.000151436
0.000120998
3.78855e-05
-0.000120938
-0.000274972
-0.000354271
0.000235129
0.000783287
0.00133328
0.00149418
0.0015814
0.00167298
0.00178001
0.00190971
0.00203789
0.00214644
0.0020801
0.00202438
0.00196808
0.00168091
0.00130904
0.00094271
0.000663845
0.000511027
0.00035083
0.000187635
-7.86688e-06
-0.0002012
-0.000394431
-0.000440486
-0.000458566
-0.000478295
-0.000475725
-0.000441242
-0.000408702
-0.000381971
-0.00040786
-0.000430586
-0.000453473
-0.000497021
-0.000548154
-0.000598776
-0.000650088
-0.000702376
-0.000754545
-0.000765548
-0.000409204
-7.50173e-05
0.000260084
0.000567154
0.000863704
0.00116053
0.00135043
0.00138668
0.00143194
0.00144788
0.00120709
0.000981685
0.00075564
0.00046086
0.000153212
-0.000153319
-0.000351162
-0.000392647
-0.000443244
-0.000495501
-0.000567877
-0.000638992
-0.000710098
-0.0008645
-0.00104957
-0.00123264
-0.00133292
-0.00131393
-0.00130192
-0.00128287
-0.00120453
-0.00112973
-0.0010548
-0.00106084
-0.00109681
-0.001131
-0.00118773
-0.00127681
-0.00136391
-0.00142743
-0.00128004
-0.00114501
-0.00100943
-0.000649328
-0.000206356
0.000231325
0.000490657
0.000492891
0.000509924
0.00052502
0.000530615
0.00053675
0.000542847
0.00066598
0.000832389
0.000996126
0.000965333
0.000654141
0.000359356
8.0704e-05
-4.80305e-05
-0.000185185
-0.000321701
-0.000406678
-0.000472472
-0.000539286
-0.000623231
-0.000731991
-0.000839215
-0.000934693
-0.000925389
-0.00092205
-0.000918376
-0.000955585
-0.00100794
-0.00105937
-0.00106478
-0.00100381
-0.000946674
-0.000901369
-0.000963275
-0.00101905
-0.00107512
-0.00107371
-0.00105096
-0.00102945
-0.000801655
-0.00027656
0.000231213
0.000685868
0.000661579
0.000664224
0.000665354
0.000634463
0.000591651
0.000549556
0.00039746
8.67741e-05
-0.000214689
-0.000481179
-0.000433134
-0.000402713
-0.000371343
-0.000457736
-0.000587868
-0.000715417
-0.000794348
-0.000803009
-0.000815571
-0.000830152
-0.000864848
-0.000898387
-0.000931954
-0.000993318
-0.001065
-0.00113602
-0.00119089
-0.00122243
-0.00125522
-0.00129025
-0.00134613
-0.0014008
-0.00145547
-0.00146801
-0.00146484
-0.00146253
-0.00125048
-0.000735841
-0.000238419
0.000225018
0.000380512
0.000552755
0.000723889
0.000844012
0.000945007
0.00104694
0.00105041
0.000911905
0.000781321
0.000637336
0.000376311
0.000121966
-0.000132465
-0.000285777
-0.000401247
-0.000518654
-0.000645075
-0.000784732
-0.000923516
-0.00104944
-0.00106122
-0.00107918
-0.00109679
-0.00106874
-0.00102365
-0.000979525
-0.000664723
4.08664e-05
0.000724534
0.00134414
0.00138625
0.00145954
0.00153106
0.00140034
0.00119405
0.000992049
0.000764554
0.000500472
0.000238644
-1.49303e-05
-0.000195884
-0.000380547
-0.000564812
-0.000624291
-0.000637029
-0.000652261
-0.000619898
-0.000518991
-0.000421863
-0.000339423
-0.000389289
-0.000432026
-0.000475098
-0.000428423
-0.000348174
-0.000269802
-0.000159091
-1.76212e-06
0.000152915
0.000312571
0.000516787
0.000718416
0.000919967
0.000851931
0.000682897
0.000519403
0.000375723
0.000261031
0.000144923
2.48547e-05
-0.000132287
-0.000287302
-0.000442265
-0.000423387
-0.000339319
-0.000258781
-0.000200529
-0.000174727
-0.000147242
-0.000137779
-0.000288439
-0.000430512
-0.000572888
-0.000663633
-0.00073495
-0.000807212
-0.0009118
-0.00106323
-0.00121205
-0.00134636
-0.00135094
-0.00136231
-0.00137332
-0.00140012
-0.00143284
-0.00146521
-0.00126844
-0.000740309
-0.000230016
0.000249038
0.000444648
0.000654816
0.000864008
0.000894502
0.000857783
0.000824596
0.00067414
0.000354342
4.36631e-05
-0.000252475
-0.000416909
-0.000587996
-0.000758562
-0.000796644
-0.000784856
-0.000775658
-0.000837748
-0.00100315
-0.00116306
-0.00127402
-0.000946063
-0.000641073
-0.000335214
0.000160599
0.000727646
0.00129045
0.00162853
0.00164147
0.00167109
0.00167104
0.00141365
0.00116971
0.000925335
0.000623639
0.000300515
-2.11809e-05
-0.00028372
-0.000460709
-0.000641888
-0.000810992
-0.000875513
-0.000945304
-0.00101475
-0.00105003
-0.0010724
-0.0010954
-0.00101657
-0.000790398
-0.000571949
-0.000313952
0.000295995
0.000887456
0.00147926
0.00159743
0.00153687
0.00148544
0.00140167
0.00127178
0.00114436
0.000997255
0.000674249
0.000360454
4.65105e-05
-0.000189548
-0.000396072
-0.000603877
-0.000764389
-0.000856627
-0.000952208
-0.00102104
-0.00085293
-0.000696894
-0.000540408
-0.000451971
-0.00038928
-0.000325362
-0.000325972
-0.000419906
-0.000509073
-0.000565138
-0.000323696
-9.73709e-05
0.000129483
0.000293322
0.000433258
0.000574248
0.000640685
0.000599288
0.000563305
0.000516654
0.000376711
0.000241548
0.000106282
3.24595e-05
-1.80825e-05
-6.97303e-05
-0.000157365
-0.00029724
-0.000434386
-0.000557408
-0.000553952
-0.000556761
-0.000559257
-0.000538749
-0.000509538
-0.000480785
-0.000502319
-0.000596734
-0.00068746
-0.000732458
-0.000367487
-2.30706e-05
0.000322018
0.000428049
0.000443491
0.000463371
0.00050803
0.000588936
0.000667982
0.000731933
0.000660642
0.00059605
0.000531193
0.00036837
0.000168503
-2.93564e-05
-0.000186815
-0.000285666
-0.000387284
-0.000484332
-0.000542518
-0.000602543
-0.000662419
-0.00071738
-0.000770443
-0.000823546
-0.000871878
-0.000913319
-0.000955056
-0.000955448
-0.000586425
-0.000235693
0.000115586
0.000328226
0.00048815
0.000650473
0.000756172
0.000780025
0.000807814
0.000827194
0.00077326
0.00072292
0.000672456
0.000524699
0.000340078
0.000157413
2.03936e-05
-5.03793e-05
-0.000124274
-0.000200408
-0.000298509
-0.000395459
-0.000492371
-0.000273473
6.52959e-05
0.000397988
0.000667866
0.000846363
0.00102907
0.00117703
0.00101732
0.000872492
0.00072709
0.000482307
0.000199862
-8.05134e-05
-0.000271619
-0.000333214
-0.000400926
-0.00045784
-0.000421281
-0.000389208
-0.000356952
-0.000396681
-0.000463768
-0.000529492
-0.000390798
4.45415e-05
0.000465388
0.000866111
0.00108378
0.00130992
0.00153544
0.00146348
0.00127833
0.0010987
0.000909237
0.000705812
0.000503238
0.000298384
7.195e-05
-0.000153252
-0.0003783
-0.000432207
-0.0004209
-0.000412674
-0.000467626
-0.000614483
-0.000756882
-0.000883436
-0.000867407
-0.000858086
-0.00084846
-0.000550119
-0.000141907
0.000260774
0.000501531
0.000507049
0.00052357
0.000531119
0.000463141
0.000398757
0.000334264
0.000156507
-6.43471e-05
-0.000282985
-0.000469312
-0.000608678
-0.000750102
-0.000886617
-0.000981131
-0.00107751
-0.00117371
-0.00120495
-0.00121139
-0.00121897
-0.00120174
-0.00114857
-0.00109712
-0.0010402
-0.000934734
-0.000831613
-0.00072848
-0.00055252
-0.000348853
-0.000146654
-6.1604e-06
4.47164e-05
9.96818e-05
0.000132126
-3.48632e-05
-0.000192508
-0.000350438
-0.000498042
-0.000641629
-0.000785268
-0.000879731
-0.000902838
-0.000929201
-0.000951122
-0.000934832
-0.00092031
-0.00090572
-0.000680849
-0.000375731
-7.45668e-05
0.000209306
0.000467925
0.000727463
0.000962534
0.000980915
0.00100917
0.00103696
0.000932785
0.000778202
0.000626058
0.000448539
0.000234251
2.18325e-05
-0.000182599
-0.000316333
-0.000453159
-0.000589719
-0.000446949
-0.000197378
4.71217e-05
0.000259196
0.00042392
0.000590641
0.000724771
0.000569249
0.000426973
0.000284227
0.000248753
0.000254351
0.00025809
0.000259173
0.000256272
0.000253553
0.000240494
0.000134938
3.36436e-05
-6.77514e-05
-7.7742e-05
-5.27207e-05
-2.92963e-05
9.33277e-05
0.000360042
0.000620046
0.000833774
0.000632483
0.000449984
0.000266806
4.3655e-05
-0.000194712
-0.000432185
-0.000585423
-0.000616255
-0.00065253
-0.000687762
-0.000716094
-0.000744709
-0.000773286
-0.000687052
-0.000556841
-0.000428706
-0.00038266
-0.000456047
-0.000524054
-0.000599618
-0.000741154
-0.000879632
-0.00101812
-0.000759248
-0.000348069
5.59885e-05
0.000348198
0.000477472
0.000613851
0.000701442
0.000356135
3.02883e-05
-0.000296131
-0.000455977
-0.00055182
-0.000650405
-0.000677072
-0.000599371
-0.000526342
-0.000464289
-0.000501817
-0.000534926
-0.000568201
-0.000616184
-0.000669795
-0.000723112
-0.000731639
-0.000675024
-0.000621319
-0.000590292
-0.000763038
-0.000926696
-0.00109061
-0.0011446
-0.00115633
-0.00116991
-0.00123644
-0.00138012
-0.00152031
-0.00165098
-0.00169594
-0.00174461
-0.00179308
-0.00183149
-0.00186602
-0.00190069
-0.0019068
-0.00187139
-0.00183782
-0.0018066
-0.00179694
-0.00178635
-0.0017758
-0.00176044
-0.00174324
-0.00172613
-0.00172008
-0.00173011
-0.00173943
-0.00174926
-0.00176336
-0.00177726
-0.00179117
-0.00175125
-0.00169064
-0.00163098
-0.00162846
-0.00170915
-0.00178617
-0.00186328
-0.00187091
-0.00188153
-0.00189201
-0.00185408
-0.00179751
-0.0017418
-0.00173535
-0.00180064
-0.00186278
-0.00192501
-0.00183564
-0.00175285
-0.00166985
-0.00166424
-0.00168845
-0.00171136
-0.00172746
-0.00173359
-0.00174013
-0.00174666
-0.00157462
-0.00141036
-0.00124591
-0.0010979
-0.000956311
-0.000814565
-0.000656118
-0.000473284
-0.000291644
-0.000110109
0.000285992
0.000672626
0.00105933
0.00127706
0.00142953
0.00158465
0.00173511
0.00187904
0.00202313
0.00216709
0.0023733
0.00257671
0.00278006
0.00280543
0.00276213
0.00272177
0.00266987
0.00260132
0.00253353
0.00246577
0.00233456
0.00220614
0.0020777
0.00203344
0.00202168
0.00200856
0.00190253
0.00166109
0.00142555
0.00118997
0.00110639
0.00101649
0.000926928
0.000732349
0.000497325
0.000264195
7.84307e-05
-3.83173e-05
-0.000157859
-0.000277183
-0.000412869
-0.000547757
-0.000682566
-0.000783567
-0.00087146
-0.000959827
-0.00101066
-0.00100689
-0.0010054
-0.00100382
-0.00106536
-0.00112422
-0.00118315
-0.00113781
-0.00105221
-0.000968358
-0.000893841
-0.000833
-0.000771641
-0.000710355
-0.0007516
-0.000788555
-0.000825658
-0.000921647
-0.00104036
-0.00115803
-0.00124838
-0.00129891
-0.00135104
-0.00140306
-0.00140033
-0.00139986
-0.0013993
-0.00133919
-0.00125608
-0.00117398
-0.00113075
-0.00114419
-0.00115528
-0.00116646
-0.00116677
-0.00116752
-0.00116826
-0.00122743
-0.00130919
-0.00138995
-0.00144505
-0.00146272
-0.00148192
-0.00150103
-0.00154187
-0.00158179
-0.00162172
-0.00160949
-0.00157708
-0.00154553
-0.00155283
-0.00161683
-0.00167846
-0.00174014
-0.00174433
-0.00175087
-0.00175731
-0.00170059
-0.00161944
-0.00153935
-0.0014847
-0.00146716
-0.00144812
-0.00142916
-0.00143552
-0.00144083
-0.00144619
-0.00151099
-0.00159879
-0.00168558
-0.00172546
-0.0016969
-0.00167115
-0.00164529
-0.00167022
-0.00169307
-0.00171599
-0.00170799
-0.00168802
-0.00166855
-0.00165453
-0.00164849
-0.00164213
-0.00163579
-0.00168673
-0.00173531
-0.00178395
-0.00178469
-0.00176686
-0.00174979
-0.00175846
-0.00180473
-0.00184945
-0.00189419
-0.00195129
-0.00200785
-0.00206438
-0.00210129
-0.00213057
-0.00216013
-0.00212044
-0.00197978
-0.00184328
-0.00170671
-0.00157447
-0.00144216
-0.00130996
-0.00120245
-0.00110457
-0.00100638
-0.000962077
-0.000996323
-0.00102741
-0.0010586
-0.000834701
-0.000621147
-0.000407351
-0.000160802
9.83559e-05
0.000356806
0.000604901
0.000837949
0.00107141
0.00130467
0.00147534
0.00164836
0.00182114
0.00187184
0.0018751
0.00188023
0.00193227
0.00205287
0.00217066
0.00228846
0.00240991
0.00253112
0.00265224
0.00266353
0.00263212
0.00260242
0.00256607
0.00252011
0.00247455
0.00242902
0.00241792
0.00240547
0.00239309
0.0022714
0.00210727
0.00194494
0.00180961
0.00171371
0.00161634
0.0015191
0.00140106
0.00128393
0.00116685
0.00114545
0.00116127
0.00117562
0.00120503
0.00125634
0.00130675
0.00135716
0.00101481
0.000688057
0.000360954
0.000205507
0.000116905
2.57661e-05
-4.9414e-05
-0.000101483
-0.000154412
-0.000207266
-0.000219282
-0.000232879
-0.000246403
-0.000202189
-0.00013552
-6.97755e-05
-6.83558e-05
-0.000160867
-0.000249661
-0.000338531
-0.000296179
-0.000258946
-0.000221544
-0.000357522
-0.000560944
-0.000761598
-0.00086463
-0.000825054
-0.000791021
-0.0007568
-0.000782409
-0.000805688
-0.000829039
-0.000851551
-0.000873727
-0.000895899
-0.000930021
-0.000981597
-0.00103246
-0.00108332
-0.00111475
-0.00114692
-0.00117903
-0.00110106
-0.000980228
-0.000861138
-0.000790944
-0.000792206
-0.000790725
-0.000789351
-0.000895957
-0.000998345
-0.00110082
-0.00116016
-0.00120268
-0.0012458
-0.00127574
-0.00128648
-0.00129794
-0.00130936
-0.00130958
-0.00131023
-0.00131086
-0.0013212
-0.00133532
-0.00134929
-0.0013438
-0.0013099
-0.0012771
-0.00124429
-0.00125544
-0.00126491
-0.00127443
-0.00130974
-0.00135508
-0.00140002
-0.00143813
-0.00146626
-0.00149475
-0.00152321
-0.00153304
-0.00154356
-0.00155405
-0.00153965
-0.00151553
-0.0014918
-0.00149994
-0.00155464
-0.00160755
-0.00166048
-0.00168416
-0.00170893
-0.00173365
-0.00172795
-0.00171038
-0.00169327
-0.00164977
-0.00156773
-0.00148721
-0.00140669
-0.00138753
-0.00136609
-0.00134474
-0.00133377
-0.00132685
-0.00131979
-0.00134416
-0.00141445
-0.00148297
-0.0015515
-0.00149953
-0.00145211
-0.00140456
-0.00139039
-0.00138927
-0.00138766
-0.00135221
-0.0012673
-0.0011843
-0.0011013
-0.00110511
-0.00110569
-0.00110639
-0.00104855
-0.000967866
-0.000888093
-0.000851816
-0.000879129
-0.000904056
-0.000929053
-0.000637031
-0.000357011
-7.67536e-05
0.000126854
0.000300412
0.000474956
0.000603551
0.000665104
0.000729098
0.000792954
0.0010766
0.00135189
0.00162728
0.00169443
0.00168011
0.00166881
0.00166059
0.00165702
0.00165328
0.00164955
0.00158084
0.00151458
0.00144828
0.00147042
0.00152714
0.00158255
0.00156318
0.00143446
0.00130985
0.00118518
0.00129966
0.00140527
0.00151113
0.00143844
0.00129591
0.00115605
0.00109431
0.00114688
0.00119522
0.00124369
0.00114263
0.00104712
0.000951482
0.000973158
0.00104075
0.00110662
0.00106674
0.000872155
0.000683368
0.000494508
0.00062956
0.000752691
0.000876168
0.000875766
0.000826853
0.000779743
0.000642313
0.000372888
0.000108465
-0.000155948
-0.000202492
-0.000256924
-0.00031103
-0.000238699
-0.000116857
3.09787e-06
4.21445e-05
-3.71924e-05
-0.000112178
-0.000187267
-0.000267951
-0.000348373
-0.000428747
-0.000379273
-0.000278929
-0.000180498
-0.000153474
-0.000230955
-0.000304604
-0.000378338
-0.000472937
-0.000566715
-0.000660454
-0.000681431
-0.000673872
-0.000667347
-0.000685032
-0.000738183
-0.000790018
-0.000841864
-0.00087786
-0.000914401
-0.000950896
-0.000915693
-0.000852386
-0.000790134
-0.000751878
-0.000748759
-0.000744381
-0.000740051
-0.000832295
-0.000921011
-0.00100979
-0.00105748
-0.00108903
-0.00112113
-0.00112501
-0.00108765
-0.0010518
-0.00101591
-0.00108395
-0.00114824
-0.00121261
-0.00124438
-0.00126334
-0.00128275
-0.0012872
-0.00126981
-0.00125322
-0.0012366
-0.00121194
-0.00118758
-0.00116323
-0.00116681
-0.00118135
-0.00119549
-0.00121991
-0.00125934
-0.00129821
-0.00133708
-0.00136962
-0.00140237
-0.00143508
-0.00143771
-0.00142852
-0.00141976
-0.00138193
-0.0013016
-0.00122283
-0.00114407
-0.00123856
-0.00132687
-0.00141534
-0.00145056
-0.00146485
-0.00147987
-0.00150503
-0.0015451
-0.00158461
-0.00162412
-0.00154957
-0.00147909
-0.00140852
-0.00141936
-0.00146218
-0.00150385
-0.0014776
-0.00135193
-0.00122983
-0.0011077
-0.00118179
-0.00124895
-0.00131631
-0.00134866
-0.00136723
-0.00138628
-0.00143761
-0.00153623
-0.00163313
-0.00173002
-0.00168787
-0.00165061
-0.0016132
-0.00158027
-0.00154912
-0.00151792
-0.00151587
-0.00155646
-0.00159554
-0.00163464
-0.00152497
-0.00142056
-0.00131605
-0.00118132
-0.00103477
-0.000888734
-0.000787929
-0.000753322
-0.000716438
-0.000679658
-0.0007428
-0.000802429
-0.000862138
-0.000773863
-0.000627401
-0.000483059
-0.000325001
-0.000146924
3.03363e-05
0.000207502
4.71082e-05
-0.000101495
-0.000250403
-0.000223896
-0.000128369
-3.52922e-05
7.49589e-05
0.000210263
0.000344609
0.000478896
0.000464691
0.000455616
0.00044637
0.00051608
0.000616842
0.000716466
0.000783661
0.000803346
0.000824651
0.000845886
0.00084799
0.00085075
0.000853486
0.000879531
0.000914744
0.000949619
0.000965084
0.000952119
0.000940138
0.000928131
0.000805725
0.000687184
0.000568591
0.00060253
0.00069654
0.000788431
0.000818477
0.000757864
0.000700391
0.000642849
0.000504925
0.000369838
0.000234747
0.000223462
0.000260964
0.000296779
0.000295312
0.000239162
0.000184913
0.000130636
1.28348e-05
-0.000102726
-0.000218284
-0.000184514
-9.18995e-05
-1.34656e-06
8.37191e-05
0.000160672
0.000237848
0.000314965
0.000169411
3.15034e-05
-0.000106569
-0.000204303
-0.000286097
-0.000368375
-0.000331734
-0.000120929
8.38426e-05
0.00028868
-2.65931e-05
-0.000324082
-0.000621971
-0.000727719
-0.000757654
-0.000790126
-0.000788765
-0.000737971
-0.000688879
-0.000639761
-0.000660593
-0.000679055
-0.000697584
-0.000608325
-0.000476578
-0.000346349
-0.000287338
-0.000332709
-0.000374544
-0.000416469
-0.000488162
-0.000558808
-0.000629441
-0.000709987
-0.000794412
-0.000878651
-0.000934224
-0.00094781
-0.000962792
-0.000977718
-0.00102454
-0.00107027
-0.001116
-0.0010908
-0.00103762
-0.000985405
-0.000947574
-0.000930849
-0.000913432
-0.00089605
-0.000936748
-0.000975483
-0.00101426
-0.0009668
-0.000885313
-0.000805013
-0.000787557
-0.000862237
-0.000933803
-0.00100543
-0.000956385
-0.000911386
-0.000866283
-0.000896569
-0.000956616
-0.00101564
-0.00104935
-0.00104593
-0.00104375
-0.00104153
-0.00108843
-0.00113368
-0.00117895
-0.00121647
-0.00125091
-0.00128543
-0.00129501
-0.00126802
-0.00124226
-0.00121647
-0.00133697
-0.00145257
-0.00156825
-0.00157121
-0.00152963
-0.00148955
-0.00144411
-0.00139088
-0.00133794
-0.00128502
-0.00136013
-0.00143098
-0.00150192
-0.00148216
-0.00142655
-0.00137216
-0.00133813
-0.00133398
-0.00132885
-0.00132376
-0.00133144
-0.0013387
-0.00134597
-0.00142969
-0.0015436
-0.00165645
-0.00174015
-0.00178112
-0.00182345
-0.00186571
-0.00179438
-0.0017268
-0.00165915
-0.00164904
-0.00166169
-0.00167359
-0.00166003
-0.00160909
-0.0015594
-0.0015097
-0.00147331
-0.0014365
-0.00139974
-0.00148521
-0.00161902
-0.00175116
-0.00182772
-0.00182272
-0.00182038
-0.00181795
-0.00184795
-0.00187688
-0.00190582
-0.0019196
-0.00192738
-0.00193534
-0.00190163
-0.0018068
-0.00171401
-0.00162121
-0.00153344
-0.00144556
-0.00135774
-0.00135573
-0.00138769
-0.00141853
-0.00146003
-0.00151712
-0.00157366
-0.00163019
-0.00168358
-0.00173703
-0.00179045
-0.00176246
-0.00170224
-0.00164311
-0.0015718
-0.00148269
-0.0013942
-0.00130575
-0.00132475
-0.00134027
-0.0013559
-0.00120998
-0.00100012
-0.00079245
-0.000664786
-0.000654511
-0.000640477
-0.000626572
-0.000598642
-0.000571179
-0.000543718
-0.000508122
-0.000469316
-0.000430638
-0.000361578
-0.000247943
-0.000135807
-2.36953e-05
-7.56936e-05
-0.000122416
-0.000169276
-0.000165984
-0.000142823
-0.000120311
-5.97873e-05
5.6474e-05
0.000170885
0.000285281
0.000265134
0.000249286
0.00023331
0.000116081
-4.12379e-05
-0.000197182
-0.000222121
-5.48463e-05
0.000106214
0.000267369
0.000223675
0.000186511
0.000149163
8.15612e-05
1.98713e-06
-7.71569e-05
-0.000120998
-0.000113047
-0.000106742
-0.000100388
-0.000133172
-0.000164697
-0.000196242
-0.000196907
-0.000185327
-0.000174142
-0.000199514
-0.000278543
-0.000355827
-0.000433118
-0.000536684
-0.000639356
-0.000741991
-0.000774347
-0.000778813
-0.000784155
-0.00076235
-0.00070075
-0.000640442
-0.000580131
-0.000623787
-0.000664147
-0.000704585
-0.00072433
-0.000735858
-0.000747637
-0.000653614
-0.000404338
-0.00016009
8.41623e-05
-0.000185789
-0.000439451
-0.000693465
-0.000803103
-0.000855411
-0.000909482
-0.00095139
-0.000975549
-0.00100025
-0.00102491
-0.0010475
-0.00107015
-0.00109277
-0.00109021
-0.00107765
-0.00106541
-0.0010757
-0.00111908
-0.0011614
-0.00120373
-0.00115104
-0.00110135
-0.00105159
-0.00106593
-0.0011057
-0.00114466
-0.00117985
-0.00120949
-0.00123928
-0.00126904
-0.00132138
-0.00137299
-0.00142458
-0.00146891
-0.00151033
-0.00155181
-0.00155992
-0.00151907
-0.00147977
-0.00144043
-0.00142807
-0.00141487
-0.00140171
-0.00135181
-0.00128732
-0.00122333
-0.00121686
-0.00129485
-0.00137018
-0.00144555
-0.00151855
-0.00159159
-0.00166458
-0.00168584
-0.00168653
-0.00168786
-0.00169023
-0.00169417
-0.00169805
-0.00170194
-0.00171528
-0.00172833
-0.00174138
-0.0017342
-0.00171898
-0.00170402
-0.00169719
-0.0017023
-0.00170704
-0.00171179
-0.00170647
-0.00170146
-0.00169644
-0.00173305
-0.00178619
-0.00183879
-0.00185217
-0.00180797
-0.00176556
-0.00172312
-0.00176653
-0.00180729
-0.00184811
-0.00185843
-0.00185662
-0.00185518
-0.00187314
-0.0019196
-0.00196517
-0.00201073
-0.00196252
-0.0019172
-0.00187182
-0.00185167
-0.00184157
-0.00183116
-0.00184955
-0.00191018
-0.0019695
-0.00202882
-0.0020264
-0.00202585
-0.00202526
-0.0020137
-0.0019978
-0.00198204
-0.00198396
-0.00201185
-0.00203894
-0.00206604
-0.00207194
