0
0.0117986
0.0109474
0.0110702
0.0111119
0.0112877
0.0116432
0.0119832
0.0122456
0.0118103
0.0114333
0.0110521
0.0110269
0.0110611
0.0110904
0.0109938
0.0107186
0.0104585
0.0102478
0.0104854
0.0106859
0.010889
0.0105779
0.0101811
0.00979188
0.00970344
0.0100414
0.010344
0.0105792
0.0101914
0.00985496
0.00951489
0.00967494
0.00991889
0.0101556
0.0103673
0.0105429
0.010721
0.0108125
0.0101361
0.00952262
0.00890509
0.00911332
0.00946073
0.00979639
0.00972609
0.00907944
0.00848005
0.00798224
0.00841602
0.00877459
0.00913859
0.00919525
0.00919982
0.00920853
0.00895923
0.00834465
0.00776011
0.00726107
0.00753804
0.00775298
0.0079725
0.00781644
0.00759672
0.00738239
0.00720835
0.00709194
0.00697116
0.00683276
0.00653262
0.00624569
0.00595818
0.00612044
0.00635934
0.00659185
0.00656902
0.00618331
0.00582662
0.00553936
0.00588681
0.00618414
0.00648492
0.00626516
0.00595647
0.00565518
0.00525652
0.00472025
0.00419552
0.00383751
0.00496723
0.00597986
0.007
0.00646227
0.00565722
0.00487408
0.00486089
0.00594308
0.00693915
0.00771176
0.00644495
0.00533698
0.00421849
0.0047066
0.00547136
0.00621373
0.00654103
0.00627661
0.00605787
0.0057755
0.00495464
0.00417614
0.00339559
0.00317408
0.00304965
0.00291802
0.00328414
0.0043568
0.00537418
0.0061928
0.00521397
0.00437279
0.00352246
0.00343593
0.00348211
0.0035182
0.0040248
0.00519934
0.00632177
0.00718471
0.00571209
0.00441729
0.00311107
0.00272383
0.0024971
0.00225867
0.00276656
0.00433463
0.00582105
0.00704048
0.00584201
0.00482578
0.00379747
0.00342866
0.00317544
0.002914
0.00338106
0.00488377
0.00630735
0.00744898
0.00604023
0.00482249
0.00359241
0.00297555
0.0024668
0.00195081
0.00228641
0.00383323
0.00528851
0.00656854
0.00624208
0.00603422
0.00581795
0.00479428
0.00362941
0.00247659
0.00161065
0.00115377
0.000667624
0.000200724
-0.00011948
-0.000449924
-0.00077914
0.000296337
0.00161876
0.00292128
0.00394236
0.0045612
0.00520835
0.00564448
0.00422436
0.0029408
0.00164922
0.000922089
0.000295593
-0.000337269
-0.000805434
-0.00104
-0.00129107
-0.00152312
-0.00159912
-0.00168625
-0.00177245
-0.00201021
-0.00227463
-0.00253675
-0.00195577
-0.000172599
0.00152197
0.00300304
0.00254196
0.00222026
0.00188908
0.00162775
0.00137898
0.00112967
0.000909452
0.000730494
0.000548858
0.000365733
0.000165553
-3.31333e-05
-0.000231644
0.000988212
0.00246023
0.00391234
0.00431789
0.00322902
0.00224715
0.00127728
0.000471301
-0.000345084
-0.00115959
-0.00142142
-0.00158391
-0.00175314
-0.00197491
-0.00227248
-0.00256432
-0.00282453
-0.00280222
-0.0027997
-0.00279581
-0.00136091
0.000329657
0.00200003
0.00310748
0.00341015
0.0037684
0.00398362
0.00296141
0.00202656
0.00108693
0.000541301
6.71405e-05
-0.000411313
-0.000841314
-0.00120288
-0.00156868
-0.00193451
-0.00230737
-0.00267923
-0.00305064
-0.00319181
-0.00329123
-0.00339338
-0.00349989
-0.00361296
-0.00372543
-0.00360688
-0.00142756
0.000607629
0.0026499
0.00287851
0.00277849
0.00270105
0.0028272
0.00324662
0.00364547
0.00395972
0.00351069
0.00311419
0.00271466
0.00335847
0.00419104
0.00500968
0.00516328
0.00436511
0.00363246
0.00287997
0.00198231
0.00109568
0.0002095
-0.000257955
-0.000648695
-0.00104408
-0.00140536
-0.00171862
-0.00203468
-0.00231816
-0.00231588
-0.00233278
-0.00234838
-0.00241407
-0.00248882
-0.00256287
-0.00208408
-0.00081425
0.000401038
0.00153278
0.00189897
0.00231572
0.00272854
0.00271085
0.00261433
0.00252319
0.00216809
0.00143567
0.000729262
4.47727e-05
-0.000436033
-0.00092969
-0.00142184
-0.00161787
-0.00175936
-0.00190426
-0.00205703
-0.0022215
-0.00238498
-0.00255689
-0.00280523
-0.00304821
-0.00329122
-0.00350923
-0.00372242
-0.00393564
-0.00409017
-0.00416077
-0.00423677
-0.00410467
-0.00211883
-0.000256748
0.00161099
0.00183184
0.00174909
0.00168624
0.00161189
0.00152295
0.00143508
0.00138016
0.00161912
0.00183868
0.00205921
0.00148495
0.00076447
5.43903e-05
-0.000574382
-0.00108609
-0.00160469
-0.00209008
-0.00228824
-0.00250468
-0.00271965
-0.00291386
-0.00310402
-0.00329419
-0.00341644
-0.00344144
-0.00347266
-0.00349254
-0.00341516
-0.00334412
-0.00327276
-0.00337648
-0.00351258
-0.00364643
-0.00311748
-0.00163798
-0.000221037
0.00104136
0.000902295
0.000852674
0.000797423
0.000676606
0.000543622
0.000411581
0.000674294
0.00150322
0.00229519
0.00289704
0.00178814
0.00078891
-0.000215989
-0.000779192
-0.00125964
-0.0017447
-0.00205923
-0.00212981
-0.00221567
-0.00230638
-0.00244988
-0.00258988
-0.00272992
-0.00290023
-0.00307604
-0.00325129
-0.00342559
-0.0035986
-0.00377147
-0.00392801
-0.0039404
-0.00396178
-0.00398258
-0.00400134
-0.00401969
-0.00403804
-0.00407778
-0.00414824
-0.00421671
-0.0042967
-0.00447928
-0.00465526
-0.00483142
-0.00415192
-0.00331259
-0.0024842
-0.00159297
-0.000612034
0.000362144
0.00124433
0.00131073
0.00142741
0.00154084
0.0016979
0.00186296
0.00202732
0.00218022
0.00231671
0.00245403
0.00251855
0.00193451
0.00139098
0.000845631
8.68535e-05
-0.000711445
-0.00150635
-0.00202603
-0.00215047
-0.0022989
-0.00242552
-0.00237194
-0.00232942
-0.00228627
-0.00238039
-0.00250031
-0.00261851
-0.00231011
-0.00138853
-0.000505294
0.000364668
0.00110372
0.00184981
0.00259458
0.00289262
0.00310593
0.0033241
0.00332262
0.00300597
0.00270871
0.00239347
0.00192527
0.00146684
0.00100838
0.000404897
-0.00025149
-0.000903909
-0.00136213
-0.00154117
-0.00173673
-0.00192254
-0.0020319
-0.00214571
-0.00225912
-0.00248636
-0.00273499
-0.00298205
-0.00313441
-0.00315057
-0.00317483
-0.00319921
-0.00322913
-0.00325869
-0.00328824
-0.00341304
-0.00357285
-0.00373039
-0.00318362
-0.00162352
-0.000125339
0.00121795
0.00115859
0.00118231
0.00120108
0.00130455
0.00143907
0.0015716
0.00145809
0.00099044
0.000544208
8.47476e-05
-0.000485759
-0.00104906
-0.00161213
-0.00196143
-0.00226964
-0.00257989
-0.00281404
-0.00293899
-0.00307019
-0.00319305
-0.00324595
-0.00330288
-0.0033595
-0.00351651
-0.0037105
-0.0039021
-0.00400245
-0.00397131
-0.00394787
-0.00392767
-0.00394024
-0.0039509
-0.00396166
-0.00403921
-0.0041414
-0.00424205
-0.00432229
-0.00437308
-0.00442551
-0.00447778
-0.00453001
-0.00458217
-0.00463428
-0.00471083
-0.00479637
-0.00488129
-0.00488721
-0.00477932
-0.0046781
-0.00444239
-0.00300733
-0.00164284
-0.00027587
0.000164127
0.000260488
0.000376443
0.000568245
0.000871072
0.0011672
0.00138976
0.000954147
0.000556645
0.000157421
-0.000495967
-0.00124321
-0.00198426
-0.00254593
-0.002849
-0.00316645
-0.0034394
-0.00332494
-0.00323263
-0.00313917
-0.00313893
-0.00317326
-0.00320559
-0.00329843
-0.00347834
-0.00365312
-0.0038128
-0.00383653
-0.00386792
-0.00389884
-0.00387063
-0.00382048
-0.00377161
-0.00372956
-0.00369741
-0.00366474
-0.0036496
-0.00379058
-0.00392263
-0.00405503
-0.00352725
-0.00275439
-0.00199613
-0.00125283
-0.000531932
0.000189415
0.000844033
0.0009089
0.00100664
0.00110244
0.00100627
0.000838682
0.000675264
0.000317992
-0.000318633
-0.000939004
-0.0015099
-0.00163591
-0.00178649
-0.00193555
-0.00202549
-0.00209333
-0.00216232
-0.00229497
-0.00251958
-0.00273886
-0.00294872
-0.00307368
-0.0032032
-0.00333233
-0.00340221
-0.00344997
-0.00349889
-0.00355036
-0.00360565
-0.00366066
-0.00371577
-0.00377214
-0.00382838
-0.00388457
-0.00265669
-0.000950619
0.000727367
0.00179534
0.00198148
0.00221568
0.00243679
0.00256648
0.00270104
0.00283517
0.00256812
0.00215146
0.00174341
0.00114972
0.000288515
-0.000557191
-0.00133747
-0.00153261
-0.00175935
-0.00198412
-0.00212973
-0.00224563
-0.00236302
-0.00242896
-0.00242079
-0.00241664
-0.00240576
-0.00233665
-0.00227076
-0.00220477
-0.00233326
-0.00253439
-0.00273139
-0.00242068
-0.00137649
-0.000372921
0.000567695
0.000934473
0.00133171
0.00172688
0.00198021
0.00218026
0.00238295
0.00245724
0.00234639
0.00224557
0.00208338
0.0013765
0.000699503
2.1633e-05
-0.00030233
-0.00049358
-0.000691707
-0.000878266
-0.00104877
-0.00121994
-0.00139914
-0.00165182
-0.00190033
-0.0021488
-0.00237552
-0.00259396
-0.00281261
-0.00291205
-0.00283935
-0.00277586
-0.00272491
-0.00279
-0.00284889
-0.00290804
-0.00189776
-0.000487005
0.000901119
0.00185274
0.00217237
0.00252497
0.00285563
0.00300863
0.00317082
0.00333236
0.00321636
0.00299624
0.00278182
0.00234335
0.00158132
0.000837048
0.00013902
-0.00014341
-0.000447304
-0.000749757
-0.000961094
-0.00113805
-0.00131661
-0.00148858
-0.00165122
-0.00181417
-0.00196263
-0.001983
-0.00201001
-0.00203665
-0.00211466
-0.00221193
-0.0023081
-0.0023866
-0.0024395
-0.00249367
-0.00254404
-0.00256146
-0.00258056
-0.00259956
-0.0015518
-0.000103379
0.00132283
0.00222065
0.00235313
0.00252498
0.00267422
0.00264087
0.00261697
0.00259261
0.00253174
0.00245715
0.00238334
0.0020391
0.00130362
0.000588982
-6.6706e-05
-0.000191482
-0.000343356
-0.000493685
-0.000725537
-0.00098793
-0.00124849
-0.00149028
-0.00170489
-0.00192068
-0.00212815
-0.00226361
-0.0024026
-0.00254127
-0.00264509
-0.00273571
-0.00282691
-0.00219194
-0.000506057
0.00112469
0.00260985
0.00278106
0.00301879
0.00325291
0.00335239
0.00340094
0.00345202
0.00328137
0.00278994
0.00231523
0.00181411
0.00108056
0.000359486
-0.00036149
-0.00075425
-0.00102288
-0.0012975
-0.00149826
-0.00159268
-0.00169236
-0.00177656
-0.0017256
-0.00168147
-0.00163705
-0.00173228
-0.0018802
-0.00202533
-0.0020939
-0.00205146
-0.00201462
-0.00182897
-0.000314525
0.00113197
0.00258041
0.00297353
0.00296755
0.00298149
0.00295754
0.00288022
0.00280563
0.00273649
0.00271661
0.00269429
0.00267212
0.00228367
0.00175689
0.0012375
0.000769996
0.000377941
-1.74662e-05
-0.000374368
-0.000391467
-0.000425372
-0.000458411
-0.000691524
-0.00100021
-0.00130487
-0.00152382
-0.00161846
-0.00171913
-0.00182171
-0.00194477
-0.0020667
-0.00218856
-0.00170027
-0.000981152
-0.000274091
0.000404276
0.00104052
0.00167821
0.00225767
0.00232191
0.00241133
0.00249944
0.00239214
0.00221081
0.00203328
0.00168148
0.00107728
0.000485997
-6.99092e-05
-0.000308297
-0.000561941
-0.000814594
-0.00101685
-0.00119987
-0.00138364
-0.00156071
-0.0017282
-0.001896
-0.00205853
-0.00217534
-0.00229425
-0.00241295
-0.00243339
-0.00241653
-0.0024015
-0.00219855
-0.00172329
-0.00126165
-0.000766241
2.89951e-05
0.000808978
0.00158894
0.00194938
0.00215033
0.00235876
0.00244864
0.00236723
0.00229414
0.00218868
0.00179658
0.00141864
0.00104038
0.000721354
0.000425001
0.000127845
-0.000173058
-0.000479594
-0.000785566
-0.0010723
-0.001189
-0.00131372
-0.00143794
-0.00153543
-0.0016227
-0.00171038
-0.00179679
-0.00188145
-0.00196611
-0.00205463
-0.00217835
-0.00230027
-0.00242216
-0.0025497
-0.00267931
-0.0028087
-0.00233681
-0.000992602
0.00030893
0.0014952
0.00164185
0.00183764
0.00203091
0.00216114
0.00226725
0.0023744
0.00230832
0.00199099
0.00168584
0.0013419
0.000653777
-1.7458e-05
-0.000688856
-0.00106264
-0.00132287
-0.0015882
-0.00178402
-0.00187945
-0.0019795
-0.00208294
-0.0022194
-0.00235418
-0.00248891
-0.00238874
-0.0021991
-0.00201384
-0.00193982
-0.00202749
-0.00210752
-0.00219639
-0.00236171
-0.00252331
-0.00268492
-0.00281336
-0.00292908
-0.00304528
-0.0031201
-0.00313492
-0.00315253
-0.00317829
-0.00327826
-0.00337468
-0.00347118
-0.00357962
-0.00369256
-0.00380518
-0.00379453
-0.00360493
-0.00342379
-0.00325921
-0.00324489
-0.00322362
-0.0032027
-0.00327357
-0.00337946
-0.00348363
-0.00355363
-0.00357394
-0.00359653
-0.00362271
-0.00368221
-0.00374012
-0.00379805
-0.00307986
-0.0020656
-0.00106589
-0.000334489
6.66287e-06
0.000365427
0.000708313
0.000919016
0.00113559
0.00135169
0.00151701
0.00166283
0.0018094
0.00201406
0.0023032
0.00258822
0.00285265
0.00293332
0.00302231
0.00311084
0.00278421
0.00229901
0.00182147
0.00134125
0.000857461
0.000374271
-8.936e-05
-0.000381212
-0.000680607
-0.000979387
-0.00115162
-0.00127533
-0.00140113
-0.00147614
-0.00147757
-0.00148233
-0.00149477
-0.00157741
-0.0016568
-0.00173627
-0.00185771
-0.00199517
-0.00213177
-0.00166743
-0.000329735
0.000967356
0.00213753
0.00216469
0.0022433
0.00231953
0.00245957
0.00262392
0.00278703
0.00269728
0.00223997
0.00179958
0.0013545
0.000871126
0.000389906
-9.09801e-05
-0.000471857
-0.000814209
-0.00115798
-0.0013902
-0.0014605
-0.00153799
-0.00161037
-0.00164057
-0.00167263
-0.00170458
-0.00172871
-0.00174983
-0.00177107
-0.00183277
-0.00195333
-0.00207117
-0.00219285
-0.00234862
-0.00250275
-0.00265681
-0.00258811
-0.00243399
-0.00228379
-0.00173042
-0.000590949
0.000521539
0.00153209
0.00162729
0.00176291
0.00189662
0.00189449
0.00184018
0.00178823
0.00197489
0.00250873
0.00302677
0.00339757
0.00244773
0.00155691
0.000664271
0.000214903
-6.40529e-05
-0.000350257
-0.000618309
-0.00086056
-0.00110373
-0.00132679
-0.00137192
-0.00142481
-0.00147731
-0.00157743
-0.0016958
-0.00181326
-0.00190785
-0.00196916
-0.00203187
-0.00211548
-0.00238716
-0.00265039
-0.00291376
-0.00292638
-0.00284262
-0.00276313
-0.00276011
-0.00286859
-0.00297211
-0.00306047
-0.00301179
-0.00296912
-0.00292623
-0.0029746
-0.00305806
-0.00313991
-0.00320336
-0.00323996
-0.00327769
-0.00331496
-0.00334885
-0.00338286
-0.00341683
-0.00344605
-0.00347343
-0.00350086
-0.00333786
-0.0028977
-0.00246989
-0.00204192
-0.00164657
-0.00125015
-0.000854123
-8.02177e-05
0.000838771
0.00175073
0.00245467
0.00285581
0.00326961
0.00368251
0.00347193
0.0032883
0.00310367
0.00315846
0.00330543
0.00344832
0.00356481
0.00364265
0.00372209
0.00380138
0.00406714
0.0043247
0.00458239
0.00474928
0.0048811
0.00501431
0.00502879
0.00487058
0.00471985
0.00456893
0.00372328
0.0029079
0.00209193
0.0017637
0.00162365
0.00147572
0.00132855
0.00118193
0.00103541
0.000889014
0.000673897
0.000461874
0.0002499
5.96562e-05
-0.000122113
-0.000304086
-0.000484662
-0.00066329
-0.000841849
-0.00102026
-0.00114405
-0.00127004
-0.00139583
-0.001526
-0.00165779
-0.00178939
-0.0018955
-0.00196451
-0.00203502
-0.00210541
-0.00202769
-0.00195625
-0.00188461
-0.00194751
-0.00206232
-0.00217485
-0.00224949
-0.00226884
-0.00229049
-0.00231202
-0.00239895
-0.00248306
-0.00256722
-0.00269565
-0.00284111
-0.00298574
-0.00308626
-0.00312251
-0.00316141
-0.00320018
-0.00322754
-0.00325536
-0.00328314
-0.00323759
-0.00316374
-0.00309112
-0.00304238
-0.00302848
-0.00301313
-0.00299786
-0.00298216
-0.00296648
-0.00295082
-0.00299233
-0.00305593
-0.00311856
-0.00320134
-0.00331346
-0.00342427
-0.00353504
-0.00350395
-0.00347874
-0.00345331
-0.00316167
-0.00276719
-0.00237728
-0.00183703
-0.00107778
-0.000328184
0.000421193
0.00104513
0.00167372
0.0023016
0.00293946
0.00358087
0.00422161
0.00470517
0.00495988
0.00522377
0.00548706
0.00537214
0.00527281
0.00517292
0.00523123
0.00535074
0.00546765
0.0054301
0.00516729
0.00491389
0.00466031
0.00479003
0.00490399
0.0050185
0.00524363
0.0055115
0.00577742
0.00566085
0.00498668
0.00433575
0.0036844
0.0035763
0.0034462
0.00331711
0.00327251
0.00326069
0.00324754
0.00296543
0.00229106
0.00163314
0.00097509
0.000857749
0.000718612
0.000580469
0.000395203
0.000191774
-1.0757e-05
-0.000189292
-0.000332865
-0.000477734
-0.000622433
-0.000629791
-0.000642682
-0.000655338
-0.000741493
-0.000856106
-0.00096948
-0.00101751
-0.00097021
-0.000926782
-0.000883233
-0.00115126
-0.00140655
-0.00166215
-0.00181454
-0.00192682
-0.00204062
-0.00209722
-0.00207055
-0.00204723
-0.00202379
-0.00196087
-0.00189957
-0.00183826
-0.00187534
-0.00195059
-0.00202426
-0.00210594
-0.00219926
-0.00229203
-0.00238475
-0.00240909
-0.00243614
-0.00246305
-0.0024452
-0.00240997
-0.00237545
-0.00237831
-0.0024357
-0.00249088
-0.0025461
-0.00241418
-0.00228979
-0.0021652
-0.00219968
-0.00229593
-0.00238965
-0.00242261
-0.00236678
-0.00231451
-0.00226215
-0.00230287
-0.00233987
-0.002377
-0.00239733
-0.00241113
-0.00242518
-0.00245388
-0.00250397
-0.00255318
-0.00260238
-0.002566
-0.00253302
-0.00249993
-0.00257869
-0.00270089
-0.00282128
-0.00292122
-0.00299124
-0.00306237
-0.00313341
-0.00317695
-0.00322153
-0.00326603
-0.0031958
-0.00308098
-0.00296799
-0.00263721
-0.00198862
-0.00135297
-0.000717305
-0.000936069
-0.00112129
-0.00130767
-0.000969769
-0.000428063
0.000105272
0.000515039
0.000744158
0.000980136
0.00121566
0.00150445
0.00179094
0.0020773
0.0025589
0.00311628
0.00367028
0.00411805
0.00441077
0.00470928
0.00500733
0.00514424
0.00528728
0.00542997
0.00542386
0.00535982
0.00529807
0.00528799
0.00535343
0.00541591
0.00547846
0.00540955
0.00534577
0.00528184
0.00505512
0.00476508
0.0044777
0.00442106
0.00470138
0.00496851
0.00523595
0.00456371
0.00392814
0.00329165
0.00306084
0.00298821
0.00290955
0.00283981
0.00278271
0.00272517
0.00266768
0.00200566
0.0013673
0.000728532
0.000458147
0.000331475
0.000199401
0.000126831
0.000140799
0.00015145
0.00016222
4.02572e-05
-7.65466e-05
-0.000193458
-0.000288433
-0.000374814
-0.000461457
-0.000536208
-0.000593639
-0.000651685
-0.000709663
-0.00076482
-0.000820042
-0.00087522
-0.000948088
-0.00102782
-0.00110724
-0.00120037
-0.00131354
-0.00142586
-0.00153813
-0.00164697
-0.00175586
-0.00186466
-0.00182807
-0.00173475
-0.00164364
-0.00163368
-0.00174237
-0.0018465
-0.00195072
-0.00193919
-0.00193203
-0.00192471
-0.00199819
-0.00210318
-0.0022069
-0.00225703
-0.00222882
-0.00220359
-0.00217826
-0.00218181
-0.00218427
-0.00218677
-0.00222115
-0.00226795
-0.00231426
-0.00237498
-0.00245676
-0.00253769
-0.00261859
-0.00257143
-0.00252911
-0.00248663
-0.00242197
-0.00234866
-0.00227573
-0.00225122
-0.00229745
-0.00234101
-0.00238464
-0.00245564
-0.00252557
-0.00259549
-0.00256966
-0.00250642
-0.00244461
-0.00243744
-0.00251016
-0.00257986
-0.00264962
-0.00262125
-0.00259654
-0.00257172
-0.00256662
-0.00256924
-0.00257156
-0.00256643
-0.0025504
-0.00253478
-0.00251916
-0.00228078
-0.00205083
-0.00182074
-0.00173919
-0.00171578
-0.00169024
-0.00170119
-0.00176537
-0.00182754
-0.00188974
-0.00199301
-0.00209469
-0.00219636
-0.00180832
-0.00122885
-0.000656865
-0.000374956
-0.000517312
-0.000643948
-0.00077107
0.000171177
0.00107342
0.00197646
0.00250943
0.00289736
0.00329032
0.00351611
0.0034979
0.00348866
0.0034791
0.00354146
0.00360115
0.00366089
0.00387044
0.00413856
0.00440433
0.0045635
0.00456676
0.00457572
0.00458447
0.00481702
0.00504124
0.00526559
0.00521283
0.00505156
0.00489436
0.00466703
0.00433729
0.00401152
0.00368584
0.00383083
0.0039586
0.0040869
0.00424053
0.00440402
0.00456704
0.00451229
0.00413913
0.00377778
0.00341627
0.00353247
0.00363129
0.00373066
0.00380383
0.0038667
0.00392991
0.00368677
0.00299561
0.00232115
0.00164658
0.00146241
0.00126068
0.00105972
0.000932349
0.000833884
0.000734448
0.000626151
0.000504805
0.000384017
0.000263296
0.000231561
0.000196648
0.000161874
0.000153807
0.00015622
0.000158254
0.000135774
7.74127e-05
2.03811e-05
-3.66574e-05
-0.000143251
-0.000247992
-0.000352725
-0.000456623
-0.000560151
-0.000663618
-0.000740916
-0.000779963
-0.00082035
-0.00086066
-0.000910879
-0.000960708
-0.00101052
-0.00116249
-0.00135449
-0.00154493
-0.00159833
-0.00145121
-0.00131134
-0.00117131
-0.00120284
-0.00122825
-0.00125386
-0.00135714
-0.00149088
-0.00162344
-0.00172214
-0.00177129
-0.00182216
-0.00187294
-0.00195217
-0.00203034
-0.00210849
-0.00213096
-0.00213155
-0.00213292
-0.00211008
-0.00205186
-0.00199494
-0.001938
-0.00201217
-0.00208165
-0.00215125
-0.0022103
-0.0022652
-0.0023202
-0.00237158
-0.00241768
-0.00246393
-0.00251014
-0.00246493
-0.00242297
-0.00238093
-0.00242252
-0.00249695
-0.00257017
-0.00245019
-0.0020474
-0.00165483
-0.00126218
-0.00140528
-0.00152948
-0.00165426
-0.00182356
-0.0020103
-0.00219629
-0.00209311
-0.00156666
-0.00105539
-0.000543955
-0.000502298
-0.000444244
-0.000386804
-6.03404e-05
0.000371763
0.000799875
0.00118935
0.00152221
0.00185682
0.00219113
0.00232025
0.00245642
0.00259226
0.0026741
0.00273466
0.00279592
0.00302085
0.00348547
0.00394144
0.00439739
0.00386533
0.00336794
0.00286969
0.00278768
0.00286944
0.00294546
0.00300071
0.00302527
0.00305088
0.00307644
0.00309966
0.00312295
0.00314622
0.00289662
0.00253973
0.0021868
0.00213613
0.00252815
0.00290461
0.00328136
0.00261706
0.00198912
0.00136035
0.00100835
0.000765426
0.000518916
0.000351424
0.000299377
0.000243394
0.000187585
9.3603e-05
9.97023e-07
-9.15926e-05
0.000537035
0.00144943
0.00235146
0.00257713
0.00181203
0.00108142
0.000350135
0.000299285
0.000225166
0.000151895
9.09856e-05
3.49825e-05
-2.115e-05
-0.000108332
-0.000241016
-0.000372054
-0.000503059
-0.000636015
-0.000768813
-0.000901526
-0.000922013
-0.000898271
-0.000876052
-0.000900962
-0.000994974
-0.00108657
-0.00117818
-0.0012056
-0.00123518
-0.00126466
-0.00123645
-0.00118551
-0.00113537
-0.0011142
-0.00113551
-0.00115536
-0.00117525
-0.00121425
-0.00125258
-0.0012909
-0.00133351
-0.0013778
-0.00142199
-0.00146761
-0.00151532
-0.00156293
-0.0016105
-0.00171383
-0.00181521
-0.00191658
-0.00195344
-0.00196483
-0.00197707
-0.00194429
-0.00184557
-0.00174915
-0.00165271
-0.00168806
-0.00171895
-0.00174998
-0.00175099
-0.00174018
-0.00172977
-0.00171907
-0.00170798
-0.00169692
-0.00168585
-0.00173754
-0.00178708
-0.00183666
-0.00170055
-0.00149121
-0.00128447
-0.000967961
-0.000490667
-1.90754e-05
0.000452391
0.000393886
0.000353145
0.000311837
0.000805133
0.00150926
0.00220587
0.00257993
0.00248118
0.00239827
0.00231488
0.00234316
0.0023677
0.00239235
0.00266428
0.00303376
0.00339974
0.00362724
0.00365173
0.00368296
0.00371394
0.00378721
0.00385902
0.00393084
0.00396598
0.00398663
0.00400775
0.00404339
0.00410036
0.00415658
0.00421278
0.00391944
0.00363787
0.0033561
0.00315524
0.00298642
0.00281665
0.00274086
0.00280272
0.00286
0.00291738
0.00247234
0.00204416
0.00161572
0.00126452
0.000943977
0.000622635
0.000404666
0.000338086
0.000266565
0.000195254
0.000821745
0.00142487
0.00202837
0.00216705
0.00212194
0.00208291
0.00188769
0.00146379
0.00104768
0.000631584
0.00050787
0.000374651
0.000241831
4.44477e-05
-0.000178384
-0.000400237
-0.000539181
-0.000556594
-0.000577971
-0.000599204
-0.000706291
-0.000810503
-0.000914741
-0.000935086
-0.000922245
-0.000910495
-0.000911139
-0.000930007
-0.000948268
-0.000966537
-0.000980438
-0.000994472
-0.00100849
-0.00110536
-0.00123498
-0.00136344
-0.00146007
-0.00150999
-0.00156141
-0.00161274
-0.00166567
-0.0017185
-0.00177131
-0.0018172
-0.00186033
-0.00190353
-0.00191413
-0.00187695
-0.00184134
-0.00180571
-0.0016758
-0.00154904
-0.00142225
-0.00148489
-0.00162248
-0.00175757
-0.00185261
-0.00188884
-0.00192695
-0.00196497
-0.00201884
-0.00207217
-0.00212548
-0.00215756
-0.00218123
-0.00220514
-0.00224124
-0.00229523
-0.0023486
-0.00240196
-0.00235269
-0.00230675
-0.00226073
-0.00219429
-0.00211979
-0.0020456
-0.00201728
-0.00205624
-0.00209302
-0.00212985
-0.00215227
-0.00217514
-0.00219799
-0.00224868
-0.00231037
-0.00237168
-0.0024115
-0.0024198
-0.00242911
-0.00243838
-0.00250122
-0.00256231
-0.00262342
-0.00261676
-0.00258325
-0.00255062
-0.0024921
-0.00239564
-0.00230044
-0.00220526
-0.00231861
-0.00242525
-0.00253203
-0.0025935
-0.002637
-0.00268104
-0.00268297
-0.00262316
-0.00256535
-0.00250751
-0.00234207
-0.00218015
-0.00201822
-0.00207646
-0.00222196
-0.00236461
-0.00242795
-0.00237485
-0.00232547
-0.002276
-0.00227877
-0.00227988
-0.00228104
-0.00231641
-0.00236533
-0.0024138
-0.00247132
-0.00254211
-0.00261244
-0.00268274
-0.00270836
-0.00273538
-0.00276233
-0.00274045
-0.00269921
-0.00265861
-0.00258403
-0.00245962
-0.00233686
-0.00221412
-0.0020457
-0.00187883
-0.00171201
-0.00112466
-0.000370662
0.000377625
0.000778563
0.000669726
0.000576952
0.000483733
0.000888455
0.00127731
0.00166642
0.00173099
0.00166674
0.00160656
0.00172302
0.00209891
0.00246645
0.00283402
0.00260661
0.00239794
0.00218882
0.00228391
0.00249972
0.00271163
0.00286478
0.00293158
0.00300104
0.00307037
0.00277923
0.00249951
0.00221961
0.00220206
0.00228869
0.00237203
0.00241451
0.00239689
0.00238115
0.00236536
0.00210153
0.00184556
0.00158951
0.00172601
0.00201834
0.00230566
0.00235892
0.00206843
0.00178878
0.00150897
0.0017302
0.00193578
0.00214172
0.0018671
0.00140167
0.00094244
0.000591419
0.000399401
0.000202589
6.04649e-06
0.000406922
0.000789111
0.00117164
0.00121435
0.00112202
0.00103391
0.000869203
0.000592215
0.000318855
4.55517e-05
-1.69347e-05
-8.58693e-05
-0.000154563
-0.000238225
-0.000327802
-0.000417143
-0.000524507
-0.000658352
-0.000791301
-0.000924197
-0.000986783
-0.00105149
-0.00111609
-0.00112017
-0.0011002
-0.00108098
-0.00109549
-0.00115955
-0.00122205
-0.00128456
-0.00136198
-0.00143889
-0.00151577
-0.00155112
-0.00156993
-0.00158924
-0.00160972
-0.00163194
-0.0016541
-0.00167625
-0.00162516
-0.00157633
-0.00152747
-0.00157364
-0.0016576
-0.00174035
-0.00179916
-0.00182278
-0.00184746
-0.00187209
-0.00190854
-0.00194462
-0.00198068
-0.00202961
-0.00208365
-0.00213749
-0.00214709
-0.00209171
-0.00203834
-0.00198494
-0.00201902
