0
0.017147
0.0155582
0.0155037
0.0153219
0.0152434
0.0152951
0.0153359
0.0153712
0.0153506
0.0153346
0.0153183
0.0151448
0.0149454
0.0147484
0.0144813
0.0141151
0.0137576
0.0134577
0.0136726
0.013845
0.0140205
0.0135901
0.0130586
0.0125363
0.0122904
0.0124363
0.0125501
0.0126605
0.0127176
0.012779
0.0128399
0.0123528
0.011774
0.0112036
0.0110471
0.0114775
0.0118596
0.0121638
0.011743
0.0113814
0.0110155
0.0111939
0.011464
0.0117262
0.0117411
0.0114046
0.0110968
0.0108139
0.0107696
0.0107064
0.0106447
0.0100319
0.00932637
0.00862935
0.00873985
0.00999557
0.0111582
0.0120638
0.0106272
0.00937874
0.00811737
0.00881121
0.00983681
0.0108345
0.0108409
0.00943877
0.00815001
0.00709427
0.00817959
0.00909461
0.0100216
0.00952407
0.00878399
0.00806411
0.00806171
0.00907914
0.0100151
0.010744
0.00958165
0.00856885
0.00754597
0.00738263
0.00736669
0.00733928
0.00760024
0.00826917
0.00890536
0.00936171
0.00820002
0.00716556
0.00612284
0.00677319
0.00771397
0.00863085
0.00908286
0.00887262
0.00871377
0.00845082
0.00729349
0.00620674
0.00511624
0.00583707
0.00686977
0.00787697
0.00832193
0.00796593
0.00767175
0.00730287
0.00630688
0.00536029
0.00441137
0.0045425
0.00486058
0.00516395
0.00582041
0.00697731
0.00809445
0.00894988
0.00745843
0.00614704
0.004824
0.00413698
0.00356109
0.00297767
0.0037878
0.00657818
0.00921513
0.0113821
0.00928602
0.00751365
0.00571962
0.00461808
0.00363817
0.0026506
0.00195644
0.00167804
0.00136897
0.00142774
0.00474226
0.00780887
0.0108894
0.00988004
0.00815642
0.0064885
0.00510996
0.0041482
0.00315693
0.00220124
0.00153141
0.000841396
0.000153898
0.00240139
0.00516164
0.00787994
0.00918001
0.00845834
0.00788672
0.00720404
0.00562344
0.0041112
0.00259615
0.00167279
0.000854582
2.98632e-05
-0.000481534
-0.000548008
-0.000646931
-0.000432334
0.00255605
0.0053376
0.00813018
0.00770211
0.00670587
0.00575243
0.00471261
0.0035537
0.00240511
0.00129791
0.000553206
-0.000216683
-0.000983633
-0.00134215
-0.00162788
-0.00191845
-0.000873017
0.00207593
0.00488338
0.00733632
0.00656758
0.00603172
0.00547989
0.00429131
0.00299058
0.00169977
0.000609723
-0.000193936
-0.00101694
-0.00176998
-0.00192066
-0.00211416
-0.00230432
-0.00239395
-0.00246552
-0.00253827
-0.00137983
0.00153458
0.00432004
0.00667596
0.00514909
0.00389976
0.00263253
0.00155682
0.000516159
-0.00052551
-0.00132901
-0.00179349
-0.00228125
-0.00273142
-0.00286648
-0.00302353
-0.00317882
-0.00175315
-4.56526e-05
0.00163966
0.00300919
0.0039268
0.0048748
0.00557701
0.0041159
0.00280812
0.00149146
0.000576724
-0.00026498
-0.0011106
-0.00173767
-0.00205364
-0.00239082
-0.00270541
-0.00283539
-0.00297802
-0.00311957
-0.00284782
-0.00250187
-0.00216154
-0.00103846
0.00120237
0.00336286
0.00517245
0.00382476
0.00269668
0.00155502
0.000522271
-0.000489964
-0.00150222
-0.00226377
-0.00266778
-0.00309579
-0.00348664
-0.00356546
-0.00366555
-0.00376404
-0.00388734
-0.00401497
-0.00414213
-0.00357334
-0.0020098
-0.000516201
0.000921297
0.00183154
0.00277641
0.00371765
0.0030325
0.00205263
0.00109409
0.000102462
-0.000934965
-0.00196789
-0.00291545
-0.00310962
-0.00335443
-0.00359549
-0.00371606
-0.0038145
-0.00391431
-0.00400051
-0.00406747
-0.00413563
-0.00396596
-0.001675
0.000470518
0.00262291
0.00279555
0.00260679
0.00244246
0.00200948
0.00119443
0.000405988
-0.000378725
-0.00112261
-0.00186823
-0.00261274
-0.00293503
-0.00317973
-0.00342926
-0.00362097
-0.00373059
-0.00384551
-0.00382288
-0.00257679
-0.00141338
-0.000246034
0.000921394
0.00208774
0.00325263
0.00383667
0.00358973
0.00339789
0.00311244
0.002022
0.00098595
-5.23138e-05
-0.000800256
-0.00149412
-0.00219063
-0.00269157
-0.00291314
-0.00315272
-0.00335491
-0.00323644
-0.00313908
-0.00304046
-0.00121817
0.000920001
0.00303479
0.00444681
0.00485112
0.00532046
0.00565454
0.00482383
0.00406984
0.00331185
0.00227799
0.00119411
0.000114876
-0.000709645
-0.0011694
-0.00165213
-0.00210144
-0.00227062
-0.00245766
-0.0026433
-0.00284078
-0.00304024
-0.00323932
-0.00336826
-0.00339676
-0.00343167
-0.00319364
-0.000522541
0.00198917
0.00450786
0.00459185
0.00422412
0.00388575
0.0032643
0.00223955
0.00124185
0.000267659
-0.000491249
-0.0012629
-0.00203276
-0.00233345
-0.00254657
-0.00276499
-0.00296176
-0.00312814
-0.00329623
-0.00346362
-0.00362739
-0.00379117
-0.00395475
-0.00398459
-0.00398948
-0.00399594
-0.00313977
-0.0010461
0.000966947
0.00277912
0.00277203
0.00287936
0.00297937
0.00225097
0.00136844
0.000496676
-0.000365369
-0.001213
-0.00206048
-0.00283901
-0.00301028
-0.00321928
-0.00342567
-0.00349604
-0.00354084
-0.00358718
-0.00367931
-0.00383732
-0.00399104
-0.00411205
-0.00394
-0.00378638
-0.00363179
-0.00197492
-3.78316e-05
0.00187949
0.00281388
0.00233615
0.00194634
0.00149408
0.000529084
-0.00040307
-0.0013361
-0.00175721
-0.00208175
-0.00241183
-0.00272603
-0.00301812
-0.00331121
-0.00358676
-0.00370902
-0.00384054
-0.00397132
-0.00408137
-0.0041874
-0.00429355
-0.0043409
-0.00430387
-0.00427203
-0.0040009
-0.00159482
0.000678137
0.00295644
0.00281612
0.00221968
0.0016517
0.000888961
-0.000151436
-0.00117371
-0.0021245
-0.00243676
-0.00278734
-0.00313518
-0.00326894
-0.00336207
-0.00345754
-0.00355035
-0.00363958
-0.00372893
-0.00381291
-0.00384987
-0.00388962
-0.00392915
-0.00401426
-0.00411606
-0.00421673
-0.00358426
-0.00189756
-0.00027613
0.00119866
0.0013438
0.00156838
0.00178794
0.00132092
0.000723944
0.000135447
-0.00054363
-0.00135257
-0.00215281
-0.00289122
-0.00308025
-0.00330176
-0.00352107
-0.00363173
-0.00370222
-0.00377501
-0.00386916
-0.00399428
-0.00411742
-0.0042276
-0.00422205
-0.00422336
-0.00422427
-0.0034668
-0.00243018
-0.00141127
-0.000381067
0.000664404
0.00170774
0.00257294
0.00185523
0.00123147
0.000602925
-0.000266113
-0.00118035
-0.00209086
-0.00273211
-0.00298601
-0.00326229
-0.00352059
-0.00363249
-0.00375282
-0.00387252
-0.00396759
-0.00405348
-0.00413981
-0.00419208
-0.00419542
-0.00420161
-0.00409306
-0.00296091
-0.00188958
-0.000815957
2.1654e-05
0.000771494
0.00152556
0.00162993
0.000799521
2.42044e-05
-0.000738388
-0.00136578
-0.00200027
-0.00263361
-0.00299761
-0.00326164
-0.00353114
-0.00372246
-0.00380181
-0.00388751
-0.00395708
-0.00388654
-0.00382413
-0.00376132
-0.00309327
-0.00220144
-0.00132345
-0.000379001
0.000660532
0.00169343
0.00257324
0.00209097
0.00168708
0.00127918
0.000626757
-0.000115999
-0.000852758
-0.0014944
-0.00199887
-0.00251058
-0.00297988
-0.00307859
-0.00319823
-0.00331656
-0.00342066
-0.00351938
-0.0036183
-0.00370816
-0.00378505
-0.00386259
-0.00383013
-0.0028156
-0.0018577
-0.000897687
0.000146047
0.00122025
0.00229153
0.00258943
0.00177267
0.00101956
0.000259115
-0.000541456
-0.00133887
-0.00213557
-0.00250289
-0.00271032
-0.00292649
-0.0031005
-0.00321457
-0.00333188
-0.00344274
-0.00349874
-0.00355774
-0.0036165
-0.00373812
-0.00388305
-0.00402652
-0.00410238
-0.00408069
-0.00406445
-0.00385429
-0.0019134
-7.08159e-05
0.00177518
0.00205462
0.00175058
0.00147922
0.000889388
-0.00015734
-0.00117762
-0.00212366
-0.00240186
-0.00271666
-0.00302908
-0.00324999
-0.00343658
-0.00362486
-0.00376342
-0.00383048
-0.0039014
-0.0039629
-0.00394279
-0.00392718
-0.00391135
-0.00390105
-0.00389283
-0.0038845
-0.0038091
-0.0036369
-0.00347018
-0.00313314
-0.00127483
0.000498312
0.00227417
0.00246664
0.00206795
0.00170192
0.00107954
8.95453e-05
-0.000879359
-0.0017847
-0.00211994
-0.0024858
-0.0028496
-0.00304393
-0.00317478
-0.00330894
-0.00330151
-0.00309001
-0.00288978
-0.0025198
-0.00063599
0.00116396
0.00296649
0.00309834
0.00260549
0.00214687
0.00152811
0.000680595
-0.000153687
-0.000944674
-0.00134936
-0.00177438
-0.00219785
-0.00239461
-0.00250638
-0.0026226
-0.0027352
-0.002843
-0.00295094
-0.0030507
-0.00307835
-0.00310983
-0.00314107
-0.00195151
-0.000305492
0.00131441
0.00230756
0.00239392
0.0025285
0.00256583
0.00175792
0.000995832
0.000232115
-0.000460956
-0.00112717
-0.0017941
-0.0022648
-0.00245233
-0.00265468
-0.00284293
-0.00291398
-0.00299116
-0.00306793
-0.00308697
-0.00308433
-0.00308284
-0.00308385
-0.00308857
-0.00309308
-0.00290093
-0.000950288
0.000905751
0.00276481
0.00300487
0.00263717
0.00230178
0.00174997
0.000887674
4.25629e-05
-0.000766805
-0.00125554
-0.00176056
-0.00226419
-0.00254121
-0.00273291
-0.00292887
-0.00307693
-0.00315617
-0.00323891
-0.00331591
-0.00334389
-0.00337439
-0.00340473
-0.00218422
-0.000494244
0.00116958
0.00210324
0.00197972
0.00191119
0.00176001
0.000894802
6.74823e-05
-0.000760943
-0.0012995
-0.00172873
-0.00216316
-0.00247473
-0.00260918
-0.00275265
-0.00289414
-0.00302338
-0.00315312
-0.00328271
-0.00326981
-0.00320329
-0.00313959
-0.00313128
-0.00320329
-0.0032711
-0.00318091
-0.00167634
-0.000245851
0.00118697
0.00162865
0.00169674
0.00178389
0.00160646
0.00104769
0.00050898
-4.44635e-05
-0.000724834
-0.00139803
-0.00207091
-0.00237649
-0.00254341
-0.00271723
-0.0027801
-0.002683
-0.00259414
-0.00253212
-0.00271324
-0.00288182
-0.00305087
-0.00172405
0.000166294
0.00202617
0.00303754
0.00281919
0.00266327
0.00245354
0.00178965
0.00114937
0.000508547
-0.000135161
-0.000779598
-0.00142335
-0.00187413
-0.0020458
-0.00223134
-0.00240521
-0.0024825
-0.00256457
-0.00264632
-0.00264998
-0.00262414
-0.00259981
-0.00181898
5.72432e-05
0.00187674
0.00346905
0.00301836
0.00267027
0.00231739
0.00158221
0.000702833
-0.000168474
-0.000847067
-0.00124636
-0.00165918
-0.00204151
-0.00216055
-0.00229256
-0.0024238
-0.00254418
-0.00266038
-0.00277667
-0.00284471
-0.00284293
-0.00284462
-0.00264193
-0.000612664
0.00132416
0.00326365
0.00340943
0.00287627
0.00237717
0.00167098
0.00066699
-0.000321317
-0.00123052
-0.00143298
-0.00167006
-0.00190519
-0.00211517
-0.00231546
-0.00251603
-0.00263062
-0.00262072
-0.00261695
-0.00262385
-0.00272897
-0.00282917
-0.00292951
-0.00150602
0.000494189
0.00246423
0.00349494
0.00316293
0.00289781
0.0025758
0.00177207
0.000992618
0.000212746
-0.000398639
-0.000945795
-0.00149554
-0.00187063
-0.00199297
-0.00212748
-0.00226671
-0.00245454
-0.00263984
-0.00282507
-0.00223039
-0.00134009
-0.000464967
0.000520394
0.00166491
0.00280063
0.00378112
0.00337794
0.00304199
0.00270312
0.0020112
0.00118553
0.000367108
-0.000280301
-0.000679587
-0.00109044
-0.00147656
-0.00164968
-0.00183287
-0.0020154
-0.00213462
-0.00222971
-0.00232586
-0.00192249
-0.000794735
0.000297229
0.00132916
0.00181696
0.00233032
0.00284198
0.00238816
0.00156752
0.000765174
4.488e-05
-0.000555463
-0.00116095
-0.00171777
-0.00184596
-0.00199444
-0.00214181
-0.00230551
-0.00247531
-0.00264465
-0.00273267
-0.00270273
-0.00267842
-0.00249571
-0.000898029
0.000631082
0.00216199
0.00282345
0.00315364
0.00349919
0.00347862
0.00292803
0.00240299
0.00185081
0.00106262
0.000286315
-0.000489821
-0.00096658
-0.00132906
-0.00169657
-0.00197738
-0.00213285
-0.00229408
-0.00244568
-0.00251477
-0.00258767
-0.00266033
-0.00146104
0.000222326
0.00188143
0.00286167
0.00285558
0.00289565
0.00284261
0.00197612
0.00114846
0.000319748
-0.000320535
-0.000888649
-0.0014596
-0.00185979
-0.00201255
-0.00217669
-0.00233773
-0.00247696
-0.00261707
-0.00275701
-0.00282702
-0.00287031
-0.0029148
-0.00253903
-0.00155315
-0.000596462
0.00032708
0.000948948
0.00158421
0.00221826
0.00183567
0.00106516
0.000313292
-0.00036764
-0.000944611
-0.00152585
-0.00206129
-0.00219295
-0.00234309
-0.00249225
-0.00260265
-0.00269817
-0.00279429
-0.00287413
-0.00293042
-0.00298773
-0.00304018
-0.00304987
-0.00306152
-0.00307307
-0.00220219
-0.00099453
0.000196606
0.00104901
0.00140877
0.00179073
0.00208587
0.00161595
0.00118139
0.000745614
0.000137101
-0.000537172
-0.00120783
-0.00167925
-0.00186124
-0.00205625
-0.0022464
-0.00239991
-0.00255494
-0.00270977
-0.00260878
-0.00240998
-0.0022158
-0.00148451
2.70161e-05
0.00150182
0.00278099
0.00230508
0.00190901
0.0015097
0.00095342
0.000337285
-0.00027559
-0.000738118
-0.000982201
-0.00123592
-0.00148222
-0.00166795
-0.00185623
-0.00204423
-0.00215798
-0.00224323
-0.00232967
-0.00223349
-0.00187198
-0.0015227
-0.00103815
0.00065461
0.00229168
0.00392977
0.00372759
0.00282032
0.00194543
0.00111868
0.000363694
-0.000393822
-0.00108869
-0.00122925
-0.00139443
-0.00155837
-0.00167099
-0.00176384
-0.0018575
-0.00195589
-0.00206128
-0.00216625
-0.0022745
-0.00241253
-0.00254911
-0.00268564
-0.00140279
0.000423907
0.00222485
0.0034174
0.00372435
0.00407027
0.00423737
0.00282196
0.00147782
0.000131721
-0.000474866
-0.000797347
-0.00113209
-0.00137663
-0.00149094
-0.00161089
-0.00173037
-0.00184878
-0.00196714
-0.00208539
-0.00212215
-0.0021276
-0.00213442
-0.00217048
-0.00224916
-0.00232589
-0.00228285
-0.00116741
-9.99781e-05
0.000968621
0.00190744
0.00279594
0.00368587
0.00364823
0.00226171
0.000935382
-0.000302213
-0.000731143
-0.00119501
-0.00165695
-0.00188633
-0.00202616
-0.00216977
-0.00230464
-0.0024271
-0.00255
-0.00266254
-0.00268335
-0.00270813
-0.00273272
-0.00281776
-0.00292601
-0.00303315
-0.00311606
-0.00316367
-0.00321278
-0.00325946
-0.00328532
-0.00331206
-0.00333874
-0.00339355
-0.00345915
-0.00352423
-0.00355542
-0.0035373
-0.00352132
-0.00350527
-0.00272041
-0.00196937
-0.00121752
0.000665514
0.0029831
0.00528
0.00652294
0.00623151
0.00600626
0.00577837
0.00437526
0.00302379
0.00167127
0.000949408
0.000470779
-1.78614e-05
-0.000391847
-0.000599784
-0.000814647
-0.00102903
-0.0012293
-0.00143001
-0.00163053
-0.00168687
-0.00168763
-0.00169075
-0.00173888
-0.00185268
-0.00196359
-0.00207452
-0.00216567
-0.00225758
-0.00234938
-0.000497567
0.00210266
0.00466889
0.005945
0.00534152
0.00481831
0.00429213
0.0031642
0.00206274
0.000961082
0.000394713
3.50774e-05
-0.000332999
-0.000628744
-0.000819847
-0.00101521
-0.00121023
-0.00134219
-0.0014767
-0.00161099
-0.00173266
-0.0018494
-0.00196624
-0.00207114
-0.00215869
-0.0022469
-0.00233501
-0.000185291
0.00186859
0.00392478
0.00378312
0.00279306
0.00183942
0.00102647
0.00042035
-0.000193926
-0.000807347
-0.00105405
-0.00131588
-0.00157687
-0.00177116
-0.00193959
-0.00210895
-0.00223037
-0.00228207
-0.00233663
-0.00239102
-0.00249008
-0.00258718
-0.00268429
-0.0027089
-0.00270549
-0.00270325
-0.0021301
-0.000725235
0.00064391
0.0020134
0.00328533
0.00456024
0.00583398
0.004887
0.00308193
0.00131389
0.000115008
-0.000252977
-0.000655034
-0.00105535
-0.00121625
-0.00138691
-0.00155702
-0.00165783
-0.00173178
-0.00180677
-0.00187928
-0.00194826
-0.00201732
-0.00208633
-0.00210259
-0.00212101
-0.00213932
-0.002237
-0.00236533
-0.0024923
-0.00257659
-0.00259863
-0.00262321
-0.00264767
-0.00272758
-0.00280516
-0.00288276
-0.00293685
-0.00298181
-0.00302711
-0.00307323
-0.00312059
-0.00316786
-0.00321509
-0.00325145
-0.00328822
-0.00332494
-0.00331232
-0.0032806
-0.00324969
-0.00325123
-0.00330014
-0.00334709
-0.00339407
-0.00339448
-0.00339678
-0.003399
-0.00343741
-0.00348982
-0.00354161
-0.00346866
-0.00321378
-0.00296648
-0.00271908
-0.000983949
0.000689546
0.00236418
0.00312612
0.00353394
0.00395576
0.00430494
0.00454925
0.00479759
0.00504556
0.00506653
0.00509663
0.00512634
0.00519023
0.00526733
0.00534384
0.00537059
0.00532477
0.00528189
0.00523894
0.00516916
0.00510052
0.00503189
0.00508418
0.00518336
0.00528059
0.00531812
0.00526853
0.00522247
0.00517631
0.00532523
0.00546624
0.00560745
0.00531191
0.00484701
0.00438925
0.00409354
0.00403446
0.00396599
0.00389795
0.00309111
0.00231434
0.001537
0.00114958
0.000913724
0.000672025
0.000461766
0.000296929
0.000130418
-3.58935e-05
0.00204105
0.00402733
0.00601562
0.00544621
0.00388361
0.00236159
0.00135214
0.00109233
0.000803052
0.000515173
0.000317862
0.000117127
-8.33144e-05
-0.000231668
-0.000359708
-0.000488449
-0.000617343
-0.00074655
-0.000875643
-0.00100464
-0.00107197
-0.00114167
-0.00121122
-0.00129742
-0.00139004
-0.00148234
-0.00158176
-0.0016916
-0.00180094
-0.00191022
-0.00199316
-0.00207706
-0.00216086
-0.00222548
-0.00228262
-0.00234
-0.00239523
-0.00244736
-0.00249958
-0.00255175
-0.00255464
-0.00255944
-0.00256417
-0.00260202
-0.00265273
-0.0027029
-0.00275197
-0.00279942
-0.0028469
-0.00289433
-0.00287367
-0.00285567
-0.00283758
-0.00278404
-0.00271673
-0.00265001
-0.00262615
-0.00266488
-0.00270114
-0.00273748
-0.00278083
-0.00282388
-0.00286691
-0.00291976
-0.00297642
-0.00303288
-0.00307723
-0.0031039
-0.00313122
-0.00315851
-0.00313985
-0.00312297
-0.00310605
-0.0031276
-0.00316413
-0.00320005
-0.00322509
-0.00323421
-0.00324394
-0.00325364
-0.00327067
-0.0032874
-0.00330413
-0.00328172
-0.00324407
-0.00320703
-0.00319528
-0.00322046
-0.00324421
-0.00326799
-0.00330764
-0.00334665
-0.00338566
-0.00339783
-0.00339954
-0.00340166
-0.00312253
-0.00243269
-0.00175907
-0.00108534
0.000178295
0.00141845
0.00265856
0.0033743
0.00388524
0.0044036
0.00487012
0.00526155
0.00565554
0.00604913
0.00586703
0.00570696
0.00554617
0.00540084
0.0052616
0.00512223
0.00491723
0.00461631
0.00431925
0.00402227
0.004063
0.00409091
0.00411928
0.00448965
0.00499332
0.00549156
0.00572822
0.00558262
0.00545156
0.00532006
0.00498555
0.00465895
0.00433231
0.00415548
0.00403722
0.00391684
0.0035721
0.00289938
0.00223951
0.00157965
0.00206885
0.00251448
0.00296141
0.0025378
0.00177441
0.00102435
0.000482151
0.000244155
-5.06866e-06
-0.000253685
-0.000308991
-0.000371496
-0.000433684
0.000813249
0.0025711
0.00430853
0.00475977
0.003331
0.00197351
0.00061438
0.000348167
4.13715e-05
-0.000263681
-0.000431745
-0.000546171
-0.000662509
-0.000775955
-0.000885323
-0.000994761
-0.00110412
-0.00111203
-0.00112372
-0.00113525
-0.00116254
-0.00119598
-0.00122917
-0.00127721
-0.00134695
-0.00141584
-0.00148471
-0.00148273
-0.00148338
-0.00148393
-0.00155042
-0.00164268
-0.00173392
-0.00179748
-0.00182055
-0.0018451
-0.00186958
-0.00191721
-0.00196394
-0.00201068
-0.00207849
-0.00215453
-0.00223021
-0.00228975
-0.0023257
-0.00236249
-0.00239922
-0.00231898
-0.00224309
-0.0021671
-0.00217299
-0.00221092
-0.00224765
-0.00228999
-0.00234046
-0.0023906
-0.00244072
-0.00245686
-0.00247424
-0.00249156
-0.00251586
-0.00254288
-0.00256978
-0.00258729
-0.00259108
-0.00259537
-0.00259964
-0.00258525
-0.00257156
-0.00255786
-0.00258052
-0.00261742
-0.00265378
-0.00269052
-0.00272784
-0.0027651
-0.00280234
-0.00282422
-0.00284664
-0.00286902
-0.00285131
-0.00281789
-0.00278507
-0.00262155
-0.00226689
-0.00191941
-0.00157193
0.000142621
0.0018064
0.00347082
0.00407724
0.00426878
0.00447519
0.0042295
0.00332345
0.00244192
0.00156014
0.00228306
0.00294753
0.00361363
0.00396927
0.00420308
0.00444111
0.00456143
0.00450989
0.00446458
0.00441908
0.00462849
0.00482858
0.00502886
0.00508259
0.00507884
0.00507715
0.00485868
0.0043232
0.00379949
0.00327572
0.00358234
0.00385898
0.00413649
0.00420256
0.00418567
0.00417177
0.00416802
0.00417928
0.00419
0.00420074
0.00318117
0.00219913
0.00121646
0.000778054
0.000553414
0.000321311
0.000501395
0.00128407
0.00204473
0.00280562
0.00336008
0.00392149
0.00448225
0.00373913
0.00248445
0.00124883
0.00046562
0.000344955
0.000200857
5.76921e-05
-0.000121067
-0.000298438
-0.000475732
-0.000546917
-0.000576405
-0.000607348
1.84851e-05
0.00160534
0.00315708
0.00470897
0.00325244
0.00190325
0.000551225
1.96756e-05
-0.000189403
-0.000409712
-0.000586954
-0.000701836
-0.000818836
-0.000935678
-0.00100275
-0.00107152
-0.00114019
-0.00117896
-0.00120596
-0.00123335
-0.00126575
-0.00130551
-0.00134497
-0.00138442
-0.00147615
-0.00156598
-0.00165582
-0.00171361
-0.00175878
-0.00180436
-0.00185345
-0.00190773
-0.00196178
-0.0020158
-0.00203229
-0.00205007
-0.0020678
-0.00210923
-0.00215997
-0.00221035
-0.00223996
-0.00223917
-0.00223944
-0.00223968
-0.00223783
-0.00223606
-0.00223429
-0.00221627
-0.00219186
-0.0021677
-0.0021602
-0.00217709
-0.00219313
-0.00220918
-0.00223417
-0.00225883
-0.00228349
-0.00232505
-0.00237326
-0.0024212
-0.00245751
-0.0024768
-0.00249667
-0.00251651
-0.002559
-0.00260069
-0.00264237
-0.00265688
-0.0026607
-0.00266488
-0.00266696
-0.00266597
-0.00266508
-0.00266419
-0.00271766
-0.00276921
-0.0028208
-0.00282411
-0.00280841
-0.00279337
-0.00253429
-0.00191787
-0.00131416
-0.000710427
-0.00044447
-0.000167087
0.000109712
0.000607786
0.00119279
0.00177442
0.002115
0.00210259
0.0021023
0.00210159
0.00229191
0.00247556
0.00265931
0.00272532
0.00274494
0.00276613
0.00284169
0.00299695
0.00314939
0.00330182
0.00305029
0.00281272
0.00257484
0.00268873
0.00294119
0.00318876
0.00318918
0.00282745
0.00247829
0.00212894
0.0024154
0.00268004
0.00294523
0.00334001
0.00378572
0.0042294
0.00426157
0.00369096
0.00314119
0.00259109
0.002912
0.00320317
0.00349514
0.00328246
0.00287089
0.00246634
0.00233308
0.00259749
0.00284827
0.00309934
0.0023033
0.00154317
0.000782346
0.000366522
8.69136e-05
-0.000197102
0.000114281
0.00129767
0.00245087
0.0036043
0.00326111
0.00296854
0.00267446
0.00206087
0.00132146
0.000586773
0.000108902
7.31581e-06
-0.000106842
-0.000220502
0.000470012
0.00113308
0.00179662
0.00200942
0.00204428
0.00208508
0.00183586
0.00116198
0.000502765
-0.000156497
-0.000245909
-0.000354319
-0.000462021
-0.0004846
-0.000473559
-0.000463649
-5.04084e-05
0.000953839
0.0019377
0.00292158
0.00228052
0.00169406
0.00110617
0.000677705
0.000312328
-5.49049e-05
-0.000306967
-0.000390452
-0.000479489
-0.000568281
-0.000631608
-0.00069574
-0.000759802
-0.000845656
-0.000940083
-0.00103416
-0.000742692
0.00011386
0.000951114
0.00178845
0.00189764
0.00203086
0.0021632
0.00163497
0.000845963
6.60992e-05
-0.000447781
-0.000571586
-0.000708196
-0.000844293
-0.000962574
-0.00108136
-0.00120006
-0.00126621
-0.00131157
-0.00135758
-0.00140763
-0.00146365
-0.00151943
-0.00157518
-0.000341361
0.000849226
0.00204045
0.00197502
0.00141288
0.000867433
0.000366283
-6.92794e-05
-0.000506708
-0.000943788
-0.00105238
-0.00117168
-0.00129054
-0.00138293
-0.00146481
-0.00154699
-0.00162694
-0.00170367
-0.00178046
-0.00185719
-0.00191153
-0.00196657
-0.00202155
-0.00204393
-0.00205342
-0.00206331
-0.00207959
-0.00210524
-0.00213057
-0.00215589
-0.000426431
0.00124474
0.00291673
0.00241115
0.0010443
-0.000293649
-0.0011475
-0.00129052
-0.00145655
-0.00162173
-0.00171032
-0.00180134
-0.00189222
-0.00196997
-0.00204249
-0.00211514
-0.00214451
-0.00211046
-0.00207849
-0.00204647
-0.000811764
0.000383217
0.00157871
0.00159618
0.00114737
0.000713909
0.000239506
-0.000294344
-0.000825929
-0.00135724
-0.00149905
-0.00165333
-0.0018071
-0.00188216
-0.00192601
-0.00197083
-0.00201202
-0.00204792
-0.00208397
-0.00211999
-0.00139883
-0.000702485
-5.78545e-06
0.000882673
0.00184675
0.00280778
0.00287399
0.00162783
0.000424578
-0.00077928
-0.000942518
-0.001139
-0.0013343
-0.00146768
-0.00157646
-0.00168597
-0.00177522
-0.00183484
-0.00189536
-0.00195582
-0.00199394
-0.00203274
-0.0020715
-0.00153118
-0.000761583
2.03749e-07
0.000603526
0.000974251
0.00135215
0.00172959
0.000842386
-3.97629e-06
-0.0008511
-0.0012163
-0.00139038
-0.00157042
-0.00168587
-0.00170691
-0.00173093
-0.00175484
-0.00184687
-0.00193668
-0.0020265
-0.0015725
-0.000903064
-0.000240887
0.000312385
0.000705737
0.00110391
0.00150167
0.000637739
-0.000185718
-0.00100993
-0.00133114
-0.00145278
-0.00158064
-0.00169924
-0.00180458
-0.00191027
-0.00201588
-0.00206929
-0.0021243
-0.00217924
-0.00165368
-0.00089806
-0.000150165
0.000456888
0.000857137
0.00126364
0.0016697
0.000805169
-1.88604e-05
-0.000843645
-0.00115858
-0.00127114
-0.00138997
-0.00148457
-0.00154391
-0.00160431
-0.00166465
-0.00171925
-0.001774
-0.0018287
-0.000840714
0.000560717
0.00194833
0.00234545
0.00128871
0.0002781
-0.000733317
-0.000929762
-0.00115155
-0.00137241
-0.00141032
-0.00137559
-0.00134314
-0.00137417
-0.00149845
-0.00161975
-0.00174107
-0.00175752
-0.00177723
-0.00179683
-0.000953929
0.000231124
0.00140479
0.00172184
0.000781353
-0.000119458
-0.00102094
-0.00114418
-0.00129151
-0.00143801
-0.00150873
-0.00154931
-0.00159081
-0.00163722
-0.00169088
-0.00174429
-0.00179768
-0.0018011
-0.00180607
-0.00181098
-0.000804511
0.000603368
0.00199796
0.0023871
0.00130003
0.000259231
-0.000782354
-0.000987589
-0.00121851
-0.0014485
-0.00157172
-0.00165247
-0.00173447
-0.00179509
-0.00182438
-0.00185462
-0.00188481
-0.00113063
-0.000401036
0.000328862
0.00039428
0.000195593
5.14418e-06
-0.000265898
-0.000654949
-0.00104014
-0.00142521
-0.00151616
-0.00161609
-0.00171568
-0.0017801
-0.00183051
-0.00188133
-0.00141188
-0.00017857
0.00103061
0.00223978
0.00118057
0.000191381
-0.000799345
-0.00116836
-0.00129005
-0.00141922
-0.0015422
-0.00165649
-0.00177097
-0.00188537
-0.00126674
-0.000670842
-7.46112e-05
0.000376471
0.000769672
0.0011644
0.00107092
0.000260726
-0.000527174
-0.00131527
-0.0014632
-0.0016305
-0.00179711
-0.00181672
-0.00177785
-0.00174077
-0.00155522
-0.00115168
-0.000754998
-0.00035835
-0.000154405
