0
0.0164045
0.0152213
0.0153461
0.0153621
0.0150666
0.0143173
0.0136068
0.012972
0.0130314
0.0130332
0.0130398
0.0131271
0.0132279
0.0133274
0.0134423
0.0135788
0.0137133
0.0137947
0.0134039
0.0130523
0.0126982
0.012575
0.0124906
0.0124032
0.0123329
0.0122866
0.0122384
0.0121679
0.0118975
0.0116437
0.011389
0.0112346
0.0110973
0.0109588
0.01124
0.0121153
0.0129411
0.0135924
0.0126631
0.0118627
0.0110532
0.0106829
0.010387
0.0100856
0.0100695
0.0104567
0.010811
0.01111
0.0108976
0.0107265
0.0105523
0.0101536
0.00971729
0.00928463
0.00899747
0.00891667
0.00881957
0.00880583
0.009522
0.0101791
0.0108398
0.0106153
0.0102405
0.00987809
0.00947519
0.00901603
0.00856202
0.00814394
0.00804391
0.00791899
0.00779622
0.00868644
0.00974873
0.0107958
0.011072
0.0102532
0.00952147
0.00880469
0.00827337
0.0077284
0.00718534
0.00658687
0.00597962
0.00537401
0.00546882
0.00655763
0.0075675
0.00848948
0.00858533
0.00874508
0.00889963
0.008391
0.00776873
0.00715621
0.00658276
0.00606544
0.00554458
0.00503228
0.00458729
0.0041378
0.00368935
0.00438589
0.00527936
0.00615637
0.00692032
0.00752245
0.00813604
0.00860904
0.00784406
0.00717475
0.00649916
0.00592273
0.00536403
0.00480483
0.00430565
0.00389129
0.00347112
0.00306467
0.00277153
0.00247024
0.00217002
0.00280147
0.00359418
0.00437352
0.00517203
0.00599689
0.00681852
0.00748057
0.0067274
0.00608178
0.00542904
0.00484189
0.00426671
0.0036915
0.00313966
0.00262064
0.00209994
0.00164651
0.00178551
0.00188009
0.00197784
0.00181322
0.00160294
0.00139637
0.00193155
0.00352257
0.00503285
0.00634523
0.00585687
0.00550263
0.00513898
0.00500143
0.00490356
0.0048029
0.00442849
0.00366398
0.00292933
0.00222972
0.00185367
0.00145438
0.00105738
0.000829734
0.000632199
0.000432745
0.000392754
0.000579519
0.000749424
0.00104968
0.00250339
0.00387079
0.00524249
0.00532529
0.00518042
0.00505234
0.00470561
0.00404909
0.00341603
0.00276283
0.00193799
0.0011268
0.000315784
0.000200578
0.000208763
0.000208021
0.000222803
0.000258744
0.000293107
0.000310506
0.000175949
5.25186e-05
-7.15345e-05
-0.000261544
-0.000463078
-0.000663497
-0.000881086
-0.00112318
-0.00136318
-0.00151476
-0.000879018
-0.000300424
0.000281424
0.00110098
0.00196208
0.00281899
0.0033255
0.00333237
0.00337475
0.00336417
0.00290444
0.00247722
0.0020483
0.00148255
0.000892922
0.000305818
-0.000103213
-0.000258298
-0.000431085
-0.000601098
-0.000759534
-0.000918563
-0.00107733
-0.00105152
-0.00099265
-0.000936189
-0.000862752
-0.000765295
-0.000669658
-0.000489782
0.00044163
0.00131918
0.00219927
0.00239527
0.00246818
0.00254957
0.00258908
0.00256976
0.00255455
0.00248914
0.00197813
0.00149878
0.00101789
0.000543314
7.03431e-05
-0.000402084
-0.00060823
-0.000434284
-0.000286846
-0.000159964
-0.00023135
-0.000288963
-0.000347446
0.000376757
0.0012416
0.00209558
0.00266197
0.00281687
0.00299981
0.00312051
0.00270509
0.00232696
0.00194679
0.00137401
0.000766893
0.00016295
-0.000205773
-0.000238358
-0.000293812
-0.000338138
-0.000297759
-0.000263198
-0.000228288
-0.000416508
-0.000645051
-0.000870548
-0.00101834
-0.00105485
-0.00109886
-0.00102297
0.000117923
0.00118531
0.00225622
0.00258568
0.00277988
0.00298293
0.00283514
0.00218654
0.0015725
0.000989337
0.000696112
0.000383821
7.32283e-05
-0.000155152
-0.000368268
-0.000582122
-0.000787055
-0.000979441
-0.00117241
-0.00134242
-0.00130997
-0.00129106
-0.00127127
-0.00137736
-0.00150637
-0.00163368
-0.00172877
-0.00177765
-0.00182952
-0.0017668
-0.000683373
0.000331021
0.00134864
0.00157977
0.00166648
0.00176262
0.00186245
0.00196857
0.00207414
0.00209456
0.00135571
0.00066778
-2.2593e-05
-0.000459626
-0.000849694
-0.00124233
-0.00147642
-0.00148394
-0.00150629
-0.00152506
-0.00152085
-0.00151815
-0.00151536
-0.00138361
-0.00122822
-0.00107458
-0.0010367
-0.00116476
-0.00128185
-0.00128325
-0.00024663
0.000721242
0.00169232
0.00183346
0.00182122
0.00181893
0.00169515
0.00139825
0.00111292
0.000817615
0.000437067
6.25092e-05
-0.000311952
-0.000576503
-0.000820451
-0.00106541
-0.00125703
-0.00137244
-0.0014926
-0.00158176
-0.00139815
-0.00123225
-0.00106544
-0.00118926
-0.00136687
-0.00154081
-0.00164732
-0.00165688
-0.00167262
-0.00167422
-0.0015533
-0.00144035
-0.00132703
-0.000617977
0.000201181
0.0010123
0.00142932
0.00128082
0.00116837
0.00101268
0.000490296
-8.21465e-06
-0.000507604
-0.000672561
-0.000775052
-0.000881357
-0.000928245
-0.000890312
-0.000857771
-0.000840388
-0.000961097
-0.00107297
-0.00118526
-0.00137437
-0.00157765
-0.00177979
-0.00197145
-0.00214807
-0.00232542
-0.00235989
-0.00112064
3.74577e-05
0.00119918
0.00140488
0.00143154
0.00146933
0.00128483
0.000782289
0.000300166
-0.000173392
-0.000563839
-0.000958962
-0.00135331
-0.00120457
-0.000954123
-0.000710284
-0.000650087
-0.000854055
-0.00104143
-0.00120807
-0.00118206
-0.00116797
-0.00115316
-0.00126933
-0.00140999
-0.00154896
-0.00173517
-0.00198916
-0.00223866
-0.00235356
-0.00126613
-0.000253804
0.00076189
0.00106596
0.0012358
0.00141365
0.00148558
0.00140619
0.00133613
0.00124635
0.000984834
0.000734104
0.000483023
0.000143945
-0.000211431
-0.000565384
-0.000823332
-0.000943395
-0.00107168
-0.00119693
-0.00130071
-0.00140566
-0.00151041
-0.000770655
0.000128086
0.00101613
0.0015995
0.00174446
0.00191571
0.00203851
0.00174445
0.00147586
0.00120605
0.000776168
0.000287693
-0.000196673
-0.000528552
-0.000641095
-0.00076666
-0.000874035
-0.000827133
-0.000789526
-0.000751408
-4.58551e-05
0.000785738
0.00160881
0.00204759
0.0019334
0.00185232
0.00174228
0.00139044
0.00105341
0.000715905
0.000361171
3.20462e-07
-0.000359739
-0.000583458
-0.000611182
-0.00065049
-0.000709156
-0.000947314
-0.00117457
-0.0014022
-0.00149927
-0.00154814
-0.00159979
-0.00164407
-0.00167801
-0.00171252
-0.00163881
-0.000598788
0.000383167
0.00136738
0.00141061
0.00127426
0.00114861
0.000946934
0.000636697
0.000333184
1.71445e-05
-0.00041011
-0.000830361
-0.00125053
-0.00146282
-0.00159817
-0.00173785
-0.00176191
-0.00161998
-0.00148787
-0.00137631
-0.00145215
-0.001517
-0.00158242
-0.00162581
-0.00166104
-0.0016967
-0.00179343
-0.00197816
-0.00215758
-0.002319
-0.00231853
-0.00232742
-0.00233575
-0.00226717
-0.00217015
-0.00207488
-0.00166733
-0.000810085
2.02883e-05
0.000784361
0.000949694
0.00114925
0.00134661
0.00110507
0.000701037
0.000306788
-5.90907e-05
-0.00038348
-0.000709872
-0.000988827
-0.000847872
-0.000731072
-0.000613026
-0.000791604
-0.00108002
-0.00136184
-0.00157051
-0.00167336
-0.00178211
-0.00188437
-0.00193266
-0.00198397
-0.00203504
-0.00217392
-0.00234529
-0.00251462
-0.00261314
-0.00260951
-0.00261167
-0.00251999
-0.00159268
-0.000713633
0.00016715
0.000748137
0.00121743
0.0016925
0.00190515
0.00174025
0.00159678
0.00140209
0.000759206
0.00014222
-0.000475528
-0.000818302
-0.00105865
-0.00130447
-0.0012129
-0.000635376
-8.56963e-05
0.000332935
-0.000428822
-0.00112379
-0.0018217
-0.0019898
-0.00196072
-0.00194267
-0.00190782
-0.00184964
-0.00179283
-0.00174943
-0.00182607
-0.00189596
-0.00196615
-0.00177769
-0.00149303
-0.00121402
-0.0011996
-0.00156719
-0.00191324
-0.00213913
-0.00128327
-0.000488113
0.000309514
0.000729451
0.00100842
0.00129484
0.00147569
0.00150497
0.00154256
0.00155283
0.00132343
0.00110745
0.000890964
0.000565138
0.000198719
-0.000165074
-0.000425664
-0.000537284
-0.000656936
-0.000766475
-0.000790621
-0.000819406
-0.000847907
-0.00091988
-0.00100803
-0.0010952
-0.00081044
1.12912e-05
0.000802897
0.00152689
0.00163863
0.00178352
0.00192645
0.00185951
0.00171416
0.00157321
0.00142955
0.00128225
0.00113531
0.000991507
0.000874675
0.000756511
0.000638547
0.000380628
7.05423e-05
-0.000236395
-0.000440582
-0.000496284
-0.000559922
-0.000522349
0.000415695
0.00130432
0.00219464
0.0024146
0.0023836
0.0023661
0.00221596
0.0018753
0.0015452
0.00122095
0.000951236
0.000678897
0.000406989
0.000282255
0.000212723
0.00014032
4.74603e-05
-7.52238e-05
-0.000196188
-0.000208991
0.000745062
0.00164667
0.00255011
0.00267582
0.00251001
0.00235985
0.00212671
0.00177482
0.0014296
0.00108328
0.000727358
0.000372322
1.76151e-05
-0.000220201
-0.000414024
-0.000609965
-0.000724354
-0.000721135
-0.000724119
-0.000673457
-0.00014608
0.000355652
0.000858205
0.00135802
0.00185653
0.00235458
0.00244491
0.00194603
0.00147857
0.00102758
0.000734827
0.000434093
0.000134092
1.96076e-05
-2.5108e-05
-7.3422e-05
-0.000246191
-0.000599227
-0.00094249
-0.00124206
-0.00114917
-0.00107681
-0.00100347
-0.00096063
-0.000929265
-0.000897338
-0.000930958
-0.00105932
-0.00118263
-0.0012137
-0.00041861
0.000332852
0.00108579
0.00124093
0.00117112
0.00111302
0.000922821
0.000542424
0.000172239
-0.000177976
-0.000347912
-0.000526966
-0.000705365
-0.000755432
-0.000757145
-0.000761344
-0.000783484
-0.000831774
-0.000878671
-0.000922274
-0.000936164
-0.000951563
-0.000966868
-0.0010977
-0.00127198
-0.00144386
-0.00157476
-0.00164627
-0.00172075
-0.00179536
-0.00187321
-0.00195082
-0.00202836
-0.00139834
-0.00050195
0.000379962
0.00102114
0.00131323
0.00162278
0.00189564
0.00185094
0.00182241
0.00179309
0.0018385
0.00191206
0.00198412
0.00178124
0.00118025
0.000600004
7.50673e-05
4.9538e-05
-1.18817e-06
-5.05912e-05
-0.000245595
-0.000495421
-0.000742232
-0.000955972
-0.00112173
-0.00128973
-0.00138576
-0.000840505
-0.00032802
0.000185596
0.000724979
0.00127381
0.00182162
0.00222432
0.0024171
0.00262019
0.00280295
0.00281006
0.00282594
0.00284138
0.00244821
0.00190079
0.00136163
0.000902385
0.000559258
0.000210689
-0.000122421
-0.000322451
-0.000528903
-0.00073483
-0.000785972
-0.000778525
-0.000773994
-0.000760902
-0.000735621
-0.000710969
-0.000633916
-8.82243e-05
0.000433727
0.000956337
0.00134841
0.00169086
0.00203542
0.00226461
0.00232697
0.00239749
0.0024579
0.00243197
0.00241031
0.00238847
0.00224615
0.00205827
0.00187282
0.00161834
0.0012639
0.000914726
0.000586336
0.000443483
0.000291675
0.000140455
5.97477e-05
5.82174e-06
-4.93617e-05
-0.000147699
-0.000308702
-0.000466486
-0.000543077
0.000106866
0.000720733
0.00133576
0.00169918
0.001967
0.00223922
0.00236054
0.00226359
0.00217734
0.00209606
0.00206328
0.00202817
0.00199322
0.00178985
0.00152269
0.00125888
0.00101747
0.000808648
0.000598454
0.000388891
0.000182757
-2.33437e-05
-0.000229247
-0.000399611
-0.000556383
-0.000713659
-0.000388832
0.000635003
0.0016242
0.00249839
0.0023363
0.00222419
0.00210979
0.00203996
0.00198705
0.00193338
0.00180597
0.00157152
0.00134242
0.00111075
0.000856614
0.000603799
0.000351162
0.000137766
-6.05911e-05
-0.000259477
-0.000483605
-0.000744484
-0.00100336
-0.00122974
-0.00116653
-0.00111716
-0.00106718
-0.000676104
-0.000155466
0.000358519
0.000824538
0.00122074
0.00161987
0.00198963
0.00210085
0.00222422
0.0023469
0.00241097
0.00245269
0.00249542
0.00242689
0.00219698
0.00197492
0.00174393
0.00143477
0.00112958
0.000824498
0.000505938
0.000182419
-0.000140563
-0.000401091
-0.000571093
-0.000745191
-0.000840031
-0.000228711
0.000348882
0.000927516
0.00134329
0.00169681
0.00205291
0.00222688
0.00213683
0.00205922
0.00192534
0.00129269
0.000683937
7.4636e-05
-0.000278225
-0.000533127
-0.000792359
-0.000953388
-0.000972269
-0.000997754
-0.00103187
-0.00114613
-0.00125656
-0.00136707
-0.00144938
-0.00152089
-0.00159283
-0.00162137
-0.00158697
-0.00155552
-0.00152528
-0.0015069
-0.00148799
-0.00146912
-0.00150481
-0.00156131
-0.00161679
-0.0014248
-0.000873394
-0.000339083
0.000141379
0.000136791
0.000154559
0.000171281
5.46129e-05
-0.000112964
-0.000278046
-0.00049882
-0.000800388
-0.00109797
-0.00137293
-0.00144607
-0.0015284
-0.00161023
-0.00159468
-0.00154191
-0.0014909
-0.00142099
-0.00132373
-0.00122781
-0.00115559
-0.00129541
-0.00142543
-0.00155576
-0.00166662
-0.00176996
-0.00187356
-0.00194944
-0.00198511
-0.00202259
-0.00205795
-0.00207547
-0.00209378
-0.00211204
-0.00218466
-0.00227804
-0.00237038
-0.00237199
-0.00224172
-0.00211754
-0.00201263
-0.00208171
-0.00214285
-0.0022043
-0.00216157
-0.002079
-0.0019983
-0.00195918
-0.00198057
-0.00199921
-0.0020183
-0.00204039
-0.00206232
-0.00208424
-0.00184031
-0.00149467
-0.00115391
-0.000789274
-0.000390097
7.17072e-06
0.000386578
0.000608214
0.000836725
0.00106472
0.00123678
0.00138729
0.00153864
0.00174567
0.00203379
0.00231801
0.00257921
0.0026347
0.00269932
0.00276348
0.00289717
0.00305744
0.00321639
0.00305832
0.00243932
0.00184138
0.0012887
0.0011453
0.000983848
0.000823338
0.00138561
0.00222487
0.00305111
0.00359714
0.00373521
0.00389124
0.00395741
0.00322752
0.00253351
0.00183852
0.00135295
0.00094799
0.000539824
0.000262737
0.000175889
8.07265e-05
-2.34209e-05
-0.000211961
-0.000396617
-0.000581281
0.000111474
0.00114082
0.00215446
0.00264895
0.00238774
0.00215994
0.00190576
0.00142695
0.000958421
0.00048985
0.000279967
0.000169577
5.49283e-05
-6.89822e-05
-0.000206696
-0.000343685
-0.00050009
-0.000830972
-0.00115395
-0.00147698
-0.00154128
-0.00150609
-0.00147526
-0.00151716
-0.00166513
-0.00180836
-0.00193497
-0.00191199
-0.00189553
-0.00187881
-0.00191981
-0.00198299
-0.00204515
-0.00207048
-0.00204221
-0.00201628
-0.00200092
-0.00208097
-0.00215682
-0.00223278
-0.00228377
-0.00232512
-0.00236685
-0.00239581
-0.00240623
-0.00241743
-0.00242859
-0.00232775
-0.00223183
-0.00213577
-0.00213755
-0.002177
-0.00221478
-0.00220912
-0.00214014
-0.00207393
-0.00200766
-0.00212284
-0.00223013
-0.00233767
-0.00237143
-0.00237676
-0.00238331
-0.00239877
-0.0024273
-0.00245524
-0.00248319
-0.00244077
-0.0024014
-0.00236192
-0.00241397
-0.00250125
-0.00258696
-0.00262443
-0.00259163
-0.00256184
-0.00253196
-0.0024741
-0.00241748
-0.00236086
-0.00224837
-0.0021144
-0.00198145
-0.00185469
-0.00173694
-0.00161891
-0.00150099
-0.00161197
-0.00171316
-0.00181468
-0.00182988
-0.00181179
-0.00179513
-0.00169255
-0.00146496
-0.00124283
-0.00102067
-0.000992519
-0.000956208
-0.000920272
-0.000796712
-0.000639405
-0.000483652
-0.000213958
0.000221652
0.000649915
0.00107813
0.00161886
0.00215441
0.00268973
0.00292272
0.00303888
0.00315985
0.00336977
0.00370964
0.00404379
0.00437789
0.00441154
0.00445774
0.00450337
0.00445232
0.00436395
0.00427722
0.00427896
0.00440968
0.0045349
0.00466025
0.00429561
0.00395169
0.0036072
0.00364716
0.00383566
0.00401782
0.00417583
0.00429833
0.0044222
0.00454591
0.00436656
0.00419992
0.0040329
0.00378249
0.00349995
0.00321897
0.00299761
0.0028631
0.00272511
0.00258737
0.00210845
0.00164402
0.00117938
0.000919197
0.000738207
0.0005541
0.000370097
0.000185977
2.01314e-06
-0.000181805
0.000701618
0.0015404
0.00238032
0.00218507
0.00158937
0.00101062
0.000533426
0.000205071
-0.000129122
-0.000462802
-0.000557023
-0.000660981
-0.000764454
-0.000861783
-0.000956678
-0.0010516
-0.00112843
-0.00117893
-0.00123048
-0.00128193
-0.00139191
-0.00149941
-0.00160692
-0.00160447
-0.00155945
-0.00151619
-0.00153237
-0.00163527
-0.00173456
-0.00183392
-0.00177984
-0.00173204
-0.00168402
-0.00170584
-0.00175471
-0.00180244
-0.00187774
-0.00199319
-0.00210693
-0.00222064
-0.00203594
-0.00186347
-0.00169065
-0.00168102
-0.00173465
-0.00178567
-0.00180143
-0.00176562
-0.00173192
-0.00169816
-0.00157048
-0.0014467
-0.00132286
-0.00119143
-0.00105711
-0.000923021
-0.00104821
-0.00155148
-0.00203915
-0.00252705
-0.00237495
-0.00224867
-0.00212145
-0.00213142
-0.00219459
-0.00225557
-0.00233564
-0.00244344
-0.00255005
-0.00265661
-0.00246697
-0.00228933
-0.00211134
-0.00198015
-0.00186716
-0.00175354
-0.0017391
-0.00186926
-0.00199355
-0.00211797
-0.00220879
-0.00230087
-0.00239283
-0.00232766
-0.00220151
-0.00207788
-0.0020451
-0.00214496
-0.00223946
-0.0023341
-0.00215619
-0.00198924
-0.00182198
-0.0018357
-0.0019197
-0.00200086
-0.00207034
-0.00212266
-0.00217562
-0.00222851
-0.00223751
-0.00224825
-0.00225891
-0.00227292
-0.00228822
-0.00230345
-0.0023157
-0.00232358
-0.00233163
-0.00233966
-0.00234558
-0.00235159
-0.00235758
-0.00237859
-0.00240543
-0.00243201
-0.00247628
-0.00254635
-0.00261535
-0.00268434
-0.00255099
-0.00242569
-0.00230017
-0.00237591
-0.00252988
-0.00268066
-0.00268409
-0.00247233
-0.00226915
-0.0020658
-0.00216175
-0.00224593
-0.00233051
-0.00211695
-0.00178749
-0.00146281
-0.00120225
-0.00103542
-0.000865065
-0.000694983
-0.000290844
0.000103873
0.000498649
0.000721572
0.00087751
0.00103593
0.0012196
0.00144035
0.00165949
0.00187852
0.00201147
0.00214766
0.00228362
0.00257721
0.00293205
0.00328424
0.00356368
0.00373689
0.00391406
0.00409095
0.00387419
0.00367281
0.00347098
0.00332662
0.00320469
0.00308199
0.00305066
0.00315266
0.00324944
0.00334636
0.00315595
0.00297675
0.00279725
0.00276383
0.00278733
0.00280863
0.00289612
0.00308013
0.00326029
0.00344047
0.00320111
0.00297801
0.00275446
0.00251079
0.00225938
0.00200846
0.0018458
0.00181196
0.00177322
0.0017347
0.00187899
0.00201618
0.00215354
0.00215164
0.00209544
0.00204135
0.00194351
0.00178185
0.00162274
0.00146366
0.00120405
0.000948454
0.000692901
0.000502016
0.000336441
0.000170031
6.25446e-06
-0.000153785
-0.000313845
-0.000473782
-0.000484766
-0.000501384
-0.000517776
-0.000495626
-0.000458441
-0.000421853
-0.000419518
-0.000467245
-0.000513044
-0.000558881
-0.000745691
-0.000927039
-0.00110846
-0.00117536
-0.00119752
-0.00122135
-0.00125101
-0.00128929
-0.00132722
-0.00136512
-0.00133128
-0.00130015
-0.00126894
-0.00128876
-0.0013285
-0.00136746
-0.00144037
-0.00156286
-0.00168341
-0.00180393
-0.00187254
-0.00194304
-0.00201341
-0.00191385
-0.00174795
-0.00158464
-0.00152143
-0.00160455
-0.00168215
-0.0017599
-0.00183665
-0.00191338
-0.00199006
-0.002073
-0.00215836
-0.00224357
-0.00224968
-0.00214021
-0.00203512
-0.00192995
-0.00174157
-0.00155642
-0.00137128
-0.00135885
-0.00141395
-0.00146649
-0.00142765
-0.0012551
-0.00108764
-0.000920111
-0.0011494
-0.00136383
-0.00157865
-0.0016198
-0.00159301
-0.00156876
-0.00159778
-0.00170481
-0.00180887
-0.00191297
-0.00106835
-0.000259362
0.000550345
0.000633587
0.000432584
0.000242202
0.000234156
0.000493181
0.000742186
0.000991376
0.000405654
-0.000148942
-0.000704273
-0.000945119
-0.00106279
-0.0011849
-0.00130268
-0.0014144
-0.00152627
-0.00163805
-0.000672849
0.000252193
0.00117803
0.00129955
0.00110613
0.00092438
0.000718309
0.000477255
0.000237656
-1.82173e-06
-6.94162e-05
-0.000143234
-0.000216772
-0.00041791
-0.000668934
-0.000917957
-0.00109226
-0.00115728
-0.00122622
-0.00129498
-0.000222747
0.000807215
0.00183796
0.00193297
0.00166134
0.00140322
0.00101855
0.000449451
-0.000112544
-0.00067439
-0.000603258
-0.000555112
-0.000506168
-0.000512584
-0.000540682
-0.000567974
-0.000298377
0.00040548
0.00109313
0.00178088
0.00140301
0.00106389
0.000723608
0.000421879
0.000135369
-0.000151483
-0.000353646
-0.000432056
-0.000514865
-0.000597457
-0.000688047
-0.000778284
-0.000868469
-0.000346321
0.000415755
0.00116867
0.00151299
0.00125939
0.00102742
0.000794848
0.000399803
1.08647e-05
-0.000378014
-0.000552367
-0.000642489
-0.00073556
-0.000847529
-0.000987334
-0.00112604
-0.0012647
-0.000316313
0.00059257
0.00150221
0.00139448
0.000887554
0.000395223
3.74823e-05
-0.000122731
-0.000289866
-0.000456637
-0.000521737
-0.000590409
-0.000658905
-0.0007432
-0.000833659
-0.000923836
-0.000652602
0.000147448
0.000928158
0.001709
0.00137971
0.00109001
0.000799122
0.000360399
-0.000136215
-0.000630428
-0.000900553
-0.000842801
-0.000796688
-0.000750196
-0.000959378
-0.00115938
-0.00135956
-0.00137309
-0.0013133
-0.00125614
-0.00092946
-0.000208469
0.000498116
0.00120471
0.00068413
0.000207128
-0.000271072
-0.000533937
-0.000712098
-0.000893113
-0.00101008
-0.00103352
-0.00106022
-0.0010868
-0.00127162
-0.00145076
-0.00162997
-0.00111587
-0.000329456
0.000446867
0.000691038
0.000156007
-0.000351376
-0.000859372
-0.000984392
-0.00112272
-0.00126048
-0.00140706
-0.00155703
-0.00170679
-0.00175853
-0.00166683
-0.0015802
-0.00149345
-0.00158256
-0.00166548
-0.00174856
-0.00113288
-0.000242612
0.000637484
0.000997964
0.000597494
0.000223752
-0.000150659
-0.000420739
-0.000694254
-0.00096746
-0.00105354
-0.00106595
-0.00108091
-0.00113066
-0.00123148
-0.00133045
-0.00142942
-0.0011895
-0.000961466
-0.000733179
-0.000449315
-0.000143686
0.000160979
0.000164697
-0.000272196
-0.000693578
-0.00111521
-0.00122467
-0.00134482
-0.00146452
-0.00152421
-0.00156025
-0.00159708
-0.00153014
-0.00131127
-0.00109779
-0.000884265
-0.00103714
-0.00117732
-0.00131784
-0.00136136
-0.00136668
-0.00137331
-0.00136608
-0.00133863
-0.00131189
-0.00128514
-0.00134167
-0.00139532
-0.00144902
-0.00155206
-0.00167448
-0.00179615
-0.00182056
-0.0017025
-0.00158939
-0.00147619
-0.00161301
-0.00174121
-0.00186961
-0.00185612
-0.00178672
-0.00171928
-0.00167828
-0.0016761
-0.0016726
-0.00166915
-0.00170272
-0.00173502
-0.00176733
-0.00172896
-0.00166275
-0.00159753
-0.00156626
-0.00158476
-0.00160156
-0.00161841
-0.00156488
-0.00151378
-0.00146263
-0.00151642
-0.00161157
-0.00170526
-0.00178226
-0.00183477
-0.00188808
-0.00194132
-0.00197573
-0.00201075
-0.00204573
-0.00208141
-0.00211734
-0.00215324
-0.00212083
-0.00198833
-0.00185929
-0.00173022
-0.00174521
-0.00175534
-0.00176563
-0.00164958
-0.00148372
-0.00131966
-0.00123158
-0.00125488
-0.00127443
-0.00129408
-0.000846429
-0.000414756
1.71628e-05
0.00023396
0.000365786
0.000500371
0.000558254
0.000503924
0.000453387
0.000402757
0.00065473
0.000896413
0.00113828
0.00100352
0.000720146
0.000441926
0.000518275
0.00111439
0.00169277
0.00227135
0.00218461
0.00212011
0.0020549
0.00184774
0.0015846
0.00132349
0.00123831
0.00141098
0.00157496
0.00173912
0.00185696
0.00197626
0.00209543
0.00215607
0.00219357
0.00223182
0.0021513
0.00189679
0.0016482
0.00139959
0.00138528
0.00136322
0.00134143
0.00127753
0.00119702
0.00111712
0.00108761
0.00113196
0.00117384
0.00121578
0.00108794
0.000965791
0.000843532
0.000865475
0.000944395
0.00102139
0.000997439
0.000825459
0.000658466
0.000491419
0.000349178
0.000206214
6.33679e-05
-6.40473e-05
-0.000185313
-0.000306702
-9.9283e-05
0.000590128
0.00126327
0.0019365
0.00128069
0.000668886
5.60406e-05
-0.000250559
-0.00043597
-0.000625227
-0.00078652
-0.000907062
-0.00102886
-0.00115054
-0.00108575
-0.00102711
-0.0009683
-0.000979504
-0.00101839
-0.00105635
-0.00111074
-0.00118918
-0.00126679
-0.00134438
-0.00137597
-0.00140904
-0.00144204
-0.00156962
-0.00173457
-0.00189819
-0.00197941
-0.0019398
-0.00190413
-0.00186836
-0.00188072
-0.00189152
-0.00190236
-0.00190906
-0.00191412
-0.00191923
-0.00191435
-0.00189483
-0.00187579
-0.00185675
-0.00177829
-0.00170179
-0.00162529
-0.00161538
-0.00163183
-0.00164742
-0.00168754
-0.0017636
-0.00183845
-0.00191329
-0.00197773
-0.00204246
-0.00210714
-0.00214648
-0.00217577
-0.00220537
-0.00222775
-0.00223957
-0.00225172
-0.00226385
-0.00224616
-0.00222945
-0.00221271
-0.00214759
-0.00206332
-0.00197973
-0.00193495
-0.00194709
-0.0019574
-0.00196776
-0.00204064
-0.00211146
-0.00218231
-0.00219739
-0.00219039
-0.00218409
-0.00220947
-0.00228133
-0.00235167
-0.00242201
-0.00243352
-0.00244689
-0.0024602
-0.00242881
-0.0023797
-0.0023312
-0.00227916
-0.00222194
-0.00216493
-0.00210794
-0.00217184
-0.00223184
-0.00229193
-0.00235738
-0.00242493
-0.00249237
-0.00251031
-0.00245565
-0.00240334
-0.00235098
-0.00231629
-0.00228106
-0.00224588
-0.0022706
-0.00231907
-0.00236676
-0.00236986
-0.0023075
-0.00224726
-0.00218698
-0.00228796
-0.00238378
-0.00247969
-0.00252053
-0.00253952
-0.00255919
-0.00258526
-0.00262078
-0.00265598
-0.00269117
-0.002672
-0.00265455
-0.00263706
-0.00260488
-0.00256687
-0.00252907
-0.00245283
-0.00232018
-0.00218938
-0.00205862
-0.0022003
-0.00233333
-0.00246654
-0.00249701
-0.0024867
-0.00247767
-0.00248719
-0.00252396
-0.00255985
-0.00259575
-0.0025881
-0.00258183
-0.00257552
-0.00249479
-0.00238455
-0.0022753
-0.00223001
-0.00227858
-0.00232419
-0.00236986
-0.00243116
-0.00249193
-0.00255268
-0.00253124
-0.0024772
-0.0024242
-0.00237808
-0.00234208
-0.00230579
-0.00226953
-0.00220668
-0.0021447
-0.00208273
-0.00205845
-0.00204913
-0.00203936
-0.00206447
-0.00214079
-0.00221546
-0.00229014
-0.00230406
-0.00231985
-0.00233557
-0.00209124
-0.00174371
-0.0013996
-0.00116519
-0.00109186
-0.00101359
-0.000935521
-0.000909496
-0.000881874
-0.00085432
-0.000639074
-0.000349346
-6.21005e-05
7.75487e-05
4.97852e-07
-6.98109e-05
-0.000140285
-4.91865e-05
3.68685e-05
0.000123026
0.000131921
0.000110114
8.92677e-05
0.000113251
0.000203086
0.000290838
0.0003786
0.000307696
0.000241718
0.000175629
0.000272654
0.00043447
0.000594196
0.000688336
0.000686137
0.000686897
0.000687565
0.000360965
4.46038e-05
-0.000271877
-0.000275376
-0.000154455
-3.74205e-05
0.000106348
0.000289226
0.000470796
0.000652294
0.00041387
0.000188434
-3.7262e-05
-0.000123429
-0.000154089
-0.000186426
-8.50266e-05
0.000212665
0.000504186
0.000795717
0.000337444
-9.76894e-05
-0.000533263
-0.000694519
-0.000746623
-0.00080202
-0.000689361
-0.000330079
2.14813e-05
0.000373063
-2.102e-05
-0.000392198
-0.000763847
-0.000932929
-0.00102137
-0.00111221
-0.00105972
-0.000796853
-0.000540529
-0.000284163
-0.000482907
