0
0.0130051
0.0121668
0.0127276
0.0131712
0.0135575
0.0138484
0.0141468
0.0143334
0.0135341
0.0128176
0.0120955
0.012422
0.0129232
0.0134091
0.0137513
0.0138888
0.0140429
0.0141252
0.0135823
0.0130916
0.0125974
0.0128618
0.0132529
0.013633
0.0137989
0.0136604
0.013547
0.013383
0.0127863
0.0122258
0.0116632
0.0113793
0.0111427
0.0109025
0.0112205
0.0123282
0.0133702
0.0142008
0.0131122
0.0121801
0.0112369
0.0107575
0.0103567
0.00995033
0.0100393
0.0108291
0.0115614
0.0122506
0.0125228
0.012828
0.01313
0.0123508
0.0113891
0.0104435
0.00967997
0.00917572
0.00865166
0.00821238
0.00850792
0.00874467
0.0089857
0.0099562
0.0110498
0.0121319
0.0123422
0.0113153
0.0103877
0.009474
0.00874335
0.00799943
0.00725773
0.00718312
0.00722262
0.0072531
0.00718298
0.00696911
0.00676684
0.00674654
0.00835396
0.00983171
0.0113173
0.0108111
0.00996411
0.009145
0.008437
0.00788933
0.00733005
0.00678619
0.00636469
0.00593436
0.00550538
0.00528806
0.00510742
0.00492424
0.00480845
0.00478796
0.00476015
0.00471286
0.00448659
0.00427444
0.00406153
0.00495127
0.00603038
0.0070933
0.00794036
0.00847965
0.00904167
0.00943962
0.00839731
0.00746653
0.00652867
0.00586564
0.00525086
0.00463334
0.00422282
0.00410574
0.00396655
0.00381868
0.00357658
0.00334198
0.00310717
0.00329509
0.00355628
0.00381155
0.00445537
0.00565123
0.00680369
0.00786823
0.00813335
0.00845817
0.00877803
0.00843064
0.00796716
0.00751309
0.00686338
0.00593609
0.00503094
0.00420658
0.00410658
0.00395268
0.00380303
0.00373064
0.00367193
0.00361229
0.00421536
0.00576137
0.00723509
0.00854472
0.00836044
0.00828709
0.00820564
0.00792318
0.00760561
0.0072911
0.00670622
0.00573654
0.00479665
0.00391664
0.00357938
0.0032027
0.00282948
0.00275442
0.00273201
0.00270578
0.00270352
0.00273499
0.00276393
0.00276534
0.00251973
0.00229251
0.00206428
0.00326388
0.00471434
0.00614443
0.0069367
0.00681902
0.0067676
0.0066237
0.00569761
0.00482954
0.00395852
0.003339
0.00276465
0.00218787
0.00186193
0.00189284
0.00189799
0.00190957
0.0019619
0.00201123
0.0020607
0.00179779
0.00147966
0.00116595
0.000952573
0.000882517
0.000802303
0.000719029
0.000601003
0.000485627
0.000370228
0.000502921
0.00067968
0.000853048
0.000845772
0.000580591
0.000334116
0.000119161
0.000194552
0.000249243
0.000305324
8.81916e-05
-0.000177508
-0.000439397
-0.0005898
-0.000580901
-0.000583258
-0.000573919
-0.000467396
-0.000367868
-0.000267987
-0.000225383
-0.000193082
-0.000160102
-0.000167621
-0.000232852
-0.000293948
-0.000342515
-0.00027738
-0.000220287
-0.000162712
-9.75135e-06
0.000160198
0.000328725
0.00100696
0.00241298
0.0037664
0.00498293
0.00496021
0.00502358
0.00508089
0.00472418
0.00429314
0.00386784
0.00344396
0.00302243
0.00260131
0.0021931
0.0018956
0.00159088
0.00128708
0.00130238
0.00137533
0.00144421
0.00140505
0.00121114
0.00102811
0.000963265
0.00195777
0.00287835
0.00380272
0.00437561
0.0048843
0.00539668
0.00550026
0.00502022
0.00458062
0.0041496
0.00381512
0.00347453
0.00313482
0.00275922
0.00237751
0.00199674
0.00173559
0.00164535
0.00154366
0.00148491
0.00180136
0.00209203
0.00238405
0.00342713
0.00460592
0.00577398
0.00619315
0.00554084
0.00496147
0.00435253
0.00351743
0.00269863
0.00187984
0.00157153
0.0013567
0.0011359
0.00095512
0.00083085
0.000702971
0.000600589
0.000722246
0.000828806
0.000936229
0.000879393
0.000792573
0.000707862
0.000550354
0.000288807
3.45104e-05
-0.000187979
-0.000124915
-8.08445e-05
-3.55758e-05
-6.62745e-05
-0.000110856
-0.000154462
-0.000162636
-0.000120013
-8.07946e-05
-5.41797e-05
-0.000141678
-0.000221554
-0.000301826
-0.000410872
-0.000525106
-0.00063885
-0.000284203
0.000741236
0.0017214
0.00264137
0.00300757
0.00340947
0.00380852
0.00355673
0.0031852
0.00282196
0.00245636
0.00208794
0.00172018
0.00137059
0.00117976
0.000978869
0.000778893
0.000706183
0.000657066
0.000606484
0.00049736
0.000304167
0.000116659
-5.68803e-05
-0.000104329
-0.000159852
-0.000214782
-0.000382007
-0.000569849
-0.000756123
-0.000830079
-0.000742998
-0.000666371
-0.00060162
-0.00064815
-0.000687487
-0.000727234
-0.000859294
-0.00100836
-0.00115615
-0.000838714
0.000145847
0.00108658
0.00198813
0.00252426
0.00308298
0.00363956
0.0035694
0.00338275
0.00320373
0.0028567
0.00226931
0.0016979
0.00115693
0.000891078
0.000608146
0.000326652
0.000436183
0.000618501
0.000795995
0.000800736
0.000557279
0.000329768
0.00011337
2.95929e-06
-0.000113979
-0.00023036
-0.000359976
-0.000491933
-0.000623578
-0.000714979
-0.000748676
-0.000785945
-0.000801136
-0.000621543
-0.000454349
-0.000286589
-0.000264258
-0.000269156
-0.00027235
-1.66515e-05
0.000610858
0.00121445
0.00181689
0.00240171
0.00298689
0.00357133
0.00334932
0.00297626
0.00261303
0.0021962
0.00170308
0.00121529
0.000759427
0.000586842
0.000396983
0.000208425
0.000181391
0.000184757
0.000186247
0.000102838
-0.000102689
-0.000300457
-0.000478728
-0.000480512
-0.000493122
-0.000505052
-0.00054698
-0.000594508
-0.000641635
-0.000679702
-0.000704743
-0.00073055
-0.000762754
-0.000852767
-0.000939146
-0.00102564
-0.000965122
-0.000876921
-0.000790512
-0.000801732
-0.000953367
-0.00109629
-0.00109155
0.000235614
0.00148102
0.00272988
0.0031283
0.00336564
0.00361243
0.00358836
0.00317592
0.00278742
0.00239117
0.00193494
0.00148287
0.0010311
0.000775201
0.000591504
0.000403688
0.000286234
0.000269466
0.000246679
0.000234999
0.000319077
0.000397321
0.00047582
0.00143601
0.00256267
0.00367803
0.00423685
0.00399486
0.00380091
0.00356532
0.00298164
0.00241937
0.0018565
0.00142044
0.00103138
0.000639994
0.000403153
0.000388204
0.00036012
0.000312023
7.7859e-05
-0.000145018
-0.000368298
-0.000410762
-0.000386533
-0.000366269
-0.00044019
-0.00064998
-0.000851516
-0.00102225
-0.000915285
-0.000824782
-0.000733417
-0.000726038
-0.00073468
-0.000742372
-0.000804245
-0.000944024
-0.00107908
-0.00120229
-0.00121847
-0.00124089
-0.00126292
-0.0013821
-0.00153708
-0.0016898
-0.00175977
-0.00171052
-0.00166827
-0.0016198
-0.00151902
-0.0014214
-0.0013237
-0.000563694
0.00044073
0.00142981
0.00195768
0.00182062
0.00172222
0.00159103
0.00118604
0.000797339
0.000408146
0.000237288
0.00014734
5.28307e-05
-2.87319e-05
-9.20941e-05
-0.000156431
-0.000226192
-0.000345515
-0.000461853
-0.000578229
-0.000695866
-0.000813894
-0.000931763
-0.00105298
-0.00117907
-0.00130474
-0.00142654
-0.00151461
-0.00160451
-0.0016942
-0.00166113
-0.00158255
-0.00150666
-0.00154949
-0.00176361
-0.00196773
-0.00214679
-0.0020986
-0.00206338
-0.00202747
-0.0020065
-0.00199108
-0.00197537
-0.00196449
-0.00196057
-0.00195625
-0.00194748
-0.00189866
-0.00185215
-0.00180557
-0.000873389
0.000387145
0.00162775
0.00236001
0.0023584
0.00239809
0.002386
0.00193234
0.001504
0.00107472
0.000654231
0.000237263
-0.000179435
-0.000417088
-0.000396761
-0.000390894
-0.000397897
-0.000527162
-0.000649452
-0.000771995
-0.000823747
-0.000849133
-0.00087596
-0.000914831
-0.000971211
-0.00102655
-0.00107812
-0.00109591
-0.00111555
-0.00113507
-0.00117386
-0.0012198
-0.00126529
-0.00132889
-0.00141859
-0.00150676
-0.00144497
-4.28431e-05
0.00128368
0.00261291
0.00294713
0.00291036
0.00289408
0.00270238
0.00225924
0.00183042
0.00141896
0.00116592
0.000904458
0.000643745
0.00041704
0.000203179
-1.11509e-05
-0.000152161
-0.000187503
-0.00022859
-0.000260664
-0.00021535
-0.000174314
-0.000133089
-0.000180156
-0.00026015
-0.000338261
-0.000444793
-0.000592244
-0.000737307
-0.00087149
-0.000908501
-0.000950753
-0.000992674
-0.000155708
0.00100911
0.00215489
0.00285108
0.00289719
0.00297843
0.00302307
0.00275815
0.00251024
0.00226169
0.00187849
0.00144516
0.00101501
0.000716487
0.0006081
0.00048959
0.000381932
0.000365368
0.000343924
0.000322765
0.000140516
-0.000101895
-0.000340819
-0.000497782
-0.000536198
-0.000580923
-0.000614575
-0.000552646
-0.000495895
-0.000438928
0.000276447
0.00123796
0.00218531
0.00277427
0.00284477
0.00294283
0.00300705
0.00278289
0.00257431
0.00236513
0.0020828
0.00177322
0.00146541
0.00115848
0.000852796
0.000547367
0.000265157
0.000188093
0.000100257
1.30826e-05
-0.000151097
-0.000344044
-0.000535269
-0.000595256
-0.000465515
-0.000345913
-0.000245954
-0.000325431
-0.00039538
-0.000465756
-0.000519767
-0.000567612
-0.000615731
-0.000652331
-0.000672327
-0.000693172
-0.000729918
-0.000909412
-0.00108124
-0.0012533
-0.00105403
-0.000715399
-0.000384407
3.77853e-05
0.000591425
0.00113763
0.00163396
0.00168541
0.00175998
0.00183327
0.00165105
0.00137287
0.00109996
0.000836512
0.000587004
0.000337032
9.66576e-05
-6.01749e-05
-0.000221173
-0.000381789
-0.000422875
-0.000418963
-0.000417382
-0.000468301
-0.000595344
-0.000718325
-0.000844802
-0.00100166
-0.0011568
-0.00131186
-0.00121901
-0.00103289
-0.000851761
-0.000573964
-0.000156601
0.000253165
0.000682468
0.00128636
0.00188067
0.00247487
0.00254925
0.00242776
0.00231642
0.00210858
0.0017618
0.00142248
0.00108192
0.000730917
0.000380806
3.10056e-05
3.50571e-06
9.75274e-05
0.000185266
0.00023684
0.000235638
0.00023712
0.000233976
0.000190698
0.000149502
0.000108242
0.000310285
0.000603993
0.000892759
0.00128705
0.00183386
0.0023724
0.00286037
0.00289669
0.00295578
0.00301366
0.00270899
0.0022676
0.00183355
0.00145086
0.00114287
0.000831432
0.000543927
0.000466428
0.000378453
0.000291093
0.000249767
0.000225867
0.000201118
0.000233548
0.000348706
0.000459607
0.000630915
0.00134151
0.00202442
0.00270804
0.00301415
0.00317739
0.00334761
0.00338914
0.00324489
0.00311004
0.00297439
0.00283473
0.0026954
0.0025562
0.00243409
0.00231852
0.00220274
0.00234514
0.00286151
0.00335882
0.00381948
0.00394773
0.00409231
0.00423594
0.00394315
0.00348533
0.00303611
0.00262641
0.0022744
0.0019199
0.00157942
0.00136059
0.00113599
0.00091189
0.000728944
0.000561698
0.000393845
0.000257756
0.00016757
7.52193e-05
5.31989e-05
0.000658644
0.00123274
0.0018078
0.00218522
0.00248755
0.00279325
0.00285725
0.00257132
0.00230276
0.0020221
0.00163863
0.00126055
0.000882584
0.000746748
0.000702815
0.000654451
0.000563881
0.000411781
0.000262819
0.000123455
7.01691e-05
1.2756e-05
-4.44011e-05
-9.04414e-05
-0.000132232
-0.000174189
-0.000231358
-0.000310617
-0.00038873
-0.000464306
-0.000517291
-0.000571316
-0.000625238
-0.000488876
-0.000280335
-7.54741e-05
0.000325058
0.00100918
0.00167898
0.00227429
0.00220212
0.00216212
0.0021206
0.002008
0.00186841
0.00173026
0.00154799
0.00130177
0.00105884
0.00081026
0.000510618
0.000213705
-8.30533e-05
-0.000232004
-0.000324677
-0.000419948
-0.000523105
-0.000637932
-0.000752092
-0.00086386
-0.000954809
-0.00104666
-0.00113838
-0.00109584
-0.00100224
-0.000911155
-0.000890864
-0.000973422
-0.00105102
-0.00111082
-0.00100983
-0.000916568
-0.000823023
-0.000841006
-0.000901424
-0.000959778
-0.00101989
-0.00108245
-0.00114483
-0.00112197
-0.000336914
0.000411453
0.00116084
0.0014323
0.00152161
0.00161941
0.00164713
0.00157379
0.00150526
0.00143941
0.001399
0.00135743
0.00131596
0.00117611
0.000998851
0.000823508
0.000634614
0.000426102
0.000218703
1.37349e-05
-0.000170568
-0.000355663
-0.000540549
-0.000755127
-0.000980907
-0.00120595
-0.00130199
-0.00121077
-0.00112836
-0.00106298
-0.00115312
-0.00123594
-0.00131903
-0.00137431
-0.00141896
-0.00146406
-0.00149616
-0.00150944
-0.00152357
-0.00153121
-0.0014811
-0.00143372
-0.00138625
-0.00138979
-0.0014128
-0.00143489
-0.00143685
-0.00140951
-0.00138355
-0.0013613
-0.00137254
-0.00138224
-0.00139199
-0.00140587
-0.00142132
-0.00143668
-0.00119512
-0.000580392
1.66283e-05
0.000568458
0.000712945
0.000875985
0.00103802
0.00118801
0.00133329
0.00147865
0.00159891
0.00168279
0.00176825
0.00183205
0.00170334
0.00158354
0.00146345
0.00158759
0.00180506
0.00201807
0.00220404
0.0023505
0.00249862
0.00260165
0.00230287
0.00202262
0.00174179
0.00136641
0.000955036
0.00054567
0.000255873
0.000139769
1.59007e-05
-9.67346e-05
-0.000112895
-0.000133406
-0.000153702
0.00030312
0.000942352
0.00157277
0.00196223
0.0020012
0.00205595
0.00207529
0.00178453
0.00150801
0.00123109
0.000913001
0.000579294
0.000246589
7.8387e-06
-9.4429e-05
-0.000202733
-0.000296477
-0.000263109
-0.000235471
-0.000207601
-0.000275139
-0.000379198
-0.00048153
-0.000538833
-0.000530609
-0.000525321
-0.000526099
-0.000582314
-0.000636005
-0.00068976
-0.000629234
-0.000524922
-0.000422655
-0.000421893
-0.000568802
-0.000709008
-0.000844245
-0.000933324
-0.00102438
-0.00111526
-0.00102912
-0.000875124
-0.000724272
-0.000332065
0.000410959
0.00113778
0.00177934
0.00165641
0.00156742
0.001477
0.00116718
0.000773278
0.000383439
7.1362e-05
-0.000127527
-0.000331233
-0.000504744
-0.000411322
-0.000329742
-0.000247712
0.000254305
0.000917358
0.00157275
0.00202064
0.0021665
0.00232549
0.00241021
0.0018363
0.00129178
0.000746447
0.00039872
0.000127073
-0.000147668
-0.00037323
-0.000527573
-0.000684895
-0.000841595
-0.000994996
-0.00114841
-0.00130168
-0.00134625
-0.00134901
-0.00135358
-0.00138871
-0.0014684
-0.00154609
-0.00161242
-0.00157685
-0.00154574
-0.00151446
-0.00146964
-0.00141964
-0.0013699
-0.0013612
-0.00141224
-0.00146064
-0.00150986
-0.00156567
-0.00162114
-0.00167659
-0.00169836
-0.00170716
-0.00171652
-0.00169727
-0.00163641
-0.0015774
-0.00151836
-0.00175023
-0.00196937
-0.00218887
-0.0021003
-0.00189319
-0.00169135
-0.00157543
-0.00158479
-0.00158876
-0.00159296
-0.00108336
-0.000596249
-0.00010859
0.000329508
0.000748314
0.00116759
0.00148258
0.00164599
0.00181575
0.00198509
0.00196275
0.00194862
0.00193415
0.00199398
0.0020824
0.00216953
0.00217127
0.00204866
0.00193146
0.00181412
0.00202088
0.00221367
0.0024069
0.00256115
0.00270032
0.00284002
0.00286694
0.00272976
0.00259965
0.00246936
0.00232097
0.00217347
0.00202607
0.00168121
0.00126036
0.000843077
0.000573878
0.000520372
0.000457799
0.000395661
0.000373813
0.000350284
0.000326845
0.00018985
9.10232e-06
-0.00016965
-0.000308002
-0.000387463
-0.000469334
-0.000551035
-0.000427634
-0.000312955
-0.000198006
-0.000270174
-0.000414541
-0.00055576
-0.000674046
-0.000758792
-0.000844872
-0.000930824
-0.000939521
-0.000951443
-0.00096322
-0.00101224
-0.00107562
-0.00113834
-0.00118504
-0.00120837
-0.00123266
-0.00125689
-0.00137283
-0.00148485
-0.00159694
-0.00155086
-0.00144369
-0.00133914
-0.0012422
-0.00115648
-0.00107036
-0.000984326
-0.000949752
-0.000913071
-0.000876508
-0.00099651
-0.00117699
-0.00135481
-0.00146464
-0.00147531
-0.00149008
-0.00150467
-0.0015999
-0.00169172
-0.00178361
-0.00182988
-0.00185848
-0.00188779
-0.00188853
-0.00184772
-0.00180864
-0.00176953
-0.00168433
-0.0016011
-0.00151786
-0.00143294
-0.00134741
-0.00126197
-0.00126848
-0.00140895
-0.00154382
-0.0016788
-0.00169743
-0.0017208
-0.00174397
-0.00161859
-0.00143576
-0.00125543
-0.000982552
-0.000574856
-0.000173003
0.000228761
0.000441174
0.000661143
0.000880624
0.000963261
0.000992854
0.00102458
0.00118328
0.00152722
0.00186334
0.0021995
0.00216275
0.0021412
0.00211904
0.00214689
0.0021941
0.00224049
0.00221614
0.00208861
0.00196536
0.00184205
0.00161555
0.00139342
0.0011713
0.001151
0.00120895
0.00126369
0.00128551
0.00125916
0.00123478
0.00121034
0.00103115
0.00085834
0.000685413
0.00042802
0.000137991
-0.000150491
-0.000293719
-0.000225135
-0.000165124
-0.000104816
-0.000340952
-0.000564994
-0.000789341
-0.000874749
-0.000906223
-0.000939833
-0.00100498
-0.00111627
-0.00122562
-0.00133496
-0.0012294
-0.00113253
-0.00103538
-0.001046
-0.00109843
-0.00114914
-0.00124106
-0.00139299
-0.00154241
-0.00169181
-0.00160909
-0.00153568
-0.00146197
-0.00139085
-0.00132078
-0.00125072
-0.00124425
-0.00133051
-0.00141303
-0.00149563
-0.00141597
-0.00134281
-0.00126945
-0.00128363
-0.0013318
-0.00137859
-0.00140478
-0.00140086
-0.00139814
-0.00139536
-0.00143207
-0.00146718
-0.00150233
-0.00149975
-0.00148251
-0.00146586
-0.00146286
-0.0014798
-0.00149594
-0.0015121
-0.00162544
-0.00173487
-0.00184437
-0.00192373
-0.00199135
-0.00205938
-0.00209692
-0.00209
-0.00208483
-0.0020796
-0.00210395
-0.00212713
-0.00215033
-0.00215024
-0.00214109
-0.00213231
-0.00212269
-0.00211188
-0.00210112
-0.00209038
-0.00212906
-0.00216578
-0.00220254
-0.00224177
-0.00228192
-0.00232202
-0.00225471
-0.00203065
-0.00181287
-0.00159502
-0.00124311
-0.000896692
-0.00055033
-0.000478046
-0.000512468
-0.000542718
-0.000598775
-0.000692274
-0.000784248
-0.00087621
-0.000242509
0.000362574
0.000968298
0.00113975
0.00114206
0.00115091
0.00120536
0.00132676
0.00144547
0.0015642
0.00147357
0.00139109
0.00130836
0.00139756
0.00155369
0.00170711
0.00171402
0.00150689
0.00130817
0.00110927
0.00109085
0.0010655
0.00104043
0.000892273
0.000696222
0.000502162
0.000446479
0.000592907
0.000731471
0.00087023
0.000899422
0.00093279
0.000965973
0.000676732
0.000261931
-0.000147748
-0.000397544
-0.000413702
-0.000438776
-0.00046349
-0.000582702
-0.000698216
-0.000813784
-0.000904991
-0.000986659
-0.00106863
-0.00113025
-0.00116219
-0.00119524
-0.00122822
-0.0012046
-0.00118315
-0.00116163
-0.00123443
-0.00134398
-0.00145206
-0.00151904
-0.00152597
-0.00153516
-0.00154427
-0.00164553
-0.00174323
-0.00184099
-0.00190014
-0.00194419
-0.00198878
-0.00203321
-0.00207744
-0.00212165
-0.00216583
-0.00209929
-0.00203697
-0.00197454
-0.00205294
-0.00218627
-0.00231744
-0.00238716
-0.00236702
-0.00235029
-0.00233343
-0.00232749
-0.00232114
-0.00231482
-0.00224474
-0.00214981
-0.00205588
-0.00206686
-0.00223115
-0.00238958
-0.0025481
-0.00241859
-0.00229996
-0.00218101
-0.00216537
-0.00219008
-0.00221327
-0.0022494
-0.00230436
-0.00235858
-0.00241278
-0.00238837
-0.00236691
-0.00234535
-0.00233567
-0.00233065
-0.00232545
-0.00222392
-0.00198159
-0.00174468
-0.00150775
-0.00145064
-0.00138688
-0.00132342
-0.00128128
-0.00124748
-0.0012134
-0.00115314
-0.00105458
-0.000957517
-0.000860468
-0.000446082
-4.37557e-05
0.000358719
0.000585823
0.000744247
0.000905093
0.00102375
0.00108094
0.00114036
0.00119966
0.00125072
0.00130205
0.00135333
0.00141943
0.00149131
0.00156292
0.00151314
0.00128592
0.0010654
0.0008448
0.000830313
0.000808258
0.000786498
0.000695387
0.000577177
0.000460048
0.00044887
0.000592614
0.000730571
0.00086864
0.000887691
0.000911088
0.000934309
0.000925685
0.000904595
0.000883977
0.000808544
0.000652982
0.000500461
0.00034794
0.00011109
-0.000122509
-0.000356057
-0.000146163
0.000237316
0.00061419
0.000720709
0.000431661
0.000157223
-0.000117546
-0.000216639
-0.000322047
-0.00042715
-0.00030095
-8.41789e-05
0.000129146
0.000244186
0.000215378
0.000191808
0.000168066
-7.82598e-05
-0.000316342
-0.000554551
-0.000607494
-0.00058781
-0.000570768
-0.000614269
-0.000746454
-0.000875338
-0.00100425
-0.00104738
-0.00109358
-0.00113964
-0.00123158
-0.00134147
-0.00145063
-0.00150669
-0.00148505
-0.00146623
-0.00144733
-0.00148347
-0.00151761
-0.00155179
-0.00147692
-0.0013593
-0.00124331
-0.00119211
-0.00123575
-0.00127595
-0.00131625
-0.00137409
-0.00143126
-0.00148842
-0.00151894
-0.001539
-0.00155942
-0.00159724
-0.00166054
-0.00172288
-0.00178521
-0.00169573
-0.00161174
-0.00152761
-0.00160632
-0.00174888
-0.00188907
-0.00196839
-0.00195857
-0.00195194
-0.00194519
-0.00191885
-0.00189322
-0.00186759
-0.0018201
-0.00176404
-0.00170833
-0.00167338
-0.00166881
-0.00166316
-0.00165755
-0.00182378
-0.0019838
-0.00214392
-0.00218592
-0.00218151
-0.00217875
-0.00208683
-0.00186454
-0.00164702
-0.00142949
-0.00154807
-0.0016547
-0.00176167
-0.00168804
-0.0015435
-0.00140156
-0.00125472
-0.00110078
-0.000947203
-0.000793719
-0.000463687
-0.000140104
0.000183478
-8.43002e-05
-0.000584343
-0.00107587
-0.0011958
-0.000771591
-0.00036679
3.84077e-05
-3.85829e-05
-9.86005e-05
-0.000159171
-0.000157204
-0.000130664
-0.000105004
-0.000119202
-0.000191781
-0.000262265
-0.000332774
-0.000384247
-0.00043635
-0.000488394
-0.000551522
-0.000618981
-0.000686242
-0.000805613
-0.00100128
-0.00119415
-0.00138699
-0.00136288
-0.00134635
-0.00132957
-0.00133719
-0.00135439
-0.00137124
-0.0013707
-0.00134467
-0.00131955
-0.00129442
-0.00140115
-0.00150323
-0.0016054
-0.00163463
-0.00163515
-0.00163667
-0.00167034
-0.00175114
-0.00183025
-0.00190937
-0.00188395
-0.00186215
-0.00184025
-0.00182057
-0.00180177
-0.00178295
-0.00181963
-0.00193757
-0.00205263
-0.00216771
-0.00212746
-0.00209258
-0.00205755
-0.00200792
-0.00195257
-0.00189746
-0.00185235
-0.00182189
-0.00179095
-0.00176004
-0.00178967
-0.00181719
-0.00184477
-0.00187597
-0.00190858
-0.00194112
-0.00195347
-0.00193624
-0.00192003
-0.0019038
-0.00194523
-0.00198466
-0.00202412
-0.00201057
-0.00197613
-0.00194244
-0.00193769
-0.00197539
-0.00201161
-0.00204786
-0.0018928
-0.00174438
-0.00159584
-0.00126508
-0.000862659
-0.000462952
-0.000248662
-0.000305964
-0.00035398
-0.000402279
-0.00019841
-3.25653e-06
0.00019206
0.000324511
0.000432134
0.000540527
0.000588377
0.000547617
0.000509891
0.000472088
0.000472183
0.000470992
0.000469846
0.000415525
0.000340261
0.000265756
0.000221244
0.000220685
0.00021864
0.000216647
0.000174653
0.000134039
9.34059e-05
-0.000107615
-0.000371814
-0.000633703
-0.000671693
-0.000381621
-0.000102802
0.000176208
-0.000113927
-0.000384703
-0.000655949
-0.000767834
-0.000816814
-0.000867877
-0.000904767
-0.000921013
-0.000937941
-0.000954835
-0.000973275
-0.00099165
-0.00101002
-0.00105824
-0.00111824
-0.0011778
-0.00118025
-0.001099
-0.00102061
-0.00094218
-0.000964765
-0.000983956
-0.00100325
-0.0010842
-0.00118947
-0.00129385
-0.00136511
-0.0013878
-0.00141209
-0.00143632
-0.00147545
-0.00151406
-0.00155266
-0.00150927
-0.00143352
-0.0013589
-0.00135096
-0.00144079
-0.00152731
-0.00161388
-0.00164471
-0.00167737
-0.00170995
-0.00165306
-0.00156087
-0.00146991
-0.00146786
-0.00159617
-0.00172007
-0.00184403
-0.00196679
-0.00208951
-0.00221214
-0.00215641
-0.00203024
-0.00190647
-0.00184955
-0.00189067
-0.00192852
-0.00196646
-0.00193355
-0.00190299
-0.00187238
-0.00194043
-0.00204745
-0.00215311
-0.00219544
-0.00214488
-0.00209742
-0.00204989
-0.00203283
-0.00201478
-0.00199677
-0.00203805
-0.00210274
-0.00216662
-0.00216016
-0.00205055
-0.0019444
-0.00183821
-0.00193948
-0.00203388
-0.00212845
-0.00223338
-0.00234236
-0.00245114
-0.00248382
-0.00240494
-0.00232977
-0.00225452
-0.00228992
-0.00232169
-0.00235355
-0.00234244
-0.00231433
-0.0022868
-0.00220586
-0.00204662
-0.00189004
-0.00173347
-0.0015119
-0.00129258
-0.00107334
-0.000893591
-0.000729539
-0.000565084
-0.000441384
-0.000377374
-0.000311466
-0.000245662
-0.000255593
-0.000263058
-0.000270599
-0.000139104
4.73598e-05
0.00023192
0.000250581
2.59238e-05
-0.000190706
-0.000407456
-0.000196259
9.50819e-07
0.000198486
0.000116668
-7.5691e-05
-0.000264353
-0.000366713
-0.000342388
-0.00032217
-0.000301832
-0.000597697
-0.00088317
-0.00116879
-0.00118139
-0.00108587
-0.000993902
-0.000953763
-0.000989784
-0.00102333
-0.00105694
-0.00112277
-0.00118752
-0.00125227
-0.00131289
-0.00137184
-0.00143082
-0.00150754
-0.00161031
-0.00171218
-0.00181401
-0.00181308
-0.00181544
-0.00181769
-0.00179617
-0.00176523
-0.00173462
-0.00174353
-0.00181043
-0.00187544
-0.00194046
-0.00200749
-0.00207441
-0.0021413
-0.00213296
-0.00209483
-0.00205766
-0.00203182
-0.00202262
-0.00201289
-0.00200319
-0.00208588
-0.00216558
-0.00224532
-0.00226965
-0.00227201
-0.00227507
-0.00225561
-0.00220316
-0.00215179
-0.00210042
-0.00210523
-0.00210826
-0.00211134
-0.00212922
-0.00215297
-0.00217651
-0.00219789
-0.00221609
-0.00223437
-0.00225265
-0.00227821
-0.00230353
-0.00232885
-0.00234341
-0.00235371
-0.00236413
-0.00235991
-0.00233422
-0.00230922
-0.00228421
-0.0022881
-0.00229108
-0.00229409
-0.00230913
-0.00232894
-0.00234858
-0.00229757
-0.00214288
-0.00199154
-0.0018402
-0.00194256
-0.00203688
-0.0021314
-0.00214185
-0.00211895
-0.00209712
-0.00210285
-0.00214909
-0.00219403
-0.00223899
-0.00228344
-0.00232787
-0.00237228
-0.0023449
-0.00228903
-0.00223408
-0.00223062
-0.00230273
-0.00237243
-0.00244217
-0.00245154
-0.00246279
-0.00247398
-0.00243481
-0.00237567
-0.00231719
-0.00226823
-0.00223328
-0.0021979
-0.00216256
-0.00216771
-0.0021716
-0.00217552
-0.00206254
-0.0019032
-0.0017454
-0.00168506
-0.0017678
-0.00184605
-0.00192439
-0.00183005
-0.00174112
-0.00165208
-0.00137482
-0.00102289
-0.000673501
-0.000511246
-0.000623699
-0.000727569
-0.000831641
-0.000768099
-0.000709785
-0.000651345
-0.000584414
-0.000514131
-0.000443995
-0.000426752
-0.00048714
-0.000545092
-0.000603084
-0.000509421
-0.000420498
-0.000331483
-0.000315806
-0.000329274
-0.000341835
-0.000427497
-0.000620442
-0.000809965
-0.000999476
-0.00107448
-0.00115296
-0.00123128
-0.0013187
-0.00140969
-0.00150052
-0.00141815
-0.0010815
-0.000752866
-0.000424189
-0.000659162
-0.000876701
-0.00109464
-0.00126301
-0.00141163
-0.00156076
-0.00164455
-0.00163247
-0.00162334
-0.00161412
-0.00171217
-0.00180688
-0.00190163
-0.00186602
-0.00177858
-0.00169278
-0.00165759
-0.00169676
-0.00173364
-0.00177057
-0.00176983
-0.00177024
-0.00177061
-0.00184207
-0.00194179
-0.00204059
-0.002083
-0.00204259
-0.00200472
-0.0019668
-0.00204474
-0.00211912
-0.00219356
-0.00220417
-0.00218937
-0.00217536
-0.00217684
-0.00220112
-0.0022247
-0.00224828
-0.00224505
