0
0.013803
0.0125141
0.0125057
0.012391
0.0123363
0.0123532
0.0123642
0.0123889
0.012532
0.0126651
0.0127988
0.0128063
0.0127927
0.0127808
0.012682
0.0124604
0.0122493
0.0120603
0.0120733
0.0120698
0.0120677
0.0120152
0.0119543
0.0118943
0.0118375
0.0117855
0.0117332
0.0117003
0.0118389
0.0119634
0.0120888
0.0118916
0.0116403
0.0113938
0.0112012
0.0110851
0.010963
0.0108595
0.0109154
0.0109583
0.0110021
0.0110521
0.0111031
0.0111539
0.0111227
0.0109752
0.0108373
0.0107061
0.0106401
0.010569
0.0104984
0.0103111
0.0101042
0.0098992
0.00985405
0.0100356
0.0101988
0.0103463
0.0103432
0.0103521
0.01036
0.0103844
0.0104115
0.0104383
0.0103353
0.010048
0.00977576
0.00952975
0.00952491
0.00950109
0.0094788
0.00969544
0.00995268
0.0102063
0.0102189
0.00988934
0.00958706
0.00932081
0.0093912
0.00943518
0.00948116
0.00941728
0.00933469
0.00925368
0.00912359
0.00892396
0.00873005
0.00854399
0.00842955
0.00830974
0.00819052
0.00826008
0.00836204
0.00846135
0.00847035
0.00835089
0.00824151
0.00812289
0.00792748
0.00773828
0.00754889
0.00786867
0.00827599
0.00867598
0.00878677
0.00848616
0.00821749
0.00795397
0.00775505
0.0075515
0.00734861
0.00722989
0.00712591
0.00702096
0.00711312
0.00748526
0.00783557
0.00811458
0.00774726
0.00742945
0.00710838
0.0069313
0.00677938
0.00662579
0.00664169
0.00689829
0.00713637
0.00729835
0.0067722
0.00629858
0.00582173
0.00618801
0.00670088
0.00720199
0.00720954
0.00651405
0.00587218
0.00530201
0.00539947
0.00544696
0.00549811
0.0059806
0.00653809
0.00708917
0.00709471
0.00632357
0.00561124
0.00494483
0.00471876
0.00446041
0.00420482
0.00512356
0.00624747
0.00735457
0.00764023
0.00675539
0.00595811
0.00520108
0.00485159
0.00447265
0.00409644
0.0048771
0.00586065
0.00682789
0.00712023
0.00645029
0.00585172
0.00527318
0.00491315
0.0045377
0.00416393
0.00393027
0.00372164
0.00351149
0.00396199
0.00535343
0.00667452
0.00775206
0.0066267
0.0056626
0.00468822
0.00409288
0.00356515
0.0030333
0.00272056
0.0027193
0.00269558
0.00281215
0.00416526
0.00542746
0.00669439
0.00619624
0.0053851
0.00459758
0.0039418
0.00347584
0.00299696
0.00256022
0.00248563
0.00238529
0.00228693
0.00329363
0.00449621
0.00568312
0.00606532
0.00529888
0.00461516
0.00397475
0.00376575
0.00352646
0.00328964
0.00289059
0.00246302
0.00203807
0.00228477
0.00348984
0.00462558
0.00561714
0.00529132
0.00505872
0.00481989
0.00447855
0.00411908
0.00376139
0.00331952
0.00275742
0.00220453
0.00169209
0.00154016
0.00136322
0.00118828
0.00237176
0.00379813
0.00520557
0.00586622
0.00545949
0.00512762
0.00477076
0.0042342
0.00371086
0.00318733
0.00270375
0.00222787
0.00175211
0.00172887
0.00235169
0.00292899
0.00353397
0.00436395
0.00517726
0.0059906
0.00562365
0.00504384
0.00447948
0.00391837
0.00336314
0.00280827
0.00228199
0.00200495
0.00171122
0.00141904
0.00192628
0.00257784
0.00321865
0.00385689
0.00449079
0.00512411
0.00563565
0.00506684
0.0045723
0.00407339
0.00345522
0.00281596
0.00217899
0.00171366
0.00149355
0.00125714
0.0011017
0.00165647
0.0021625
0.00267114
0.00339792
0.00416373
0.00492587
0.00505719
0.00428635
0.00357723
0.00288588
0.00238292
0.001868
0.00135456
0.00107063
0.000828893
0.000584656
0.000604513
0.00100183
0.00137339
0.00180444
0.00275493
0.00366953
0.0045853
0.00429401
0.00378218
0.00328569
0.0027003
0.00198885
0.00128672
0.000635737
0.000439486
0.000213379
-1.04518e-05
5.31426e-05
0.000169428
0.00028208
0.000833926
0.00201429
0.00315167
0.00413787
0.00376101
0.00347432
0.00318207
0.00271387
0.00221369
0.00171626
0.00127728
0.000921958
0.000561619
0.000242536
0.000285047
0.000303869
0.000324213
0.000359278
0.000397047
0.00043459
0.000835038
0.00175539
0.00264072
0.0034267
0.00331433
0.00326044
0.00320283
0.00275476
0.00223496
0.00172047
0.00129068
0.000982472
0.000666801
0.000384319
0.00039057
0.000378184
0.000367016
0.000574374
0.000822006
0.00106673
0.00144934
0.00202949
0.00259621
0.00307106
0.00272374
0.00242958
0.00213238
0.00182809
0.00152273
0.00121783
0.000999984
0.000906828
0.000805834
0.000707981
0.000632649
0.000555979
0.000479491
0.000830081
0.00125975
0.00168386
0.00209324
0.00248126
0.00287014
0.00317321
0.00271444
0.00230448
0.00189194
0.00177147
0.0017055
0.00163617
0.00149668
0.00125614
0.00102228
0.00078619
0.000531658
0.000278607
2.57812e-05
0.000910227
0.00200623
0.00308759
0.0035593
0.00315538
0.00280678
0.00245516
0.00210417
0.00175358
0.00140341
0.00117252
0.000964182
0.000754698
0.000572312
0.000428589
0.000282639
0.000187138
0.000539493
0.000863592
0.00118904
0.00167519
0.00219104
0.0027044
0.00278635
0.00224888
0.00175037
0.00128267
0.00110675
0.000913033
0.000720655
0.000623163
0.000543613
0.000463057
0.000353285
0.000201408
5.23058e-05
-0.000104788
-0.000333188
-0.000556934
-0.000780691
1.78555e-05
0.00100817
0.00198554
0.00239164
0.00197638
0.0016118
0.00126178
0.00106604
0.000861143
0.00065705
0.000415248
0.000166564
-8.13993e-05
-0.000300606
-0.000478571
-0.000658824
-0.000780062
-0.00037714
-6.47281e-06
0.000365699
0.000924602
0.00151832
0.00210922
0.00235489
0.00210441
0.00188417
0.00165686
0.00138058
0.00110759
0.000834731
0.000639033
0.000471841
0.000303138
0.000113616
-0.000106078
-0.000323698
-0.000418552
0.000582352
0.00151644
0.00245342
0.00244678
0.00226113
0.00208638
0.00191548
0.00175096
0.00158625
0.00140667
0.00109245
0.000786626
0.000480664
0.000298108
0.000161134
2.16161e-05
-0.000115427
-0.00024922
-0.000383046
-0.000518212
-0.000666626
-0.00081408
-0.000961417
-0.000288243
0.000687039
0.00164334
0.00202467
0.00157754
0.00117975
0.00077988
0.000383816
-1.20071e-05
-0.000407379
-0.000603071
-0.000760477
-0.000919945
-0.000965275
-0.000846595
-0.000737662
-0.000651184
-0.000769448
-0.000875601
-0.000982338
-0.00111486
-0.00125684
-0.0013981
-0.00153429
-0.0016632
-0.00179239
-0.00190491
-0.00186988
-0.00184347
-0.00181659
-0.00181505
-0.00182288
-0.00183016
-0.00186908
-0.00195353
-0.00203524
-0.00209582
-0.00196693
-0.00184913
-0.00173083
-0.00102588
-0.000104244
0.000803834
0.00129876
0.00119793
0.00113152
0.00104361
0.000780843
0.000528424
0.0002757
-5.17833e-05
-0.000406755
-0.000759743
-0.0010277
-0.00117317
-0.00132549
-0.00145573
-0.00139364
-0.00134261
-0.00129101
-0.00125894
-0.00123412
-0.00120891
-0.00122589
-0.00130361
-0.00137778
-0.00136969
-0.000625299
7.6411e-05
0.000779748
0.000939357
0.000897113
0.00086636
0.000755327
0.000529538
0.000310499
8.58518e-05
-0.000187468
-0.00045773
-0.000727859
-0.000741587
-0.000660065
-0.000584004
-0.000605374
-0.00076763
-0.000921775
-0.00107291
-0.00119442
-0.00131746
-0.00144027
-0.0015074
-0.00155378
-0.00160126
-0.00130911
-0.000527282
0.000226264
0.000900565
0.000859082
0.000857633
0.000853951
0.000710649
0.000515436
0.000323335
0.00012317
-8.84705e-05
-0.000299237
-0.000500003
-0.000612817
-0.000730392
-0.000847572
-0.000906064
-0.000942654
-0.000980418
-0.00103889
-0.00112736
-0.00121408
-0.0012065
-0.000355925
0.000447133
0.00125193
0.00136902
0.00122976
0.00110479
0.000844264
0.000389249
-5.45609e-05
-0.000445999
-0.000367642
-0.000315184
-0.000261362
-0.00032639
-0.000435677
-0.000542419
-0.000560183
-0.000449374
-0.000345724
-0.000188379
0.000446353
0.0010543
0.00166305
0.00166642
0.0014438
0.00123374
0.000932072
0.000499062
7.36723e-05
-0.000329707
-0.000536298
-0.000753359
-0.000969616
-0.000987847
-0.000932063
-0.000880352
-0.000653722
-0.000174821
0.000289903
0.000754564
0.00121577
0.00167667
0.00213709
0.00196709
0.00156146
0.00116897
0.000787313
0.000422134
5.64605e-05
-0.000296105
-0.000534867
-0.000779491
-0.00102354
-0.00114636
-0.00122374
-0.00130346
-0.00138558
-0.00147138
-0.00155689
-0.00153766
-0.000582657
0.000321287
0.00122699
0.00145726
0.00143448
0.00142523
0.00124137
0.000806301
0.000385079
-1.30435e-05
-0.000201597
-0.000401097
-0.000599804
-0.000789258
-0.000975112
-0.00116096
-0.0013061
-0.00139251
-0.00148194
-0.00156865
-0.0016333
-0.00169904
-0.00176466
-0.00147068
-0.00104202
-0.000620914
-0.000149964
0.000392659
0.000930931
0.00138693
0.00110973
0.000871414
0.000631303
0.000312585
-3.54868e-05
-0.000381651
-0.000683012
-0.000919633
-0.0011594
-0.00137859
-0.00141722
-0.00146528
-0.00151278
-0.0016146
-0.00173674
-0.0018577
-0.00193364
-0.00194449
-0.00195871
-0.00195599
-0.00180338
-0.00165873
-0.00151382
-0.00145195
-0.00142132
-0.0013891
-0.00112464
-0.000524178
5.82281e-05
0.000566092
0.000403771
0.000276343
0.000147239
-8.67205e-06
-0.000174613
-0.000339864
-0.000558225
-0.000853445
-0.00114439
-0.0014169
-0.00152498
-0.00164143
-0.00175732
-0.00156989
-0.00126837
-0.000973023
-0.000811031
-0.000842297
-0.000863604
-0.000896354
-0.00102701
-0.00115251
-0.00127815
-0.000838132
-0.000185281
0.00045601
0.000810791
0.000750409
0.000711303
0.000663162
0.00054367
0.00042794
0.000312137
0.00026956
0.000254611
0.00023827
0.000193025
0.00010583
2.08556e-05
-6.80669e-05
-0.000191978
-0.000313987
-0.000435969
-0.000496009
-0.000532648
-0.000570435
-0.000625924
-0.000707144
-0.000786981
-0.000778532
1.95201e-05
0.000776887
0.00153554
0.00165208
0.00152617
0.00141261
0.00138404
0.00147938
0.00156839
0.00161844
0.00131789
0.00103526
0.00075201
0.000610797
0.000523307
0.00043321
0.000299588
0.000102696
-9.08317e-05
-0.000238691
2.18928e-05
0.000261794
0.000502489
0.000902957
0.00136361
0.0018208
0.00194158
0.00157506
0.00123319
0.000897346
0.000623744
0.000347318
7.13069e-05
-4.50677e-05
-0.000100984
-0.000159847
-0.000180608
-0.00014642
-0.00011499
-1.78193e-05
0.000666419
0.00132092
0.00197624
0.00206848
0.00194756
0.00183729
0.00159072
0.00114741
0.000714245
0.000305111
0.000112038
-9.14881e-05
-0.000294299
-0.000472229
-0.000640621
-0.000809317
-0.000862873
-0.00074968
-0.000644785
-0.000485501
0.000157475
0.00077611
0.00139533
0.00156232
0.00155783
0.00156174
0.00140104
0.00100239
0.000615758
0.000239155
-4.54556e-05
-0.000334276
-0.000622609
-0.000725861
-0.000758855
-0.000795237
-0.000853834
-0.000944897
-0.00103429
-0.00109325
-0.000879875
-0.000679926
-0.000479519
1.6245e-05
0.000623825
0.0012254
0.00154845
0.00146753
0.00140623
0.00130824
0.000890149
0.000487921
8.53166e-05
-0.000200926
-0.000442836
-0.000686649
-0.000820899
-0.000796521
-0.000779803
-0.00077892
-0.000922888
-0.00105975
-0.00119683
-0.00105868
-0.000816034
-0.000578638
-0.000159836
0.000521811
0.00119021
0.00175498
0.00139202
0.00107379
0.000753728
0.000387417
3.68501e-06
-0.000378848
-0.000655772
-0.000779594
-0.000910599
-0.00103246
-0.00107661
-0.00112441
-0.001172
-0.00124484
-0.00132724
-0.00140911
-0.00143334
-0.00137395
-0.00131859
-0.00126577
-0.00123699
-0.00120711
-0.0011773
-0.00127844
-0.00142936
-0.00157779
-0.00141157
-0.000788635
-0.000187866
0.000362511
0.000457123
0.000573144
0.000688046
0.00064451
0.000540632
0.000439692
0.000224628
-0.000155909
-0.000528309
-0.000878723
-0.00103177
-0.00119395
-0.00135554
-0.00135943
-0.0013032
-0.00124984
-0.00123671
-0.00128215
-0.0013248
-0.00137579
-0.00150064
-0.00162193
-0.00174326
-0.00184937
-0.0019496
-0.00205002
-0.00211757
-0.00213744
-0.00215951
-0.00218947
-0.00229107
-0.00238925
-0.00248749
-0.00247646
-0.00242375
-0.00237301
-0.00210344
-0.00151621
-0.000944262
-0.000413142
-0.000249556
-6.91053e-05
0.000110398
0.000278063
0.000441102
0.000604203
0.00068765
0.000655499
0.000628712
0.0005619
0.000138936
-0.000267226
-0.000673788
-0.000910256
-0.00108164
-0.00125586
-0.00136179
-0.00136883
-0.00138041
-0.00140078
-0.00150178
-0.001599
-0.00169629
-0.00120947
-0.00049967
0.000199272
0.000731647
0.00102163
0.00132244
0.00159278
0.00159717
0.0016137
0.00162966
0.00169342
0.00177541
0.0018565
0.00177023
0.00144079
0.00112272
0.00080259
0.000466357
0.000131161
-0.000203778
-0.000462039
-0.000690825
-0.00092074
-0.00109213
-0.00117864
-0.00126893
-0.00128596
-0.0006495
-4.31898e-05
0.000563935
0.000965286
0.00128767
0.00161334
0.00164524
0.0012506
0.000875549
0.000514766
0.00028691
5.32714e-05
-0.000179896
-0.000378902
-0.000564711
-0.000750946
-0.000908667
-0.00102505
-0.00114319
-0.00120877
-0.000805475
-0.000423569
-4.10453e-05
0.000215576
0.00042383
0.000634063
0.00058424
0.000156597
-0.000253773
-0.000633322
-0.000732999
-0.000845081
-0.00095651
-0.000909503
-0.000801762
-0.000696824
-0.000659884
-0.000721949
-0.000779552
-0.00085361
-0.00107357
-0.00128684
-0.00150023
-0.0015731
-0.00159203
-0.00161334
-0.00126202
-0.000369014
0.000499198
0.00126803
0.0011436
0.0010588
0.000972325
0.00100132
0.00107458
0.00114582
0.00097039
0.0004361
-8.18882e-05
-0.000558346
-0.000660244
-0.000778553
-0.000896036
-0.000870413
-0.000789834
-0.000711742
-0.00064693
-0.000601562
-0.000555381
-0.000524006
-0.000624525
-0.000719172
-0.000813993
-0.000995416
-0.00121003
-0.00142299
-0.00158651
-0.00167809
-0.00177272
-0.00187328
-0.00202868
-0.00218156
-0.00233441
-0.00234337
-0.00229703
-0.00225313
-0.00225301
-0.0023167
-0.00237757
-0.00242935
-0.00239917
-0.00237259
-0.00234587
-0.0023481
-0.00236146
-0.00237432
-0.00238719
-0.00240005
-0.0024129
-0.00241933
-0.00236833
-0.00231985
-0.00227131
-0.00221351
-0.00215216
-0.00209103
-0.00206167
-0.00207856
-0.00209343
-0.00210838
-0.00220483
-0.00229769
-0.00239062
-0.00239759
-0.00237148
-0.0023468
-0.00228494
-0.00216902
-0.00205552
-0.00194202
-0.00165721
-0.00138
-0.0011027
-0.000612793
-4.12369e-05
0.000526331
0.000950584
0.0011662
0.00139056
0.00161436
0.00162742
0.00164948
0.00167113
0.00183407
0.00205138
0.00226618
0.00241755
0.00247652
0.00253937
0.002602
0.00277238
0.00293803
0.00310374
0.00322421
0.00332719
0.00343082
0.00357152
0.00376627
0.00395856
0.00415079
0.00412418
0.00410687
0.00408918
0.00386407
0.00355906
0.00325768
0.00306704
0.00303775
0.00300167
0.0029659
0.00282417
0.00268704
0.00254982
0.00210599
0.00154405
0.000987562
0.00056147
0.000325404
8.15418e-05
-0.000161787
-0.000124742
-9.9508e-05
-7.37993e-05
0.000209227
0.000591469
0.000969229
0.000971279
0.000425941
-9.60076e-05
-0.000618499
-0.000748582
-0.000894975
-0.00104056
-0.00115946
-0.00126798
-0.00137683
-0.00144839
-0.00146567
-0.00148519
-0.00150461
-0.00157012
-0.00163366
-0.00169722
-0.00157616
-0.00138382
-0.0011946
-0.00106203
-0.00101209
-0.000958754
-0.000905607
-0.000913726
-0.000919297
-0.000924969
-0.00103792
-0.0011923
-0.00134484
-0.00144137
-0.00145626
-0.00147451
-0.00149261
-0.00156139
-0.00162803
-0.0016947
-0.00173591
-0.00176726
-0.00179899
-0.00183077
-0.00186265
-0.0018945
-0.00192633
-0.00194294
-0.00196016
-0.00197734
-0.00204161
-0.00212407
-0.00220572
-0.00227134
-0.00231359
-0.00235677
-0.00239988
-0.00245552
-0.0025106
-0.00256567
-0.00256162
-0.00253468
-0.00250871
-0.00249842
-0.00251105
-0.00252273
-0.00253444
-0.00248714
-0.00244229
-0.00239738
-0.00230493
-0.00219411
-0.00208412
-0.00200908
-0.00198497
-0.00195881
-0.00193275
-0.00187141
-0.00181155
-0.00175168
-0.00183402
-0.00197142
-0.00210647
-0.0021883
-0.00219244
-0.00219973
-0.00220689
-0.00223639
-0.00226496
-0.00229355
-0.00229207
-0.00227895
-0.00226631
-0.00225524
-0.00224646
-0.00223759
-0.00222874
-0.00219642
-0.00216506
-0.0021337
-0.00219637
-0.00229548
-0.00239304
-0.00240132
-0.00227934
-0.0021627
-0.00204594
-0.00202424
-0.00199875
-0.00197342
-0.00182043
-0.00161798
-0.00141768
-0.00119254
-0.000931242
-0.000671598
-0.000412096
-3.30688e-05
0.000340874
0.000714722
0.000986537
0.00121863
0.00145212
0.00166842
0.00185982
0.00205205
0.00224411
0.00221865
0.00220188
0.00218477
0.00226396
0.00238049
0.00249545
0.00260989
0.00272354
0.00283714
0.00295064
0.0029991
0.0030501
0.00310095
0.00307944
0.00302983
0.00298137
0.00291392
0.00281879
0.00272484
0.00263091
0.00274622
0.00285316
0.00296035
0.00289487
0.00276232
0.00263253
0.00255164
0.00254223
0.00253
0.0025179
0.00235507
0.0021983
0.00204141
0.00194224
0.00186553
0.00178801
0.00171197
0.00163804
0.00156409
0.00149019
0.00141167
0.00133339
0.00125516
0.000975836
0.000618437
0.000264376
0.000123374
0.000293392
0.000451113
0.000609192
0.000468965
0.0003405
0.000211676
2.74935e-05
-0.00017815
-0.000382796
-0.00055363
-0.000675132
-0.000798462
-0.000921624
-0.000573217
-0.000243431
8.68229e-05
0.00017598
0.000171269
0.000170208
4.24639e-05
-0.000270003
-0.00057506
-0.000880167
-0.000926745
-0.000983307
-0.00103944
-0.00107583
-0.0011045
-0.00113346
-0.00116611
-0.00120421
-0.00124206
-0.0012799
-0.00128262
-0.0012867
-0.00129073
-0.00131112
-0.00133787
-0.00136436
-0.00139731
-0.00143969
-0.00148167
-0.00152364
-0.00145847
-0.00139748
-0.00133638
-0.00126554
-0.00119094
-0.00111654
-0.00110046
-0.0011695
-0.00123522
-0.00130102
-0.00137582
-0.00145021
-0.00152457
-0.00157613
-0.00161878
-0.00166174
-0.00170187
-0.00173792
-0.00177409
-0.00181022
-0.00183245
-0.00185519
-0.0018779
-0.00191434
-0.00195612
-0.00199767
-0.00202209
-0.00202151
-0.00202188
-0.00202222
-0.00203873
-0.00205461
-0.0020705
-0.00207106
-0.00206565
-0.00206047
-0.00209508
-0.00218781
-0.00227827
-0.00236874
-0.00238968
-0.00241324
-0.00243667
-0.00244404
-0.00244513
-0.00244645
-0.00244374
-0.00243514
-0.00242677
-0.00241839
-0.00246698
-0.00251339
-0.00255984
-0.00257667
-0.00258191
-0.00258759
-0.00258254
-0.00256182
-0.00254171
-0.0025216
-0.00248836
-0.00245563
-0.00242291
-0.00239022
-0.00235755
-0.00232491
-0.00233902
-0.00242146
-0.00250127
-0.00258113
-0.00255787
-0.00253849
-0.00251897
-0.00250504
-0.00249329
-0.00248146
-0.00248034
-0.00249484
-0.00250875
-0.00252267
-0.00232552
-0.0021364
-0.00194711
-0.00170973
-0.00145365
-0.00119846
-0.000933386
-0.000653827
-0.000375014
-9.63819e-05
0.000107408
0.000313828
0.000519998
0.00065353
0.000758604
0.000864655
0.000927388
0.000926899
0.000928755
0.000930522
0.00125571
0.00156868
0.00188187
0.00196715
0.00196327
0.00196268
0.00193849
0.00187998
0.00182277
0.00176556
0.0018017
0.00183437
0.00186714
0.00177551
0.00163527
0.00149691
0.00142917
0.00146471
0.00149642
0.00152825
0.00154546
0.0015632
0.00158091
0.00157133
0.00155107
0.00153122
0.00145246
0.00128758
0.00112598
0.000964379
0.00111541
0.00125488
0.00139467
0.00131695
0.0011541
0.000994485
0.000849717
0.000726774
0.000603123
0.000479588
0.000563581
0.000639938
0.000716518
0.000700976
0.000649364
0.000599104
0.000570443
0.000573421
0.000575246
0.00057711
0.00072234
0.000862251
0.00100225
0.00081919
0.000509633
0.000204894
3.71493e-05
6.99022e-05
9.53589e-05
0.000121062
0.000179396
0.000236506
0.000293619
0.000194019
3.3042e-05
-0.000125598
-0.000197176
-0.000141351
-9.01697e-05
-3.8858e-05
-0.00025191
-0.000455264
-0.000658822
-0.000698466
-0.000673836
-0.000651541
-0.000711694
-0.000892565
-0.00106896
-0.00124539
-0.00101832
-0.000805936
-0.000593175
-0.000311957
-4.00208e-06
0.000302771
0.000398215
0.000184562
-1.78464e-05
-0.000220513
-0.000410914
-0.000601618
-0.000792175
-0.000946132
-0.00108567
-0.00122562
-0.00130902
-0.00130978
-0.00131349
-0.00131709
-0.00137929
-0.00143934
-0.00149943
-0.0015239
-0.00153437
-0.00154534
-0.00155698
-0.00156964
-0.00158225
-0.00159485
-0.00153882
-0.00148527
-0.00143167
-0.00142412
-0.00143465
-0.00144454
-0.00147354
-0.00153047
-0.00158638
-0.00164228
-0.00172463
-0.00180599
-0.00188733
-0.0019393
-0.0019797
-0.0020205
-0.00201993
-0.00195887
-0.00189999
-0.00184108
-0.00189179
-0.00193858
-0.00198548
-0.00201212
-0.0020308
-0.00204974
-0.00206426
-0.00207236
-0.00208067
-0.00208897
-0.00200042
-0.00191534
-0.0018302
-0.00181453
-0.00182617
-0.00183684
-0.0018354
-0.0018162
-0.00179765
-0.00177908
-0.00184186
-0.00190174
-0.00196169
-0.00203125
-0.00210458
-0.00217772
-0.0022322
-0.00225937
-0.00228748
-0.00231554
-0.00227348
-0.00223389
-0.00219424
-0.00221911
-0.00226933
-0.00231863
-0.00234802
-0.00234822
-0.00234945
-0.00235064
-0.00234238
-0.00233446
-0.00232654
-0.00231271
-0.00229657
-0.00228051
-0.00220327
-0.00203645
-0.00187286
-0.00170927
-0.00175225
-0.00178803
-0.00182404
-0.00186884
-0.00191709
-0.00196519
-0.00203183
-0.00212563
-0.00221843
-0.0023112
-0.00236173
-0.00241369
-0.00246556
-0.00250053
-0.00252883
-0.00255735
-0.0025611
-0.0025286
-0.00249737
-0.00246613
-0.00235033
-0.00223752
-0.00212469
-0.00179266
-0.00137445
-0.000959505
-0.000690303
-0.000634555
-0.000571502
-0.000508743
-0.000262801
-2.33235e-05
0.000216212
0.000308436
0.000342614
0.000378761
0.000456348
0.000594739
0.000730951
0.000867145
0.000934851
0.00100486
0.00107474
0.00106181
0.00101628
0.000971887
0.000903489
0.000799973
0.000697728
0.000595509
0.000561551
0.000525286
0.000489124
0.000614317
0.000803043
0.000989475
0.00106776
0.000987598
0.000912882
0.000838031
0.000882567
0.000923011
0.000963567
0.000947132
0.000908241
0.00087014
0.000881234
0.000964421
0.0010451
0.00112582
0.00105283
0.000985092
0.000917226
0.000819949
0.000711112
0.00060274
0.000502907
0.000415571
0.000327871
0.000240242
0.000258484
0.000273137
0.000287901
0.000179475
2.25072e-05
-0.000132717
-0.000205459
-0.000157322
-0.000113292
-6.91532e-05
-0.000245147
-0.000413611
-0.000582215
-0.000577264
-0.000503848
-0.000432784
-0.00043057
-0.000529329
-0.000624631
-0.000719984
-0.000681956
-0.000648429
-0.000614774
-0.000382682
-7.23712e-05
0.000235111
0.000281378
-5.5162e-05
-0.000378661
-0.000702379
-0.000799793
-0.00090471
-0.00100931
-0.00106918
-0.00111137
-0.00115412
-0.00117234
-0.00115465
-0.00113818
-0.00112167
-0.00119965
-0.00127443
-0.00134926
-0.00131594
-0.00123992
-0.00116537
-0.00112892
-0.00114834
-0.0011659
-0.00118351
-0.00120065
-0.00121781
-0.00123495
-0.00126335
-0.00129618
-0.00132885
-0.00139075
-0.0014955
-0.00159877
-0.00170202
-0.00181046
-0.00191865
-0.00202678
-0.00204499
-0.00202767
-0.00201154
-0.00199324
-0.0019718
-0.00195048
-0.00192917
-0.00196925
-0.00200729
-0.00204536
-0.00201834
-0.00196562
-0.00191377
-0.00187496
-0.00185527
-0.00183497
-0.00181471
-0.00189255
-0.00196712
-0.00204175
-0.00208355
-0.00211236
-0.00214158
-0.00214297
-0.0021036
-0.00206559
-0.00202756
-0.00212853
-0.00222487
-0.00232129
-0.00237943
-0.00242241
-0.00246585
-0.00247598
-0.0024373
-0.00240025
-0.00236316
-0.00236856
-0.00237256
-0.0023766
-0.00236401
-0.00234486
-0.00232593
-0.00232334
-0.00234473
-0.00236533
-0.00238593
-0.00239436
-0.00240317
-0.00241197
-0.00243112
-0.00245436
-0.00247745
-0.00250024
-0.00252259
-0.00254494
-0.00256728
-0.00260017
-0.00263269
-0.0026652
-0.0026447
-0.00260322
-0.00256246
-0.00250425
-0.00242051
-0.00233764
-0.0022548
-0.00220672
-0.00215754
-0.00210844
-0.00212659
-0.00217137
-0.00221525
-0.00227
-0.00234064
-0.00241073
-0.00248079
-0.00252565
-0.00257128
-0.00261687
-0.00261524
-0.00259492
-0.00257521
-0.00257315
-0.00259701
-0.00262002
-0.00264304
-0.00269408
-0.00274419
-0.0027943
-0.00279189
-0.00276868
-0.00274615
-0.00269745
-0.00261036
-0.00252456
-0.00243878
-0.00246115
-0.00248004
-0.00249903
-0.00249694
-0.00248651
-0.00247635
-0.00248173
-0.00250993
-0.00253739
-0.00256485
-0.00262997
-0.00269385
-0.00275773
-0.00275588
-0.00272798
-0.00270092
-0.0026768
-0.00265702
-0.00263712
-0.00261723
-0.00244037
-0.00226861
-0.00209681
-0.00202841
-0.00200101
-0.00197233
-0.00183669
-0.00154406
-0.0012566
-0.00096916
-0.000891373
-0.000806979
-0.000722849
-0.000736344
-0.000788543
-0.000839481
-0.000832752
-0.000741372
-0.000652732
-0.00056406
-0.000510092
-0.00045506
-0.000400097
-0.000379379
-0.00037225
-0.000364695
-0.000334575
-0.000271321
-0.000209152
-0.000146989
-0.000316245
-0.000478094
-0.000640074
-0.000588624
-0.000452536
-0.0003192
-0.00022972
-0.000204683
-0.000177634
-0.000150665
-0.000190548
-0.000228304
-0.000266103
-0.000315209
-0.000368785
-0.000422187
-0.000442406
-0.000413938
-0.000387015
-0.000360061
-0.00030568
-0.000252192
-0.00019871
-0.000201083
-0.000225621
-0.000249449
-0.000263053
-0.000261625
-0.000260668
-0.000259696
-0.000336374
-0.000410577
-0.000484812
-0.000484802
-0.000455323
-0.000426781
-0.000445192
-0.000532549
-0.000617701
-0.00070287
-0.000673556
-0.000647827
-0.000622002
-0.000677426
-0.000765088
-0.000851693
-0.000902459
-0.0009006
-0.000900378
-0.000900105
-0.000916779
-0.000932916
-0.00094906
-0.00106921
-0.00123063
-0.00139067
-0.00144948
-0.00135968
-0.00127455
-0.00118932
-0.0010846
-0.000980559
-0.000876557
-0.00094326
-0.00107775
-0.00121006
-0.00131966
-0.00139585
-0.00147302
-0.00155012
-0.00163614
-0.00172183
-0.00180748
-0.00167912
-0.00146578
-0.00125518
-0.00118604
-0.00132463
-0.00145673
-0.00158895
-0.00168512
-0.00178234
-0.00187947
-0.00188262
-0.0018484
-0.00181536
-0.0018127
-0.00185468
-0.00189526
-0.00193587
-0.00200283
-0.00206895
-0.00213505
-0.00219071
-0.0022422
-0.00229378
-0.00231767
-0.00230092
-0.00228543
-0.0022699
-0.00232437
-0.00237667
-0.002429
-0.00241777
-0.00238127
-0.00234556
-0.00234368
-0.0023915
-0.00243778
-0.00248408
-0.00248375
-0.00248485
-0.00248591
-0.00250959
-0.00254225
-0.00257463
-0.00260372
-0.002628
-0.00265241
-0.0026768
-0.0027121
-0.00274705
-0.00278198
-0.00273829
-0.00266332
-0.00258935
-0.00257163
-0.00263653
-0.00269888
-0.00276128
-0.00278427
