0
0.0167884
0.0151676
0.0150574
0.014822
0.0147042
0.014737
0.0147572
0.014798
0.015013
0.0152132
0.0154143
0.0153165
0.0151688
0.0150256
0.0149044
0.0148149
0.0147229
0.0146415
0.0146511
0.0146532
0.0146559
0.0144637
0.0142391
0.0140176
0.0138656
0.0138123
0.0137511
0.0137145
0.0138912
0.0140504
0.0142106
0.0140454
0.0138256
0.0136105
0.0134683
0.0134297
0.0133828
0.013339
0.0133171
0.0132935
0.01327
0.0133
0.0133389
0.0133771
0.0132951
0.013043
0.0128049
0.0125915
0.0126058
0.0126018
0.0125994
0.0123729
0.0121088
0.0118482
0.0117766
0.0119731
0.0121481
0.0122751
0.0119616
0.0116836
0.0114032
0.0113205
0.0112715
0.0112199
0.0112361
0.011348
0.0114522
0.0115229
0.0112909
0.0110832
0.0108738
0.0108384
0.0108326
0.0108246
0.0108205
0.0108219
0.0108228
0.0108425
0.0110291
0.0112024
0.0113765
0.0111124
0.0107736
0.0104411
0.0102082
0.0101171
0.010015
0.00993237
0.0100134
0.0100815
0.0101506
0.00996624
0.0097385
0.00951446
0.00947391
0.00969419
0.00989403
0.0100421
0.00971741
0.00942955
0.0091393
0.00919841
0.00931774
0.00943226
0.00949469
0.00948264
0.0094763
0.00945055
0.00925547
0.00907361
0.00889102
0.00884594
0.00882471
0.00880171
0.00886161
0.00903914
0.00920747
0.00934613
0.00921596
0.00910635
0.00899535
0.00895134
0.008919
0.00888583
0.00882863
0.00873716
0.00864841
0.00856552
0.00853567
0.00850188
0.00846843
0.00843571
0.00840315
0.00837063
0.00836051
0.00838222
0.00840153
0.00840423
0.00825743
0.00812202
0.00798596
0.00824618
0.00857545
0.00889908
0.00887007
0.00833883
0.00784565
0.00741805
0.00759475
0.00772643
0.00786125
0.00803387
0.00821299
0.00839136
0.00834292
0.00797161
0.00762464
0.00731186
0.00731612
0.00729706
0.00727974
0.00712097
0.0069375
0.00675611
0.00679099
0.00713397
0.00745391
0.00773009
0.00760466
0.00750873
0.00741079
0.00716799
0.00689983
0.00663391
0.00650938
0.00658638
0.00664862
0.00670306
0.00667887
0.00666041
0.00664156
0.00641201
0.00614538
0.00588182
0.00566142
0.0055027
0.00533976
0.00523893
0.00568747
0.00609585
0.00650652
0.0063803
0.00615886
0.00594457
0.00565001
0.0052416
0.00484193
0.00449358
0.00460408
0.00468164
0.00476144
0.00524167
0.00579278
0.00633806
0.00658901
0.00641992
0.00628092
0.00612363
0.00582075
0.00552862
0.00523615
0.00520801
0.00522713
0.00524288
0.00545355
0.00594202
0.00641018
0.00679471
0.00642541
0.00610972
0.0057907
0.00566726
0.00557894
0.00548828
0.00540274
0.0053242
0.00524528
0.00517583
0.00518979
0.0051979
0.00520641
0.00547254
0.0057847
0.00609322
0.00612095
0.00574757
0.00540263
0.00506736
0.00483233
0.00459067
0.0043498
0.00407114
0.00378597
0.00350164
0.00358309
0.00418691
0.00475379
0.00528185
0.00544671
0.00563639
0.00582409
0.00537974
0.00482162
0.0042721
0.00377314
0.00334694
0.00291633
0.00253609
0.0025978
0.00262915
0.00266254
0.0030425
0.00348487
0.00392238
0.00419819
0.00424266
0.00430283
0.00431872
0.00394957
0.00360712
0.00326333
0.00286632
0.00246004
0.00205493
0.0019557
0.0022937
0.00260163
0.00291999
0.00331652
0.00370722
0.00409779
0.00396834
0.00374433
0.003527
0.00320306
0.00272717
0.00226214
0.0018133
0.0015105
0.0011983
0.000887157
0.000953175
0.00108798
0.00121801
0.00158013
0.00227396
0.0029447
0.00352263
0.00326542
0.00306423
0.00285957
0.00253048
0.00217888
0.00182926
0.00146257
0.00107145
0.00068246
0.000353731
0.000560032
0.000730626
0.000903358
0.00138573
0.00192445
0.00245874
0.0027547
0.00270938
0.00268661
0.00261807
0.00215404
0.00171664
0.00127807
0.000871213
0.000470567
7.00377e-05
-0.000126894
-3.24883e-05
4.27143e-05
0.000170043
0.000752206
0.00130388
0.00185683
0.00220311
0.002511
0.00282099
0.0029102
0.00268351
0.00247766
0.00224414
0.00177348
0.00131883
0.000863726
0.000591522
0.000353357
0.000113296
0.00017341
0.000663353
0.00112488
0.00156063
0.00175451
0.00196374
0.00217171
0.00191489
0.00157226
0.00123558
0.000872021
0.000470272
7.14916e-05
-0.000300127
-0.000431597
-0.000578293
-0.000723826
-0.000397115
1.69206e-05
0.000424843
0.000823956
0.00121011
0.0015966
0.00193697
0.00186962
0.00182832
0.00178542
0.00145335
0.00106779
0.000686122
0.000313632
-4.55656e-05
-0.00040515
-0.000715862
-0.000594017
-0.000499703
-0.000403768
0.00025325
0.00101423
0.00176769
0.0022612
0.00238151
0.00252518
0.00262331
0.00232943
0.00206057
0.00179048
0.0013339
0.000842911
0.000354696
-3.44883e-05
-0.000281594
-0.000537286
-0.00075704
-0.000663228
-0.000589131
-0.000513896
0.000256963
0.0011573
0.00204845
0.00260087
0.00266675
0.00276282
0.0028077
0.00241332
0.0020467
0.00167882
0.00117904
0.000654977
0.000133065
-0.000275709
-0.000522145
-0.000778316
-0.000998546
-0.000905714
-0.000832322
-0.000757821
-7.3156e-05
0.000725558
0.00151627
0.00201234
0.00208495
0.00218351
0.0022381
0.00191528
0.001616
0.00131565
0.000880475
0.000420291
-3.77995e-05
-0.000394589
-0.000605924
-0.000825887
-0.00102637
-0.00105973
-0.00110325
-0.00114609
-0.000479944
0.000319373
0.00110962
0.00168782
0.00196096
0.00225229
0.00248571
0.00221461
0.00197442
0.00173264
0.00132919
0.000895515
0.000464191
0.000123654
-8.64231e-05
-0.00030412
-0.00050871
-0.000602443
-0.000702741
-0.000802523
-0.000418198
0.000143867
0.000694574
0.00111645
0.00135238
0.00159918
0.00183231
0.00195161
0.00207757
0.00220299
0.00174956
0.00118668
0.000631005
0.000172644
-0.000145449
-0.000471528
-0.00078223
-0.000962958
-0.00115121
-0.00133878
-0.00138664
-0.00138297
-0.00138237
-0.00110319
-0.000423528
0.00023159
0.000804495
0.000636014
0.0005116
0.000384728
0.000196389
-1.45497e-05
-0.000223906
-0.000482451
-0.000811762
-0.00113652
-0.00144152
-0.00157076
-0.00171018
-0.00184884
-0.00196317
-0.00207275
-0.00218247
-0.00202831
-0.00149439
-0.000983354
-0.000486251
-0.000120947
0.000251638
0.000623362
0.000492568
0.000176188
-0.000128995
-0.000479709
-0.000895171
-0.00130638
-0.00169279
-0.00185925
-0.0020383
-0.00221641
-0.002306
-0.00236277
-0.00242139
-0.00248967
-0.00257205
-0.00265352
-0.00267955
-0.0022104
-0.00177041
-0.00132925
-0.000952276
-0.000599281
-0.000245311
-0.00011327
-0.000300604
-0.000469336
-0.000651615
-0.000946885
-0.00123532
-0.00152382
-0.00169061
-0.0018122
-0.00193624
-0.00205861
-0.00217886
-0.00229909
-0.00240635
-0.00239884
-0.0023979
-0.00239658
-0.00227422
-0.00210704
-0.0019426
-0.00159033
-0.000967535
-0.000360841
0.000176267
8.87819e-05
3.68841e-05
-1.69757e-05
-0.000282543
-0.000626556
-0.000965731
-0.00126428
-0.00150404
-0.00174687
-0.00197068
-0.00202841
-0.00209545
-0.0021619
-0.00217954
-0.00217902
-0.00217953
-0.00221549
-0.00230265
-0.00238683
-0.00239572
-0.00173091
-0.00110469
-0.000477013
-0.000274133
-0.000229272
-0.000175605
-0.000205336
-0.000354562
-0.000496935
-0.000657347
-0.000976819
-0.00128705
-0.00159745
-0.00176412
-0.00187722
-0.00199318
-0.00209534
-0.00217791
-0.00226147
-0.0023358
-0.00232873
-0.0023262
-0.00232341
-0.0020793
-0.00174546
-0.00141697
-0.00101198
-0.000496917
1.14879e-05
0.000459721
0.00037128
0.000312588
0.000252318
-6.66841e-05
-0.000481952
-0.000891456
-0.00120866
-0.00139244
-0.00158336
-0.00175189
-0.00172549
-0.00170983
-0.0016936
-0.00167475
-0.00165492
-0.00163516
-0.0012747
-0.000422488
0.000401875
0.00114305
0.00113406
0.00116608
0.00119582
0.000980862
0.000674641
0.00037373
3.5206e-05
-0.000357348
-0.000746532
-0.00111251
-0.00127273
-0.00144395
-0.0016144
-0.00167912
-0.0017043
-0.00173159
-0.00158661
-0.00119306
-0.000813402
-0.000396859
0.000345947
0.00107031
0.0017949
0.00182247
0.00158941
0.00137067
0.00113047
0.000860349
0.000592126
0.000313363
-6.10137e-05
-0.000429847
-0.000798583
-0.00104986
-0.00125702
-0.00146633
-0.00162785
-0.00172063
-0.00181699
-0.00186033
-0.00143213
-0.0010296
-0.000626126
-1.69739e-05
0.000668854
0.00134986
0.00168777
0.00152994
0.00139869
0.00124042
0.000852167
0.000476559
0.000100677
-0.000202026
-0.000477126
-0.000753398
-0.000988804
-0.00116539
-0.00134491
-0.00151901
-0.00164756
-0.00177839
-0.00190896
-0.00189546
-0.00182794
-0.00176334
-0.00134046
-0.000399905
0.00051237
0.0013427
0.00143456
0.00156519
0.00169365
0.00151047
0.00121038
0.000916745
0.000557543
0.000103903
-0.000344308
-0.000769675
-0.000991959
-0.00122464
-0.00145654
-0.0016202
-0.00175812
-0.00189723
-0.00200259
-0.00205931
-0.00211851
-0.00213347
-0.00175455
-0.00139653
-0.0010378
-0.000364678
0.000426238
0.00121021
0.00160963
0.00145274
0.00132489
0.00116891
0.000773865
0.000391616
9.10083e-06
-0.000357375
-0.000717607
-0.00107779
-0.0013499
-0.00149481
-0.00164612
-0.00178359
-0.00180137
-0.00182529
-0.00184888
-0.00104506
6.97748e-05
0.00116746
0.00183489
0.00187907
0.00195521
0.00197973
0.00155793
0.00115946
0.000760196
0.000429654
0.000125174
-0.000180327
-0.000456944
-0.000691995
-0.00092893
-0.00110606
-0.000751139
-0.000423726
-9.52445e-05
0.000484501
0.00115865
0.00182731
0.00221428
0.00219347
0.00219341
0.00217287
0.00197863
0.0017934
0.00160789
0.001369
0.0011101
0.000852474
0.000714723
0.00075047
0.000777405
0.000849132
0.00131769
0.00176573
0.00221435
0.00214167
0.00187224
0.00161301
0.00131444
0.000959559
0.00060787
0.000306134
0.0004498
0.000570938
0.000693087
0.00118836
0.00182432
0.00245258
0.00284608
0.00289933
0.00296957
0.00299803
0.00266112
0.00234281
0.00202389
0.00161878
0.00118131
0.000745885
0.000367019
7.00028e-05
-0.000230795
-0.000513919
-0.000643043
-0.000779699
-0.000915846
-0.00023469
0.000755238
0.00172885
0.00236544
0.00251307
0.00268479
0.00282124
0.0026543
0.00250254
0.00235018
0.00211491
0.00184838
0.00158366
0.00130175
0.000994936
0.000689658
0.000396133
0.000206015
1.09903e-05
-0.000183601
0.00041206
0.0013067
0.00218577
0.00266744
0.00257252
0.002506
0.00241094
0.00207255
0.00174643
0.00142002
0.00108359
0.000743549
0.000404013
0.000108646
-0.000122831
-0.000357203
-0.000577271
-0.00067247
-0.000773667
-0.000874473
-0.000285886
0.000563826
0.0014
0.00184613
0.00172626
0.00163401
0.00151408
0.00115777
0.000813286
0.000468559
0.000256429
9.47281e-05
-6.92594e-05
-0.000234738
-0.000402625
-0.000570233
-0.000731628
-0.000838619
-0.000948134
-0.00105742
-0.000441168
0.000450249
0.00132754
0.00180977
0.00171853
0.00165498
0.00156913
0.00129522
0.00103062
0.000765821
0.000469944
0.000162417
-0.000144256
-0.000369286
-0.000475989
-0.00058826
-0.000708121
-0.000899155
-0.0010866
-0.00127404
-0.00142593
-0.00156422
-0.00170303
-0.00153909
-0.000936066
-0.000354558
0.000183992
0.0003334
0.000501197
0.000667958
0.000512368
0.000234217
-3.78458e-05
-0.000297271
-0.000538056
-0.000779497
-0.00100459
-0.00108548
-0.00117313
-0.00126038
-0.00139069
-0.00153732
-0.00168303
-0.00180286
-0.00188514
-0.00196911
-0.00200614
-0.00162452
-0.00126301
-0.00090089
-0.000559105
-0.000225235
0.000108693
0.000244941
9.44568e-05
-4.24057e-05
-0.00019843
-0.000521183
-0.000835805
-0.00115051
-0.00129084
-0.00136463
-0.00144147
-0.00153457
-0.0016515
-0.0017672
-0.00188332
-0.00200352
-0.00212341
-0.0022432
-0.00215067
-0.00197723
-0.00180772
-0.00150087
-0.000994831
-0.000498537
-6.6628e-05
-0.00021124
-0.000328903
-0.000447709
-0.000706987
-0.00101974
-0.00132973
-0.00155406
-0.00165397
-0.00175955
-0.00186295
-0.00194994
-0.0020376
-0.00212515
-0.00213609
-0.00211779
-0.00210085
-0.00210066
-0.00212489
-0.00214796
-0.00213192
-0.00176555
-0.00141567
-0.00106535
-0.000817974
-0.000610042
-0.000400486
-0.000347241
-0.000520818
-0.000683817
-0.000854751
-0.00109352
-0.00132897
-0.00156435
-0.00170073
-0.0017992
-0.00189932
-0.00192937
-0.0018578
-0.00179094
-0.00173475
-0.00177549
-0.00181177
-0.00184822
-0.00142869
-0.000835028
-0.000249844
0.000147438
0.000271412
0.000407712
0.000507317
0.000284543
7.66251e-05
-0.000131779
-0.000394681
-0.000678308
-0.000960738
-0.00120064
-0.00137878
-0.00155957
-0.00172579
-0.00176408
-0.00180813
-0.00185188
-0.00170864
-0.00149388
-0.00128254
-0.000930056
-0.000372574
0.000175158
0.000660949
0.000592368
0.00054882
0.000504185
0.000493023
0.000494666
0.000495733
0.000309966
-0.0001474
-0.000592159
-0.00100773
-0.00116017
-0.00132427
-0.00148771
-0.00162139
-0.0017436
-0.00186621
-0.00196429
-0.00202679
-0.00209082
-0.00210879
-0.00171559
-0.0013411
-0.000966103
-0.000412871
0.000208429
0.000826141
0.00113409
0.000991699
0.000869477
0.000735985
0.00050881
0.000286001
6.31954e-05
-0.000135144
-0.000323997
-0.000513103
-0.00061065
-0.000575162
-0.000545599
-0.000473688
-2.48738e-05
0.000406866
0.000838979
0.00093048
0.000891209
0.00085775
0.000735763
0.000485399
0.000240919
-1.59973e-09
-0.000208449
-0.000418143
-0.000627597
-0.000797638
-0.000952454
-0.0011078
-0.000992328
-0.000483039
8.50716e-06
0.000486496
0.00083957
0.00119781
0.00155552
0.00148583
0.00125197
0.0010255
0.000683788
0.000174828
-0.000326373
-0.000796757
-0.000991725
-0.00119855
-0.00140468
-0.00156803
-0.00171484
-0.00186225
-0.00195087
-0.00195408
-0.00196101
-0.0019703
-0.0020023
-0.00203329
-0.00206429
-0.00189601
-0.00165118
-0.00140988
-0.000903598
-1.18652e-05
0.000862387
0.00161544
0.00128279
0.000997422
0.000710257
0.000266611
-0.000237061
-0.000737703
-0.00107588
-0.00117765
-0.00128953
-0.00140089
-0.00158365
-0.00176318
-0.00194269
-0.00204531
-0.00211828
-0.00219246
-0.00224132
-0.00225343
-0.00226711
-0.00228071
-0.00226874
-0.00225787
-0.00224697
-0.00226883
-0.00230329
-0.00233718
-0.00236862
-0.00239648
-0.00242446
-0.00245242
-0.00246184
-0.00247204
-0.0024822
-0.00226773
-0.0019668
-0.00166983
-0.00131887
-0.000889459
-0.000463756
-3.82582e-05
0.000397738
0.000832916
0.00126776
0.00146596
0.00157282
0.00168346
0.00187542
0.00218607
0.00249141
0.00279671
0.0030228
0.00325205
0.00348098
0.0033047
0.00297221
0.0026466
0.00243391
0.00238593
0.00233103
0.00227647
0.00245434
0.00262225
0.00279043
0.00257929
0.00222188
0.00187094
0.00143861
0.000888019
0.000342866
-0.000202057
-0.000386692
-0.000586309
-0.000785129
-0.0009384
-0.001074
-0.00121022
-0.00133131
-0.00143046
-0.00153044
-0.0016303
-0.00175355
-0.00187572
-0.00199783
-0.00206043
-0.00210001
-0.00214051
-0.00218388
-0.00223149
-0.00227888
-0.00232624
-0.00240287
-0.00247822
-0.00255357
-0.00244869
-0.00227423
-0.00210281
-0.00169868
-0.000955644
-0.0002273
0.000501048
0.000790115
0.00109717
0.00140322
0.00114006
0.000656959
0.000183365
-0.000198203
-0.00044528
-0.000697718
-0.000949725
-0.00115438
-0.00136082
-0.00156702
-0.00168636
-0.00177203
-0.00185902
-0.00192202
-0.00195015
-0.0019797
-0.00200916
-0.00207823
-0.00214561
-0.00221301
-0.00226378
-0.00230809
-0.00235263
-0.00239512
-0.00243465
-0.00247427
-0.00251386
-0.00258078
-0.00264653
-0.00271227
-0.00273018
-0.00272957
-0.00272972
-0.00274618
-0.00278647
-0.00282575
-0.00286505
-0.0028202
-0.00277883
-0.00273734
-0.00270023
-0.00266481
-0.00262936
-0.00242088
-0.00196015
-0.00151005
-0.00105989
-0.000487475
7.95008e-05
0.000646237
0.000817919
0.000836453
0.000861188
0.000908734
0.000989925
0.00106969
0.00114944
0.0013053
0.00145795
0.00161061
0.00174083
0.0018623
0.00198402
0.001943
0.00166472
0.00139624
0.00112759
0.001325
0.00150345
0.00168253
0.00165718
0.00155258
0.00145125
0.00146804
0.00165725
0.00183938
0.00202165
0.0012185
0.00045557
-0.000308361
-0.000645182
-0.000816172
-0.000993675
-0.00111249
-0.00114617
-0.00118323
-0.00122013
-0.000594885
3.37366e-06
0.000602233
0.000677492
0.000549516
0.000429758
0.00020932
-0.000157536
-0.000518259
-0.000878939
-0.00101398
-0.0011579
-0.00130135
-0.00137293
-0.00141656
-0.00146127
-0.00149693
-0.00151947
-0.00154251
-0.00156551
-0.00154954
-0.00153513
-0.00152067
-0.00155584
-0.00161028
-0.00166392
-0.00140703
-0.000697069
-5.59794e-06
0.000686058
0.000598526
0.000541862
0.000484023
0.000507539
0.000562638
0.000616447
0.000464475
1.21751e-05
-0.00042793
-0.000868169
-0.00101638
-0.00117598
-0.001335
-0.00146055
-0.001573
-0.00168589
-0.00178295
-0.001857
-0.00193188
-0.00200668
-0.00203268
-0.00206057
-0.00208837
-0.00210617
-0.00212008
-0.00213413
-0.00214522
-0.002152
-0.00215894
-0.00216588
-0.00230686
-0.0024425
-0.00257824
-0.00265094
-0.00269909
-0.00274817
-0.00279518
-0.00283925
-0.0028834
-0.00292752
-0.00287276
-0.00282189
-0.00277091
-0.00274389
-0.00272621
-0.00270818
-0.00270592
-0.00272665
-0.00274647
-0.00276631
-0.0027962
-0.00282567
-0.00285513
-0.00285582
-0.0028453
-0.00283522
-0.00264275
-0.002184
-0.00173589
-0.00128772
-0.000873805
-0.000458889
-4.43313e-05
0.000396926
0.000848384
0.0012991
0.0015427
0.001484
0.00143699
0.00138957
0.00148413
0.00157317
0.00166234
0.00178405
0.00191839
0.00205214
0.00188339
0.00127292
0.000679856
8.6583e-05
0.000770172
0.00140431
0.00203987
0.00195941
0.00159992
0.00125137
0.00107743
0.001159
0.00123074
0.0013028
0.00106582
0.000840828
0.000615547
0.000367796
0.000111386
-0.000144498
-0.00031417
-0.00035799
-0.000406568
-0.000454927
-0.000499021
-0.000543243
-0.000587426
-0.000529224
-0.000431106
-0.000334577
-0.000391488
-0.000672587
-0.000944971
-0.00121748
-0.00135367
-0.00149492
-0.00163588
-0.00162981
-0.00156636
-0.00150513
-0.00151266
-0.00162074
-0.00172493
-0.0018292
-0.00194125
-0.00205293
-0.00216454
-0.00224327
-0.00230913
-0.00237543
-0.00241026
-0.00239919
-0.00238984
-0.00238044
-0.00230241
-0.00222701
-0.00215157
-0.0017192
-0.00114762
-0.000581691
-0.000366772
-0.000664842
-0.000943454
-0.00122259
-0.00140695
-0.00159473
-0.00178224
-0.0019339
-0.00207148
-0.00220948
-0.00231488
-0.00237273
-0.00243231
-0.00249178
-0.00246487
-0.00244121
-0.00241745
-0.00228693
-0.00211475
-0.00194425
-0.00154541
-0.000812893
-9.33379e-05
0.000626164
0.000181084
-0.000220371
-0.00062315
-0.000427511
1.98038e-06
0.000422473
0.000452828
-8.7391e-05
-0.000606053
-0.00112513
-0.00119755
-0.00128645
-0.00137468
-0.00143068
-0.00147405
-0.00151785
-0.00157497
-0.00165162
-0.0017275
-0.00180334
-0.00184574
-0.00188934
-0.00193287
-0.00190127
-0.0018403
-0.00178046
-0.00144055
-0.000691254
4.24264e-05
0.000776141
0.000583926
0.000425894
0.000266722
0.000416305
0.000686647
0.000952357
0.000852142
0.000216777
-0.000398499
-0.00101406
-0.00113549
-0.00127492
-0.0014136
-0.0015258
-0.00162758
-0.00172966
-0.00183816
-0.00195607
-0.00207355
-0.00219096
-0.00212392
-0.00206366
-0.00200319
-0.0020008
-0.00202115
-0.00204065
-0.00207707
-0.00213818
-0.00219835
-0.0022585
-0.00171866
-0.00120103
-0.000682963
-0.000453566
-0.000337351
-0.000217112
-7.03835e-05
0.000115345
0.000299524
0.000483626
0.000240637
1.32972e-05
-0.000214444
-0.000487318
-0.000777774
-0.00106738
-0.0013035
-0.00146143
-0.00162208
-0.00178251
-0.001868
-0.00195614
-0.00204411
-0.00205627
-0.0020387
-0.00202221
-0.00206227
-0.00218511
-0.00230487
-0.00242466
-0.00168562
-0.000978006
-0.000269768
0.000112361
0.00036645
0.000624956
0.000877856
0.00112289
0.00136802
0.00161298
0.00156668
0.00153085
0.00149467
0.0014912
0.00150055
0.00150944
0.00146771
0.00135192
0.00123885
0.00112577
0.000831684
0.000544271
0.000256825
0.000433648
0.000792594
0.00114479
0.00128968
0.00113102
0.000983293
0.00083528
0.000961075
0.00107704
0.00119327
0.000899041
0.000443809
-5.37748e-06
-0.000115481
0.000270739
0.000639066
0.00100777
0.000485876
-4.06387e-06
-0.000494789
-0.000697249
-0.000786439
-0.000879577
-0.000870176
-0.000710965
-0.000557166
-0.000403285
-0.000578896
-0.000742739
-0.000906883
-0.000873909
-0.000763522
-0.000655944
-0.000705683
-0.000985768
-0.00125754
-0.00152941
-0.00153317
-0.00154637
-0.00155922
-0.00123024
-0.000767062
-0.000308928
-9.88385e-05
-0.000251901
-0.0003921
-0.000532653
-0.000851942
-0.00116474
-0.00147754
-0.00162724
-0.00171276
-0.00180048
-0.00188245
-0.00195616
-0.0020301
-0.00210399
-0.00156965
-0.00105695
-0.000543854
-0.00045137
-0.000524299
-0.000591402
-0.000762552
-0.00108573
-0.00140339
-0.00172101
-0.00178645
-0.00186062
-0.00193444
-0.00198015
-0.00201479
-0.00204979
-0.00204749
-0.00199061
-0.00193567
-0.00188069
-0.00115569
-0.000454451
0.000247125
0.000416059
0.000375369
0.000341975
0.000125663
-0.0003581
-0.000832265
-0.00130643
-0.00139551
-0.00149785
-0.00159966
-0.00173368
-0.00188033
-0.00202645
-0.00210811
-0.00209542
-0.002086
-0.00207647
-0.00208444
-0.00209181
-0.00209919
-0.00170381
-0.00115004
-0.000602092
-0.000298308
-0.00035218
-0.000393711
-0.000435638
-6.42436e-05
0.000292692
0.000649879
0.000371614
-0.00015678
-0.000676228
-0.00102908
-0.00113766
-0.00125454
-0.00137106
-0.00144757
-0.0015254
-0.00160313
-0.00165686
-0.00170111
-0.00174565
-0.00179563
-0.00185362
-0.0019113
-0.00196895
-0.00190216
-0.00183967
-0.00177707
-0.00127104
-0.000590463
8.36973e-05
0.000414715
0.000243017
8.85532e-05
-6.63925e-05
-0.000503425
-0.000930566
-0.00135775
-0.00147605
-0.00147256
-0.00147321
-0.00146691
-0.00145066
-0.00143475
-0.00141884
-0.00151138
-0.00160018
-0.00168904
-0.00174982
-0.00179951
-0.00184954
-0.00185909
-0.00180938
-0.00176171
-0.00171401
-0.00132896
-0.000955561
-0.000582025
-0.000498784
-0.000530061
-0.000557453
-0.000683818
-0.000955
-0.00122112
-0.00148723
-0.0015686
-0.00165614
-0.00174341
-0.0018285
-0.00191268
-0.00199683
-0.00204114
-0.00202711
-0.00201504
-0.00200292
-0.00203317
-0.00206198
-0.00209082
-0.00214098
-0.00219953
-0.00225776
-0.00208035
-0.00155764
-0.00104684
-0.000535985
-0.000573173
-0.000592007
-0.000611442
-0.000430208
-0.000169842
8.77076e-05
0.000313766
0.000493621
0.000674897
0.000856005
0.000607176
0.000372844
0.000138184
0.000309281
0.000640517
0.000966202
0.0011356
0.00107577
0.00102361
0.000971221
0.000911208
0.000851487
0.000791797
0.000480726
7.04906e-05
-0.000336183
-0.000666744
-0.000885708
-0.00110823
-0.00133048
-0.00142506
-0.0015238
-0.00162234
-0.00168362
-0.00173016
-0.00177715
-0.00153455
-0.000867516
-0.000214942
0.000437678
0.000224905
4.08343e-05
-0.000144062
-6.71563e-05
0.000113168
0.000289964
0.000206833
-0.000257442
-0.000708862
-0.00116041
-0.00117708
-0.00120804
-0.00123851
-0.00107025
-0.000823479
-0.000579454
-0.000448188
-0.000482283
-0.000510929
-0.000539735
-0.000880504
-0.00121082
-0.00154126
-0.00168731
-0.00176038
-0.0018358
-0.00173688
-0.00138248
-0.00103668
-0.000690823
-0.00053647
-0.00037596
-0.000215756
-0.000492774
-0.000942616
-0.00138652
-0.00169098
-0.00179081
-0.00189726
-0.00200342
-0.00204472
-0.00208812
-0.00213142
-0.00174244
-0.00118258
-0.000628657
-0.000475309
-0.00090946
-0.00132424
-0.00173937
-0.00185327
-0.00197687
-0.00210008
-0.00215646
-0.00218636
-0.00221711
-0.00206857
-0.00165718
-0.00125456
-0.000851927
-0.000930412
-0.000993277
-0.00105661
-0.00124748
-0.00148878
-0.00172829
-0.00191119
-0.00201107
-0.00211356
-0.0022159
-0.00229695
-0.00237864
-0.00246026
-0.00224983
-0.00192385
-0.0016018
-0.00131178
-0.00106881
-0.000824486
-0.000580359
-0.000986672
-0.00137181
-0.00175738
-0.0019198
-0.00199378
-0.00207056
-0.00213494
-0.00218127
-0.00222815
-0.00227498
-0.00230481
-0.00233517
-0.00236549
-0.00209955
-0.00171636
-0.00133716
-0.0011528
-0.0012543
-0.00134659
-0.00143911
-0.00156838
-0.00169638
-0.00182434
-0.00193665
-0.00204271
-0.0021489
-0.00221245
-0.00221347
-0.00221648
-0.00221943
-0.00222924
-0.00223884
-0.00224843
-0.00229042
-0.00234524
-0.00239962
-0.0021649
-0.00150602
-0.000861049
-0.000216042
-0.000301893
-0.000364488
-0.000427781
-0.000725207
-0.00111536
-0.00150232
-0.00176958
-0.0018612
-0.00195833
-0.00205522
-0.00211673
-0.00217932
-0.00224184
-0.00230835
-0.00237641
-0.00244438
-0.00249921
-0.00253478
-0.00257093
-0.00260704
-0.00211358
-0.00163713
-0.00116044
-0.000867298
-0.000647057
-0.000424658
-0.000460094
-0.00087371
-0.00127516
-0.00167674
-0.001757
-0.00184731
-0.00193725
-0.00195581
-0.00194604
-0.00193717
-0.00196938
-0.00206192
-0.0021525
-0.00224309
-0.0022842
-0.00232684
-0.00236941
-0.00240597
-0.00244014
-0.00247436
-0.00228167
-0.00175599
-0.00124106
-0.00072611
-0.000780818
-0.00081769
-0.000855097
-0.00101502
-0.00122352
-0.00143038
-0.00160565
-0.00173454
-0.0018648
-0.00199493
-0.0020488
-0.00210501
-0.00216112
-0.00222049
-0.00228114
-0.00234172
-0.00238578
-0.00240561
-0.00242619
-0.00244673
-0.00247828
-0.00250947
-0.00254065
-0.00258696
-0.00263925
-0.00269132
-0.00248409
-0.00189622
-0.00132051
-0.000744782
-0.000981982
-0.00119387
-0.0014064
-0.00159188
-0.00176655
-0.00194145
-0.00207264
-0.00213975
-0.0022088
-0.00227774
-0.00237595
-0.0024732
-0.00257041
-0.00261326
-0.0026345
-0.00265638
-0.00265911
-0.00263374
-0.00260925
-0.00258475
-0.00221164
-0.00184948
-0.0014872
-0.00156805
-0.00182498
-0.00207635
-0.00225166
-0.00231514
-0.00238201
-0.00244874
-0.00250824
-0.00256793
-0.00262757
-0.00266832
-0.00270154
-0.00273498
-0.00264834
-0.00238542
-0.00212806
-0.00187069
-0.0020365
-0.00218927
-0.00234235
-0.00241494
-0.00245549
-0.00249701
-0.00253724
-0.00257563
-0.00261406
-0.00265247
-0.00267637
-0.00270069
-0.00272499
-0.00254503
-0.00228391
-0.00202541
-0.0019807
-0.00224998
-0.00250954
-0.00276924
-0.00277156
-0.0027817
-0.00279159
-0.00278731
-0.00277739
-0.00276765
-0.00273803
-0.0026792
-0.00262129
-0.00256339
-0.00262959
