0
0.0132264
0.0121135
0.0121152
0.0120244
0.0119797
0.0119885
0.0119929
0.0119847
0.0118601
0.0117454
0.0116301
0.0116963
0.0117927
0.0118865
0.0118131
0.0115029
0.0112127
0.0109556
0.011005
0.0110292
0.0110554
0.0109824
0.0108928
0.0108047
0.0107937
0.0108921
0.0109814
0.011055
0.0109833
0.0109236
0.0108629
0.010672
0.0104594
0.0102489
0.0101635
0.0102553
0.0103327
0.0103947
0.0103104
0.010238
0.0101648
0.0102336
0.0103263
0.0104169
0.0104826
0.0105127
0.0105456
0.0105418
0.0102134
0.00991148
0.00960795
0.00944786
0.00931226
0.00917492
0.00913185
0.0092221
0.0093016
0.00936618
0.00929103
0.00922709
0.00916236
0.00921673
0.00929129
0.00936414
0.00929719
0.00903184
0.00878256
0.00857232
0.00871825
0.0088359
0.00895559
0.0089552
0.00893433
0.00891511
0.00889276
0.00886617
0.00883995
0.00880711
0.00871513
0.00862791
0.00854046
0.00832674
0.00809162
0.00785853
0.00777738
0.00791195
0.00802956
0.00811842
0.00794066
0.00778385
0.00762566
0.00763013
0.00766255
0.00769276
0.00762529
0.00741885
0.00722344
0.00705714
0.00715549
0.00723333
0.00731262
0.00748352
0.00767007
0.00785513
0.00783817
0.00753415
0.00725256
0.00699146
0.00692504
0.00684386
0.00676393
0.00700516
0.00730178
0.00759373
0.00767746
0.00746493
0.00727522
0.00711281
0.00720703
0.00728167
0.00735768
0.00712173
0.00683184
0.00654646
0.00648164
0.00673073
0.0069558
0.00713008
0.00683799
0.0065814
0.00632252
0.00616779
0.00603135
0.00589375
0.00598623
0.00640578
0.00680025
0.00711061
0.00665892
0.00626478
0.00586693
0.00584807
0.00589549
0.00593791
0.00603172
0.00619812
0.00635889
0.00646386
0.00606941
0.00571254
0.00535342
0.00555913
0.00586371
0.00616055
0.00637466
0.00647038
0.00657468
0.00657911
0.00569986
0.00488688
0.00407023
0.00425164
0.00460852
0.00495201
0.0053156
0.00570658
0.00609499
0.00636761
0.00561037
0.00492941
0.00424388
0.00415997
0.00418233
0.00419693
0.00435863
0.00472911
0.00508388
0.00534824
0.0048
0.00431144
0.00381926
0.00357704
0.0033793
0.00317864
0.00340298
0.00423265
0.00501748
0.00566534
0.00507139
0.00456763
0.00405811
0.00362335
0.00320223
0.00278074
0.00277759
0.0033706
0.00392008
0.00441771
0.00443097
0.0044788
0.0045241
0.00405139
0.00348683
0.00292962
0.00253025
0.00235642
0.0021668
0.0021062
0.00318434
0.00418019
0.00518047
0.00519559
0.00503473
0.00488654
0.00448051
0.00370778
0.00296202
0.00229213
0.00230783
0.00227522
0.00224606
0.00310927
0.00413154
0.0051412
0.00546681
0.00481538
0.00423334
0.00363451
0.00292319
0.00222073
0.00151863
0.00135598
0.00129045
0.00121823
0.00166852
0.00286416
0.00400626
0.00499962
0.00464494
0.00438435
0.0041176
0.00340792
0.00261906
0.00183678
0.0012824
0.00105371
0.000802822
0.000659289
0.00145716
0.00218901
0.0029244
0.00347473
0.00399112
0.00450914
0.00447824
0.00366352
0.00290371
0.00215926
0.0015774
0.000985209
0.000394533
0.000202424
8.27319e-05
-4.1743e-05
0.000492927
0.0019692
0.00337928
0.00463734
0.00451347
0.00448378
0.00444773
0.00375922
0.0029528
0.00215548
0.00147406
0.000958742
0.000432879
-1.85694e-05
0.000182025
0.000338291
0.000497339
0.00177448
0.00325394
0.00471778
0.0052822
0.00455956
0.00392444
0.00326739
0.00246068
0.00166509
0.000869825
0.000385706
-4.11314e-05
-0.000471231
-0.000449623
0.000217683
0.000840964
0.00151065
0.0025748
0.00361123
0.00464813
0.00418187
0.00344106
0.00271949
0.00199796
0.00127791
0.00055872
-0.000120991
-0.000455408
-0.000812249
-0.00116713
-0.00046857
0.000422546
0.00129977
0.00217449
0.00304483
0.00391432
0.00460346
0.00369125
0.0028856
0.002074
0.00134444
0.000630574
-8.33809e-05
-0.00058623
-0.000787216
-0.00100771
-0.0011013
-7.5766e-05
0.000875279
0.00182995
0.00259487
0.00332414
0.00405479
0.00414237
0.00330932
0.00253725
0.00176932
0.0010659
0.000359215
-0.000346344
-0.000656499
-0.000893302
-0.00113455
-0.000978193
-0.00025264
0.000435183
0.00116331
0.00223651
0.00328607
0.00433579
0.00384176
0.00306241
0.00230243
0.00155812
0.000837638
0.000116553
-0.000558055
-0.000825425
-0.00111856
-0.00140966
-0.00122173
-0.000945065
-0.000674426
5.82516e-05
0.00145305
0.00280381
0.00395892
0.00335551
0.00286488
0.0023677
0.00161153
0.000807828
8.1634e-06
-0.000612489
-0.000976503
-0.00135633
-0.00168244
-0.00154173
-0.00143075
-0.00131803
-1.55276e-05
0.00150749
0.00301467
0.00377334
0.00345754
0.00320985
0.00289998
0.00207092
0.00127556
0.000479086
-9.54294e-05
-0.000627969
-0.00116247
-0.00155564
-0.00174648
-0.00194975
-0.00199213
-0.000606689
0.000687782
0.00198632
0.00255434
0.00298519
0.00342405
0.00332755
0.00246353
0.00164834
0.000847529
0.000194285
-0.000467313
-0.00112757
-0.00142174
-0.00164696
-0.00187617
-0.00196596
-0.00185605
-0.00175863
-0.00151166
6.49725e-05
0.00155758
0.00305354
0.00305508
0.00277584
0.00251423
0.00204412
0.00127599
0.000527128
-0.000192776
-0.000650725
-0.00112418
-0.00159611
-0.00180345
-0.00196075
-0.00212092
-0.00189062
-0.00109965
-0.00034391
0.000429158
0.00134499
0.002251
0.00315651
0.00289911
0.00242251
0.00195984
0.00138777
0.000659508
-5.83904e-05
-0.000733387
-0.00102646
-0.00134233
-0.00165643
-0.00182568
-0.00196735
-0.00211053
-0.00199821
-0.00151887
-0.00106225
-0.000518429
0.000796478
0.00206335
0.00333159
0.00325345
0.00268038
0.00213774
0.00148909
0.000690436
-9.82647e-05
-0.000837202
-0.00113377
-0.00145646
-0.00177721
-0.00198413
-0.00216924
-0.00235542
-0.00250682
-0.00260839
-0.00271281
-0.00274439
-0.00212776
-0.00155046
-0.000971497
-0.00012055
0.000830058
0.00177362
0.00213308
0.00165217
0.00122165
0.000766481
0.000113841
-0.000526341
-0.0011665
-0.00153571
-0.00180475
-0.00207938
-0.00230402
-0.00245737
-0.00261474
-0.00276847
-0.00289335
-0.00301977
-0.00314596
-0.00294671
-0.00268553
-0.0024283
-0.0017029
-0.000303876
0.00105405
0.00224015
0.00188203
0.00161463
0.00134224
0.000825251
0.000218109
-0.000383066
-0.000947841
-0.00146004
-0.00197471
-0.00245108
-0.00259133
-0.00275096
-0.00290927
-0.00300825
-0.00308518
-0.00316329
-0.00325952
-0.00338198
-0.00350278
-0.0034589
-0.00194377
-0.000515432
0.000916267
0.00139476
0.00152022
0.0016659
0.00154895
0.00105557
0.000584418
0.000103846
-0.00045377
-0.00100632
-0.00155852
-0.00187409
-0.00210179
-0.00233426
-0.0025009
-0.00257323
-0.00265087
-0.00258486
-0.00123849
3.31824e-05
0.00130767
0.00181606
0.00204014
0.00228016
0.00218196
0.00159785
0.00104206
0.000487694
-4.45553e-05
-0.000577457
-0.00110972
-0.00147758
-0.00178417
-0.00209389
-0.00230968
-0.00239053
-0.00247892
-0.00252709
-0.00222034
-0.00193399
-0.00164681
-0.000580285
0.000775056
0.00211259
0.00273668
0.00233145
0.0019846
0.00159343
0.000832521
9.32406e-05
-0.000646424
-0.00110183
-0.00145127
-0.00180626
-0.00206072
-0.00217087
-0.00228898
-0.00240087
-0.00246233
-0.00252653
-0.00259051
-0.00259197
-0.00257016
-0.00254967
-0.00195245
-0.000523455
0.000857662
0.00207367
0.00180219
0.00161366
0.00142073
0.000894366
0.000244061
-0.000398653
-0.000947732
-0.00136145
-0.0017822
-0.00217379
-0.0023119
-0.00246386
-0.00261489
-0.00274112
-0.002858
-0.00297527
-0.00304431
-0.00304384
-0.00304719
-0.0029039
-0.00145172
-7.30552e-05
0.00130814
0.00167774
0.00166985
0.00168265
0.00144923
0.000862132
0.000295032
-0.000259197
-0.000693488
-0.00113386
-0.00157342
-0.0018707
-0.00211466
-0.00236127
-0.00257113
-0.0027283
-0.00288817
-0.00303298
-0.00304584
-0.00306587
-0.00308548
-0.00287295
-0.00257381
-0.00227969
-0.00152836
-0.000117102
0.0012569
0.00246562
0.00219054
0.00199596
0.00179724
0.00125895
0.000593931
-6.35346e-05
-0.000611575
-0.00100132
-0.00139917
-0.00178084
-0.00202515
-0.00227658
-0.00252736
-0.00265708
-0.00274141
-0.00282808
-0.00288788
-0.00290911
-0.00293238
-0.00282067
-0.00150326
-0.000251737
0.00100197
0.00156722
0.00187434
0.00219491
0.00218731
0.0017068
0.001252
0.000793815
0.000313754
-0.000164632
-0.000642599
-0.00104059
-0.00140835
-0.00177732
-0.00206225
-0.002226
-0.002396
-0.00255904
-0.00266428
-0.00277246
-0.00288036
-0.00230335
-0.00146979
-0.00065065
0.000185015
0.00104386
0.00190058
0.00263283
0.00225834
0.00194249
0.0016239
0.00108903
0.00047324
-0.000137651
-0.000673713
-0.00110153
-0.00153457
-0.00193842
-0.00208726
-0.0022493
-0.00241049
-0.00253744
-0.00265145
-0.00276602
-0.00284752
-0.00288132
-0.00291758
-0.00280956
-0.00141287
-8.47543e-05
0.00124555
0.00169682
0.00181745
0.00195513
0.00178766
0.00118024
0.00059628
2.02303e-05
-0.000478994
-0.000981681
-0.00148367
-0.00179546
-0.0020355
-0.002279
-0.00247007
-0.00258571
-0.00270513
-0.00277635
-0.00241933
-0.00208476
-0.00174938
-0.000672912
0.00068191
0.00202102
0.00275007
0.00259596
0.00248737
0.00232405
0.00169139
0.00108345
0.000474866
-3.68582e-05
-0.000511809
-0.000988155
-0.001379
-0.00164647
-0.00191997
-0.00217327
-0.00225081
-0.00233724
-0.00242313
-0.00220061
-0.00186195
-0.00152954
-0.000754256
0.000661732
0.00204371
0.00327512
0.00315565
0.00310487
0.00305066
0.00257385
0.00193781
0.00131049
0.000720187
0.000183815
-0.000354743
-0.000868976
-0.001171
-0.00148344
-0.00179504
-0.00196455
-0.00208032
-0.00219868
-0.00225329
-0.00221583
-0.00218305
-0.00200607
-0.000541151
0.000857573
0.00225822
0.00260452
0.00255239
0.00252029
0.00229401
0.00178801
0.00129653
0.000803234
0.000296361
-0.000209326
-0.000714566
-0.0010229
-0.00125662
-0.00149384
-0.0016998
-0.0018609
-0.00202407
-0.00217212
-0.00218709
-0.00220867
-0.0022299
-0.00128906
1.51545e-05
0.00130003
0.00210697
0.00222072
0.00236872
0.00245248
0.00197805
0.00153171
0.00108443
0.000573152
3.79184e-05
-0.000495603
-0.000911361
-0.00115663
-0.00141006
-0.00165307
-0.00180843
-0.00196795
-0.00212711
-0.00219783
-0.00223501
-0.0022738
-0.00191399
-0.000976678
-6.86417e-05
0.00080149
0.00132675
0.0018684
0.00240872
0.00226566
0.00186366
0.00147472
0.000994239
0.000381851
-0.000223495
-0.000790824
-0.00101969
-0.00126484
-0.00150896
-0.00166634
-0.0017907
-0.00191655
-0.00203572
-0.00214537
-0.00225538
-0.00233391
-0.00213183
-0.00194358
-0.00175484
-0.000778242
0.00049679
0.00175613
0.00246383
0.00237118
0.00231734
0.00222017
0.00175184
0.00130189
0.000851493
0.000391554
-7.17644e-05
-0.000534473
-0.000885775
-0.0010757
-0.00127321
-0.0014523
-0.00147128
-0.00149794
-0.0015242
-0.000771655
0.000276397
0.00130926
0.00200759
0.00222011
0.0024557
0.00260852
0.00203256
0.00149202
0.0009503
0.000428571
-8.52986e-05
-0.000599052
-0.000980405
-0.00116993
-0.00136843
-0.00155321
-0.00162074
-0.00169378
-0.00176649
-0.00186399
-0.00197086
-0.00207719
-0.00178669
-0.000920474
-8.24041e-05
0.00072223
0.00122204
0.00173583
0.00224847
0.00207405
0.00163818
0.00121509
0.000745369
0.0002087
-0.0003243
-0.000829083
-0.00108386
-0.00135019
-0.00161572
-0.001757
-0.00185086
-0.00194686
-0.00205294
-0.00217384
-0.00229393
-0.00240736
-0.00246168
-0.00251873
-0.0025756
-0.00176812
-0.000631667
0.000488303
0.00123499
0.00143921
0.00166863
0.0018174
0.00125683
0.000729938
0.000201963
-0.000307468
-0.000809578
-0.00131156
-0.00169554
-0.00190844
-0.00212911
-0.00233648
-0.00242976
-0.00252825
-0.00262642
-0.00268038
-0.00271745
-0.00275526
-0.00278457
-0.0028016
-0.00281918
-0.00275829
-0.00199559
-0.00126609
-0.000535724
6.29424e-05
0.000611035
0.00116096
0.00139564
0.00117291
0.00097149
0.000735843
0.000201253
-0.000319067
-0.000839565
-0.00120998
-0.00152288
-0.00183814
-0.00208278
-0.00222516
-0.0023721
-0.00250461
-0.00251088
-0.00252293
-0.00253471
-0.00222985
-0.00180414
-0.00138436
-0.00067622
0.000450585
0.00155722
0.00254529
0.00247211
0.00244747
0.00242063
0.00206335
0.00157987
0.00110258
0.000603911
7.43762e-05
-0.000453272
-0.000954416
-0.00122143
-0.00149885
-0.00177554
-0.00193196
-0.00204228
-0.00215459
-0.00224252
-0.00229521
-0.00234945
-0.00238662
-0.00227202
-0.00216438
-0.00205653
-0.00106609
0.000261689
0.00157304
0.00239855
0.00251747
0.00266816
0.00273606
0.00207699
0.00145127
0.000824604
0.000290642
-0.000207559
-0.00070692
-0.00108375
-0.00128279
-0.00148962
-0.00168605
-0.00179392
-0.00190566
-0.00201713
-0.00210344
-0.00218005
-0.00225703
-0.0023323
-0.00240514
-0.00247802
-0.00249712
-0.00203539
-0.00159554
-0.0011551
-0.000281477
0.000757801
0.00178877
0.00239535
0.00238482
0.00240176
0.00233538
0.00153432
0.000766625
-1.86892e-06
-0.000444736
-0.000762479
-0.00108549
-0.00132897
-0.00145728
-0.00159058
-0.00172535
-0.00187616
-0.00202613
-0.002176
-0.00228969
-0.00238944
-0.00248972
-0.00253316
-0.00249402
-0.00245855
-0.00242825
-0.00244537
-0.00246038
-0.00247547
-0.00178881
-0.000833022
0.000110095
0.00104388
0.00196368
0.00288328
0.00368564
0.00344491
0.00325014
0.00305352
0.0023416
0.001432
0.000531858
-0.000137688
-0.000471551
-0.000819799
-0.00115268
-0.00135607
-0.00156494
-0.00177338
-0.00191688
-0.00203533
-0.00215477
-0.00227248
-0.00238779
-0.0025031
-0.00260452
-0.00258234
-0.00256556
-0.00254855
-0.0025902
-0.00265437
-0.00271751
-0.0027554
-0.0027565
-0.0027592
-0.00271683
-0.00227166
-0.00184432
-0.00141657
-0.000282485
0.00112284
0.00251522
0.00328969
0.00316467
0.00307857
0.00299087
0.00233477
0.00170374
0.00107217
0.000495062
-6.08005e-05
-0.000617099
-0.00104565
-0.00128852
-0.00153916
-0.00178926
-0.00194039
-0.00209564
-0.00225058
-0.00232809
-0.00237572
-0.0024246
-0.00248385
-0.00255831
-0.00263206
-0.00270578
-0.00277272
-0.0028399
-0.00290701
-0.00291248
-0.00289419
-0.00287693
-0.00286987
-0.00287773
-0.00288494
-0.00289217
-0.00287128
-0.00285161
-0.00283189
-0.00276981
-0.00269143
-0.0026138
-0.00178281
0.000145124
0.00202488
0.00390509
0.00395476
0.00408195
0.00420575
0.00397934
0.00361791
0.00326249
0.00311343
0.0032651
0.00340394
0.0035432
0.00333628
0.00314414
0.00295154
0.00225833
0.00137226
0.000495064
-0.000136715
-0.000410869
-0.000699839
-0.000987942
-0.00112445
-0.00126721
-0.00140959
-0.00154919
-0.00168765
-0.00182604
-0.00195126
-0.00205737
-0.00216419
-0.00227089
-0.0023771
-0.00248324
-0.00258929
-0.00263495
-0.00265727
-0.00268054
-0.00271967
-0.00278196
-0.00284323
-0.0029045
-0.00295379
-0.00300353
-0.00305322
-0.00166959
0.000267247
0.00217946
0.00343076
0.00371839
0.00404581
0.00437131
0.00416604
0.00398296
0.00379912
0.00347211
0.00308989
0.00271028
0.00236717
0.00207727
0.0017854
0.00149386
0.00139881
0.00129573
0.00119306
0.00138823
0.00169852
0.0020038
0.00187884
0.00112671
0.000401036
-0.000325129
-0.000597007
-0.000887356
-0.00117671
-0.00137079
-0.0015279
-0.0016864
-0.00182296
-0.00192768
-0.00203363
-0.00213944
-0.00222989
-0.0023209
-0.00241181
-0.00245835
-0.00248768
-0.0025177
-0.00253911
-0.00254802
-0.00255743
-0.00256682
-0.00209766
-0.00164842
-0.00119874
-2.36217e-05
0.0014319
0.00287481
0.00356858
0.00317003
0.00281627
0.00246097
0.00207021
0.00168122
0.00129246
0.000700683
3.05189e-05
-0.00063592
-0.00111006
-0.00130388
-0.0015089
-0.0017133
-0.00180497
-0.00190113
-0.00199703
-0.00208771
-0.00217633
-0.00226495
-0.00234386
-0.00240862
-0.0024739
-0.00253911
-0.00251101
-0.00248669
-0.00246224
-0.00249764
-0.00255623
-0.00261384
-0.00269203
-0.00280019
-0.00290707
-0.00301391
-0.0030985
-0.00318391
-0.00326923
-0.00331702
-0.00335024
-0.00338402
-0.00338525
-0.00333907
-0.00329482
-0.00325053
-0.00321584
-0.00318079
-0.00314578
-0.00314641
-0.00316086
-0.00317476
-0.00318894
-0.00320354
-0.0032181
-0.00323266
-0.00320663
-0.00318224
-0.00315781
-0.00236412
-0.00127212
-0.00019285
0.000844336
0.0018198
0.00279694
0.00377323
0.00376546
0.00379674
0.00382645
0.00382844
0.00381963
0.00381127
0.00373728
0.00356756
0.00340178
0.00323596
0.00370136
0.00414143
0.00458216
0.00468825
0.00466427
0.00464544
0.00457186
0.00441871
0.00426882
0.00411892
0.00397998
0.00384072
0.00370158
0.00324461
0.0026643
0.0020893
0.0016912
0.00155138
0.00140152
0.00125217
0.00140377
0.00154344
0.00168347
0.00133629
0.000799808
0.000271154
-0.000106348
-0.000262991
-0.000428148
-0.000592844
-0.000669068
-0.000748689
-0.000828116
-0.000900864
-0.000970978
-0.00104114
-0.00115854
-0.00134493
-0.00152849
-0.00171202
-0.0011215
-0.000561564
-8.72681e-07
0.000474406
0.000916243
0.00135904
0.00127473
0.000421189
-0.000401842
-0.00122542
-0.00138453
-0.00156928
-0.00175289
-0.00191093
-0.00205893
-0.0022072
-0.00231621
-0.00236797
-0.0024219
-0.0024757
-0.0025148
-0.00255444
-0.00259403
-0.00262213
-0.00264575
-0.00266952
-0.00270475
-0.00275673
-0.00280803
-0.00285932
-0.00235955
-0.00188136
-0.00140271
-0.000361124
0.000899364
0.00215048
0.00253485
0.00165348
0.000821337
-1.20563e-05
-0.000434248
-0.00087187
-0.00130857
-0.00157686
-0.00177937
-0.00198425
-0.00212878
-0.0021854
-0.00224534
-0.00230511
-0.00237368
-0.00244187
-0.00251002
-0.0025676
-0.00262103
-0.00267459
-0.0027095
-0.00271722
-0.00272597
-0.00273467
-0.00271255
-0.00269162
-0.00267066
-0.00269405
-0.00273472
-0.0027747
-0.0028124
-0.00284672
-0.00288114
-0.00291554
-0.00291887
-0.00292338
-0.00292784
-0.00300456
-0.00310944
-0.00321318
-0.00325866
-0.00321903
-0.00318265
-0.00314616
-0.00324702
-0.00334262
-0.00343834
-0.00343481
-0.00339253
-0.00335174
-0.00331096
-0.00327028
-0.00322962
-0.00318899
-0.00312892
-0.00306963
-0.00301035
-0.00299254
-0.00299095
-0.00298875
-0.00302279
-0.00310974
-0.00319464
-0.00327955
-0.00321156
-0.00314935
-0.00308696
-0.00307227
-0.0030762
-0.00307944
-0.00312311
-0.00322582
-0.00332625
-0.00342669
-0.00342845
-0.00343389
-0.00343919
-0.00319693
-0.00285803
-0.00252298
-0.0021816
-0.00183105
-0.00148111
-0.0011314
-1.59301e-05
0.00107024
0.0021567
0.00282156
0.00332131
0.00382683
0.00409552
0.00401858
0.00395451
0.00389001
0.00399537
0.00409437
0.00419352
0.00418741
0.00414012
0.00409439
0.0040757
0.00409663
0.00411607
0.00413556
0.00410646
0.00407918
0.00405186
0.00400969
0.00396174
0.00391404
0.00385479
0.00377867
0.00370322
0.0036278
0.00357686
0.00352506
0.00347332
0.00335539
0.00321159
0.00306884
0.00286184
0.00256089
0.0022636
0.0019664
0.00182777
0.00168344
0.00153942
0.00128369
0.00098434
0.0006868
0.000542299
0.000621557
0.000692581
0.000763854
0.000586169
0.0004177
0.000249018
0.000264583
0.000352298
0.00043732
0.000377763
0.00010667
-0.000156526
-0.000419817
-0.000611813
-0.000806261
-0.00100048
-0.00109359
-0.00114705
-0.00120191
-0.00123124
-0.00122332
-0.00121677
-0.00121016
-0.00115395
-0.00109957
-0.00104517
-0.000778072
-0.000427725
-8.06441e-05
-8.29946e-05
-0.000596469
-0.0010911
-0.00158605
-0.00170769
-0.00184271
-0.00197715
-0.00133327
-0.000384524
0.000552552
0.000847958
0.000204488
-0.000404709
-0.0010147
-0.00119193
-0.00138461
-0.00157659
-0.00142991
-0.00115048
-0.000876008
-0.000348063
0.000550514
0.00143515
0.00231965
0.00173189
0.00119732
0.000661234
0.000155973
-0.00033701
-0.00083008
-0.00117452
-0.00130168
-0.00143653
-0.001571
-0.00164358
-0.00171833
-0.00179294
-0.00187129
-0.00195107
-0.00203074
-0.00209009
-0.00211972
-0.0021504
-0.00218101
-0.00145204
-0.000750625
-4.87278e-05
0.00067302
0.00140228
0.00213075
0.00220791
0.00133227
0.000491071
-0.000350751
-0.000659375
-0.000986689
-0.00131311
-0.00150628
-0.00164704
-0.00178955
-0.0018856
-0.0019138
-0.00194438
-0.00197485
-0.00206198
-0.00214705
-0.00223213
-0.00230666
-0.00237702
-0.00244748
-0.00247095
-0.0024257
-0.00238289
-0.00234004
-0.000833574
0.00062029
0.00207498
0.00244488
0.00238837
0.0023469
0.00226159
0.00211291
0.00196657
0.00182024
0.00120676
0.000610106
1.32803e-05
-0.000418006
-0.000784053
-0.00115213
-0.00142515
-0.00155927
-0.00169815
-0.00183677
-0.00189594
-0.00195784
-0.0020196
-0.00207317
-0.0021235
-0.0021739
-0.00222652
-0.0022824
-0.00233813
-0.00239383
-0.00240901
-0.00242559
-0.00244211
-0.00224886
-0.00197319
-0.00170057
-0.00095176
0.000494145
0.00191482
0.00333538
0.00307857
0.00288019
0.00267992
0.00231278
0.0018801
0.00144999
0.000952732
0.000357142
-0.00023463
-0.000826124
-0.0010141
-0.0012159
-0.00141709
-0.00154921
-0.00165409
-0.00175984
-0.00183778
-0.00187508
-0.00191376
-0.00195236
-0.00200471
-0.00205655
-0.00210837
-0.00206148
-0.00197574
-0.00189141
-0.00156592
-0.000887336
-0.000221368
0.000444576
0.00130906
0.00216612
0.00302286
0.00307919
0.00282029
0.00257239
0.00238137
0.00227413
0.0021641
0.00205424
0.00170122
0.00135677
0.00101227
0.000650575
0.000282254
-8.55888e-05
-0.000396033
-0.000622512
-0.000851705
-0.00108065
-0.00123489
-0.00139158
-0.00154808
-0.0016097
-0.00163392
-0.00165939
-0.0016905
-0.00172993
-0.00176906
-0.00180817
-0.00190211
-0.00199413
-0.00208614
-0.00153856
-0.000739093
5.12784e-05
0.000825019
0.0015742
0.00232371
0.0030727
0.00277601
0.00251497
0.00225289
0.00183151
0.00134746
0.000865864
0.000396333
-5.55604e-05
-0.000507744
-0.000959613
-0.0011007
-0.0012522
-0.00140324
-0.00147399
-0.00151303
-0.00155312
-0.00156131
-0.00152283
-0.00148594
-0.00144903
-0.00151715
-0.00158168
-0.00164629
-0.00173584
-0.00183519
-0.00193415
-0.0014521
-0.000118787
0.00118504
0.00248898
0.00230908
0.0021791
0.00204753
0.00137762
0.000495501
-0.000378913
-0.000957417
-0.00110222
-0.00126144
-0.00142007
-0.00149032
-0.00156349
-0.0016365
-0.00171656
-0.00179938
-0.00188204
-0.00193261
-0.00193617
-0.00194129
-0.00194636
-0.00206073
-0.00217138
-0.00228208
-0.00124731
0.000239346
0.00170997
0.00251668
0.00235007
0.00221594
0.00208082
0.00208361
0.00208182
0.00208018
0.00195036
0.00176997
0.00159138
0.00132878
0.000943065
0.00056169
0.000180425
-0.000238616
-0.000656129
-0.00107342
-0.00126652
-0.00137098
-0.0014783
-0.00155771
-0.00159636
-0.00163634
-0.00167625
-0.00175641
-0.00183519
-0.00191397
-0.00148338
-0.000851662
-0.00022699
0.000424026
0.00111352
0.00180129
0.00248866
0.0019507
0.0014534
0.000955094
0.000402058
-0.000172418
-0.000745811
-0.00113765
-0.00126346
-0.00139791
-0.00153199
-0.00161157
-0.00169289
-0.00177409
-0.00187887
-0.00199294
-0.00210663
-0.00219884
-0.00225959
-0.00232133
-0.00238299
-0.00168676
-0.00101575
-0.000344364
0.000238596
0.000786369
0.00133493
0.00130875
0.000440061
-0.00040059
-0.00124161
-0.00139054
-0.00156192
-0.00173246
-0.00186701
-0.00198726
-0.0021079
-0.00220593
-0.00227087
-0.00233684
-0.00240274
-0.00242048
-0.00243978
-0.00245902
-0.00246861
-0.00247438
-0.00248027
-0.00200137
-0.000811557
0.000354454
0.00152048
0.00165882
0.00183033
0.00200065
0.00178536
0.00141748
0.00105478
0.000669935
0.000252752
-0.000163117
-0.00057876
-0.000948471
-0.00131943
-0.0016901
-0.00185882
-0.00194751
-0.00203872
-0.0021211
-0.00219068
-0.00226063
-0.00233052
-0.00235286
-0.00237672
-0.00240051
-0.00240794
-0.00240887
-0.00241001
-0.00194583
-0.000799108
0.000324977
0.00144907
0.00150778
0.00160059
0.00169226
0.00147476
0.00113485
0.000799071
0.000450133
8.19788e-05
-0.000285326
-0.000652422
-0.000994937
-0.00133802
-0.00168086
-0.0018088
-0.00185153
-0.00189696
-0.00193345
-0.001957
-0.00198094
-0.00200485
-0.00208164
-0.00215671
-0.00223177
-0.00227371
-0.00230251
-0.0023317
-0.00188543
-0.000741615
0.000379306
0.00150024
0.00135543
0.00125089
0.00114514
0.000791838
0.00034051
-0.000107424
-0.000518423
-0.000875213
-0.00123349
-0.0015915
-0.00170245
-0.00182115
-0.00193952
-0.00202161
-0.00208927
-0.00215734
-0.00222527
-0.00229303
-0.00236074
-0.00242842
-0.00249532
-0.00256221
-0.00262905
-0.00254606
-0.00240366
-0.00226323
-0.00170766
-0.000542955
0.00060184
0.00174654
0.00157558
0.0014461
0.00131539
0.000869493
0.000298684
-0.000267844
-0.000703166
-0.000945919
-0.00119456
-0.00144286
-0.0015287
-0.00161957
-0.00171023
-0.00179553
-0.00187865
-0.0019618
-0.00204572
-0.0021308
-0.00221579
-0.00230073
-0.00235419
-0.0024086
-0.00246295
-0.00167594
-0.000555224
0.000554374
0.00116746
0.00105165
0.000958637
0.000864971
0.000285923
-0.000277643
-0.000841341
-0.0011425
-0.00133932
-0.00153926
-0.00170692
-0.00182738
-0.00194923
-0.00207097
-0.00216445
-0.00225875
-0.00235296
-0.00241025
-0.00245286
-0.00249589
-0.00253252
-0.00255977
-0.0025873
-0.0026148
-0.00155643
-0.000532329
0.000492197
0.000630049
0.000415635
0.000212245
-0.000136541
-0.000698323
-0.00125318
-0.0018079
-0.00193149
-0.00206831
-0.00220463
-0.00227349
-0.00231552
-0.00235835
-0.00240531
-0.0024584
-0.00251126
-0.0025641
-0.00257567
-0.00258851
-0.0026013
-0.0019455
-0.0010242
-0.000111633
0.000236587
-0.000243902
-0.000698651
-0.00115391
-0.00145108
-0.00175292
-0.00205442
-0.00218018
-0.00223602
-0.00229397
-0.00233706
-0.00235844
-0.00238047
-0.00240247
-0.00244648
-0.0024898
-0.0025331
-0.00204284
-0.00134059
-0.000645242
-0.000380626
-0.000748603
-0.00109705
-0.00144588
-0.00166677
-0.00189142
-0.00211581
-0.0022412
-0.00232715
-0.00241425
-0.00246296
-0.00245536
-0.00244947
-0.00244354
-0.00250747
-0.00256924
-0.00263104
-0.00221469
-0.00160827
-0.00100798
-0.000860032
-0.00137647
-0.00187244
-0.00236873
-0.00236491
