0
0.0162961
0.0147499
0.0145532
0.0142448
0.0141254
0.0142593
0.0143719
0.0144649
0.0143675
0.014286
0.0142034
0.0139733
0.0137189
0.0134669
0.0134504
0.0137672
0.014056
0.0142797
0.0139066
0.013583
0.0132559
0.0132246
0.0132428
0.0132569
0.0132905
0.013351
0.0134093
0.0134642
0.0134882
0.0135147
0.013541
0.0134231
0.013281
0.0131411
0.0130369
0.0129833
0.0129257
0.0128712
0.0128407
0.0128084
0.0127763
0.0126784
0.0125696
0.0124619
0.0122147
0.0117699
0.0113417
0.0110195
0.0116479
0.0121992
0.0127558
0.012404
0.0118988
0.0114065
0.0111299
0.0111599
0.0111655
0.0111432
0.0108545
0.0105874
0.010319
0.0102107
0.0101297
0.0100466
0.0102197
0.0107557
0.0112621
0.0116671
0.0111532
0.0107125
0.0102666
0.0103584
0.0105417
0.0107176
0.0106005
0.010067
0.00956701
0.00919153
0.00994344
0.0106061
0.0112747
0.0106729
0.00985413
0.00905353
0.00866686
0.00886927
0.0090256
0.00919984
0.00950361
0.00979687
0.0100905
0.00941807
0.00858021
0.00775643
0.00771027
0.00876942
0.00974172
0.010531
0.00964103
0.00888157
0.00811323
0.00814674
0.00831849
0.00847938
0.00882788
0.0094418
0.0100345
0.0104872
0.00968532
0.00898041
0.00826917
0.00781765
0.00741151
0.00700254
0.00724176
0.00840165
0.00948987
0.0103906
0.00958384
0.00890767
0.00822264
0.0078092
0.00744328
0.00707432
0.0072503
0.00820053
0.00909098
0.00986798
0.00960372
0.00941815
0.00922694
0.00857652
0.00784662
0.00712378
0.00685793
0.00724241
0.00757768
0.00795304
0.00865684
0.00933508
0.0100142
0.00941081
0.00858368
0.00777443
0.00710598
0.00663931
0.00615835
0.0058363
0.00691612
0.00789049
0.00887123
0.00892192
0.00880941
0.00870912
0.00833489
0.00757195
0.00683878
0.00616786
0.0060633
0.00591724
0.00577445
0.00676669
0.00795775
0.00913249
0.00960278
0.00906885
0.00860915
0.00808822
0.00706451
0.006079
0.00509215
0.00494794
0.0049527
0.00494661
0.00553456
0.00696773
0.00833743
0.00948281
0.00860178
0.00786888
0.00712631
0.00640068
0.00567867
0.00495744
0.0044773
0.00434036
0.00417888
0.00420082
0.00584118
0.00736274
0.00889065
0.00867175
0.00814283
0.00763691
0.00691589
0.00589025
0.00488789
0.00395662
0.00366296
0.00332418
0.0029891
0.00388776
0.00500538
0.0061058
0.00703387
0.00771505
0.00841281
0.00891943
0.00773944
0.00668073
0.00561494
0.00485448
0.00414928
0.00344116
0.00291528
0.00264861
0.00236403
0.00225592
0.00370769
0.00504757
0.00639344
0.00702629
0.00753081
0.00804362
0.00789411
0.00680042
0.00577442
0.00477462
0.00403966
0.00328722
0.00253704
0.00223215
0.00200762
0.00177781
0.00194273
0.00267058
0.00335825
0.00409749
0.0052794
0.00642893
0.00757911
0.00686456
0.00581479
0.00478969
0.00390204
0.00321258
0.00251038
0.0018546
0.00159743
0.00131313
0.00103108
0.000890843
0.000776405
0.000660349
0.00135782
0.00321749
0.00499484
0.00656174
0.00621931
0.00600811
0.00578823
0.00499044
0.00408864
0.00319518
0.00246459
0.00196704
0.00145429
0.000977944
0.000811672
0.000624534
0.000439068
0.00102086
0.00174142
0.00245159
0.00337533
0.00460389
0.00581014
0.00679545
0.00580838
0.00495592
0.00409552
0.00341708
0.00277234
0.00212619
0.0015445
0.00105444
0.000558884
0.000101628
-2.24009e-05
-0.000168628
-0.000313169
0.000470146
0.00142205
0.0023614
0.00328574
0.00418797
0.00509047
0.00580827
0.00488725
0.0040767
0.00325988
0.0025292
0.00181491
0.00110048
0.000518737
0.00012642
-0.000277946
-0.000651035
-0.000756409
-0.000879374
-0.00100101
-0.00054528
1.59161e-05
0.000569405
0.00144826
0.00279254
0.00410438
0.00522299
0.00461126
0.00411418
0.00361022
0.00283702
0.00201497
0.0011972
0.000558051
0.000174612
-0.000225071
-0.000595998
-0.000723954
-0.000867623
-0.00101008
-0.00104287
-0.0010554
-0.00106923
-0.000364562
0.00136931
0.00303397
0.00452836
0.00447951
0.00453094
0.00457579
0.00396367
0.00323069
0.00250649
0.00180157
0.00112469
0.00044687
-0.000176376
-0.000319919
-0.000494225
-0.000666323
-0.000879505
-0.00110005
-0.00131984
-0.00148066
-0.00155701
-0.00163868
-0.00151277
0.000462744
0.00231716
0.00417697
0.00421298
0.00391067
0.00363037
0.00318278
0.00249722
0.00182773
0.00117218
0.000643461
0.000107339
-0.000427629
-0.000737563
-0.00100534
-0.00127545
-0.00148237
-0.00159905
-0.00172131
-0.00181425
-0.00164984
-0.00150193
-0.00135317
0.000320621
0.00227704
0.00421314
0.00516053
0.00468866
0.00430681
0.0038591
0.00287029
0.00191677
0.000962218
0.000418513
-4.79698e-05
-0.000518712
-0.000873821
-0.00106368
-0.00126364
-0.00143219
-0.0013279
-0.00124078
-0.0011527
0.000369464
0.00215861
0.00392888
0.00494835
0.00488934
0.00489751
0.00482687
0.00408999
0.0033954
0.00269905
0.00202102
0.00134702
0.000673608
0.000127437
-0.000236384
-0.000611032
-0.000950836
-0.000989155
-0.00104604
-0.0011017
-0.00101816
-0.000908511
-0.000800606
-2.44912e-05
0.00171131
0.00338599
0.00486395
0.00456747
0.00438022
0.0041865
0.0034777
0.00267247
0.00187412
0.00120767
0.000730891
0.000243104
-0.000219921
-0.000472565
-0.000737729
-0.00100181
-0.00113579
-0.0012451
-0.00135577
-0.000714586
0.0010069
0.0026607
0.00414799
0.00412695
0.00419735
0.00426213
0.00356063
0.00271483
0.00187877
0.00114886
0.000571905
-1.3581e-05
-0.00055203
-0.000680571
-0.000833651
-0.000985069
-0.00109387
-0.00118689
-0.00128075
-0.00139337
-0.00153311
-0.00167105
-0.00164416
-0.000145063
0.00126408
0.00267692
0.00292962
0.00296199
0.00300749
0.00275821
0.00208618
0.00144017
0.000810107
0.000330386
-0.000157712
-0.000644731
-0.000937876
-0.00115937
-0.00138486
-0.00156093
-0.00166638
-0.0017759
-0.00188175
-0.00195795
-0.00203582
-0.0021135
-0.00110092
0.000313012
0.00170158
0.00256153
0.00265941
0.00280207
0.00284609
0.00203386
0.00127296
0.00050993
-6.02917e-05
-0.000593247
-0.00112776
-0.00146794
-0.00152885
-0.00160605
-0.00169057
-0.00184985
-0.00200457
-0.00215938
-0.00219112
-0.00217737
-0.0021663
-0.00165468
-0.000422669
0.00076595
0.00184569
0.00194093
0.00209329
0.00224216
0.0018401
0.0012345
0.000641405
5.67066e-05
-0.00051516
-0.00108711
-0.0016098
-0.00169772
-0.00181066
-0.00192203
-0.00197464
-0.00200544
-0.00203746
-0.0021043
-0.00222143
-0.00233553
-0.00234794
-0.00145118
-0.000607694
0.000237878
0.000991714
0.00171112
0.00243168
0.00265677
0.00216855
0.00172171
0.00125002
0.000573349
-9.08333e-05
-0.00075497
-0.00109544
-0.00131567
-0.00154251
-0.00172244
-0.00183546
-0.00195216
-0.00206314
-0.00212588
-0.0021913
-0.00225649
-0.00182229
-0.00120304
-0.000594986
0.000117403
0.000979567
0.00183228
0.00255964
0.00216959
0.00184311
0.00151341
0.000941077
0.000278916
-0.000377434
-0.000870163
-0.00112687
-0.00139658
-0.00164936
-0.00175987
-0.00187825
-0.00199606
-0.00208071
-0.00215298
-0.00222585
-0.00170783
-0.000337804
0.000983016
0.00217089
0.00215753
0.00221129
0.00226125
0.00179168
0.00112901
0.000477838
-9.15372e-05
-0.000542338
-0.000999235
-0.00142262
-0.00155361
-0.0017007
-0.00184673
-0.00191237
-0.00194801
-0.00198527
-0.00201098
-0.00202019
-0.0020303
-0.00190334
-0.000551716
0.000730755
0.00201563
0.00237596
0.00239155
0.00242612
0.00215241
0.00143542
0.000743613
8.21283e-05
-0.000301951
-0.000700849
-0.0010985
-0.00126485
-0.00134479
-0.00142938
-0.00149503
-0.00153377
-0.00157393
-0.00161433
-0.00165787
-0.0017012
-0.00174448
-0.000776739
0.000567837
0.0018904
0.00257462
0.00233624
0.00214835
0.00192617
0.00142062
0.000931021
0.000441086
-1.54793e-05
-0.000459302
-0.000903333
-0.00120299
-0.00129445
-0.00139708
-0.00149884
-0.0015991
-0.00169934
-0.00179946
-0.00183531
-0.00184711
-0.00186019
-0.00124458
0.000278895
0.00175184
0.00305133
0.00278835
0.00260965
0.00242662
0.001872
0.00117857
0.000493325
-8.63321e-05
-0.000513177
-0.00094775
-0.00134058
-0.00136763
-0.00141421
-0.00145969
-0.00151755
-0.00157999
-0.00164211
-0.00167186
-0.00165485
-0.00164034
-0.00148575
-7.97303e-05
0.00125823
0.00259838
0.00280601
0.00258911
0.00239498
0.00202687
0.00140904
0.000805107
0.000214473
-0.000255728
-0.000731804
-0.00120707
-0.00142789
-0.00155314
-0.00168331
-0.00175934
-0.0017576
-0.00175996
-0.00165641
-0.000607803
0.000389959
0.00138935
0.00204521
0.00257178
0.00310459
0.00316312
0.00253675
0.00194695
0.00135675
0.000775303
0.000194006
-0.00038669
-0.0007601
-0.00105541
-0.00135449
-0.00158407
-0.00171361
-0.00184822
-0.00197052
-0.00198611
-0.00200724
-0.00202806
-0.00111236
0.000154832
0.00140244
0.00221404
0.00239417
0.00260688
0.00272534
0.00201794
0.00135407
0.000688625
0.000125513
-0.000398808
-0.000924591
-0.00131696
-0.00151671
-0.0017262
-0.00190867
-0.0018558
-0.00181512
-0.00177385
-0.00134291
-0.00076551
-0.00019624
0.000518069
0.00144189
0.00235399
0.00312283
0.00261246
0.00216821
0.00172103
0.00118628
0.000618783
5.35448e-05
-0.000420089
-0.000761279
-0.00110889
-0.00143206
-0.00154245
-0.00166358
-0.00178404
-0.00132329
-0.000643703
2.40524e-05
0.000824972
0.00181806
0.00280037
0.00365067
0.00332331
0.00305607
0.00278605
0.00227381
0.00167045
0.00107231
0.000541405
0.000107932
-0.00033003
-0.000741288
-0.000919282
-0.00110888
-0.0012977
-0.00137607
-0.00141268
-0.00145136
-0.000920782
0.000433844
0.00174563
0.00292682
0.00293103
0.00299437
0.00305469
0.0026277
0.00201681
0.00141575
0.000877993
0.000432339
-1.74816e-05
-0.000436256
-0.00058282
-0.000742847
-0.000902042
-0.00103289
-0.00115292
-0.00127337
-0.000861682
0.000320678
0.00146346
0.00249325
0.0025037
0.00256486
0.00262343
0.00237134
0.00200183
0.00163851
0.00122412
0.000736007
0.000252037
-0.000202036
-0.000390675
-0.000592267
-0.000793019
-0.000918358
-0.00101507
-0.00111309
-0.000735685
0.000330438
0.00136153
0.00230371
0.00244314
0.00262197
0.00279868
0.00249387
0.00200681
0.00152919
0.00109803
0.000734672
0.000368341
1.90851e-05
-0.000181607
-0.000389385
-0.000596612
-0.000738677
-0.000855956
-0.000974333
-0.000693044
0.000167388
0.000998687
0.00177446
0.00204722
0.00234425
0.00263981
0.00242075
0.00200662
0.00160238
0.00117034
0.00069851
0.000229071
-0.000219574
-0.000484796
-0.000758665
-0.00103185
-0.00116686
-0.00124935
-0.00133431
-0.000879039
0.000359287
0.00155853
0.00263989
0.00265885
0.00272911
0.00279683
0.00245561
0.00195926
0.00147087
0.000990738
0.000522935
5.49886e-05
-0.000386007
-0.000589548
-0.000804309
-0.00101832
-0.00116256
-0.00128019
-0.00139898
-0.00103392
3.27811e-05
0.00106484
0.00199761
0.00203507
0.00211533
0.00219347
0.00184855
0.00134292
0.00084546
0.000363703
-9.4922e-05
-0.000554213
-0.000971946
-0.00102164
-0.00108882
-0.0011551
-0.00127834
-0.00142317
-0.00156684
-0.00149104
-0.00109679
-0.000718038
-0.000313147
0.000321863
0.000945365
0.00156882
0.00141611
0.000968055
0.000534389
6.32019e-05
-0.000461619
-0.00098341
-0.00146436
-0.00158255
-0.00171774
-0.001852
-0.00189421
-0.00190132
-0.00191008
-0.00194042
-0.00200222
-0.00206249
-0.00203315
-0.00120192
-0.000409123
0.000384738
0.000607411
0.000612314
0.000627418
0.00045354
6.07163e-06
-0.000428176
-0.000853731
-0.00119919
-0.00154808
-0.00189647
-0.00204534
-0.00211804
-0.00219422
-0.00223175
-0.00221343
-0.00219773
-0.00219141
-0.00227006
-0.00234469
-0.00241944
-0.00173779
-0.000767929
0.000187654
0.000673914
0.000478169
0.000314223
0.000118934
-0.000344789
-0.000795655
-0.0012467
-0.00154348
-0.00178122
-0.00202147
-0.00217516
-0.00220344
-0.00223747
-0.00227219
-0.00231565
-0.00235866
-0.00240165
-0.0024241
-0.00243869
-0.00245362
-0.00206337
-0.00108465
-0.000133851
0.000704098
0.000527642
0.000397879
0.000266095
-7.64305e-05
-0.000499356
-0.000918213
-0.00124423
-0.0014353
-0.00163236
-0.0018176
-0.00190102
-0.00198901
-0.00207671
-0.00211696
-0.00213903
-0.00216191
-0.00188156
-0.00116074
-0.000460613
0.000203272
0.000539466
0.000890249
0.00124005
0.00113881
0.000865027
0.000599325
0.000234548
-0.000273762
-0.000775108
-0.0012444
-0.00142764
-0.00162365
-0.00181891
-0.00184288
-0.00180125
-0.00176263
-0.00170475
-0.00161907
-0.00153473
-0.00134378
-0.000198637
0.000902493
0.00200461
0.00227954
0.00223752
0.00220979
0.00192703
0.00127454
0.000639244
3.13044e-05
-0.00032937
-0.000700809
-0.00107143
-0.00131503
-0.0015098
-0.00170659
-0.00182609
-0.00183349
-0.00184588
-0.00183671
-0.00163663
-0.00144526
-0.00125366
-0.000386266
0.000739801
0.00185334
0.0024519
0.00230138
0.00218433
0.00201144
0.00135127
0.00071334
7.49921e-05
-0.000348953
-0.000690444
-0.00103529
-0.0012969
-0.00143786
-0.00158403
-0.00172302
-0.00180073
-0.00188109
-0.00196125
-0.00193156
-0.00185971
-0.00178978
-0.00123392
2.85723e-05
0.00125878
0.00235573
0.00225579
0.00220867
0.00215926
0.00168133
0.00103903
0.000404518
-8.27206e-05
-0.00035552
-0.000637497
-0.000908404
-0.00108583
-0.0012672
-0.00144824
-0.00160712
-0.00175741
-0.00190795
-0.00205144
-0.00218478
-0.00231845
-0.00244463
-0.00250486
-0.00256793
-0.00263081
-0.00268488
-0.00273554
-0.00278629
-0.00235533
-0.00122351
-0.000123188
0.000914141
0.00138291
0.001876
0.00236759
0.00195563
0.00119635
0.000452792
-0.000129357
-0.000475945
-0.000832443
-0.00117437
-0.00139215
-0.00161512
-0.00183768
-0.00194848
-0.00201621
-0.00208575
-0.00215581
-0.00222678
-0.00229765
-0.00236846
-0.0024258
-0.00248368
-0.00254148
-0.00261841
-0.00270268
-0.00278656
-0.002715
-0.00241723
-0.00212943
-0.00184146
-0.00061567
0.000568817
0.00175406
0.00189493
0.0016335
0.00138953
0.000939922
0.000191996
-0.000542525
-0.00127699
-0.00142901
-0.0016058
-0.00178137
-0.00187443
-0.00193561
-0.00199811
-0.00205521
-0.00210455
-0.00215419
-0.00220376
-0.00218653
-0.00217214
-0.00215765
-0.00218376
-0.00222551
-0.00226656
-0.00228012
-0.00225361
-0.00222882
-0.00220398
-0.00131903
-0.000471271
0.000377342
0.00106714
0.00169537
0.00232567
0.00239644
0.00165279
0.000944175
0.000234681
-0.000153751
-0.000555402
-0.000956156
-0.00122515
-0.00144316
-0.00166313
-0.00184199
-0.00196119
-0.00208279
-0.0022042
-0.00226568
-0.00232962
-0.00239341
-0.00245448
-0.00251447
-0.00257446
-0.00263118
-0.00268317
-0.00273531
-0.00278741
-0.00286524
-0.00294193
-0.0030186
-0.00186435
-0.000235194
0.00137276
0.00233473
0.00235499
0.00241451
0.00247235
0.00210764
0.00176085
0.0014136
0.000845
0.000191127
-0.000458656
-0.000849159
-0.000861915
-0.000890353
-0.000918116
-0.00102099
-0.00112066
-0.00122038
-0.00136135
-0.0015182
-0.00167426
-0.0018098
-0.00191544
-0.00202223
-0.00212888
-0.002195
-0.00226273
-0.00233035
-0.00240141
-0.00247378
-0.00254603
-0.00195026
-0.000380975
0.0011469
0.00267523
0.00270103
0.00278864
0.00287364
0.00279906
0.00266273
0.00252904
0.00214284
0.00138872
0.000650307
-8.81417e-05
-0.000380862
-0.000691611
-0.00100137
-0.00120407
-0.00136521
-0.00152792
-0.00166631
-0.00176939
-0.00187383
-0.00197814
-0.00175529
-0.00154598
-0.0013363
-0.000345612
0.00094708
0.00222641
0.00284455
0.00249848
0.00219194
0.00188403
0.00110216
0.000340201
-0.000421952
-0.000775951
-0.00097165
-0.00117361
-0.00134835
-0.00148384
-0.00162081
-0.00175761
-0.00181395
-0.0018735
-0.00193288
-0.00200337
-0.00207813
-0.00215266
-0.00223145
-0.00231645
-0.00240114
-0.00248577
-0.00084091
0.000732889
0.00230828
0.00245766
0.00205402
0.00167297
0.00116294
0.000466031
-0.000222802
-0.000911406
-0.00115609
-0.0014184
-0.0016798
-0.00183632
-0.00195208
-0.00206937
-0.00216904
-0.00224312
-0.00231818
-0.00239313
-0.00236735
-0.00234561
-0.00232373
-0.00120821
0.00033126
0.00185257
0.00260897
0.00224912
0.00193409
0.00161752
0.000873424
0.000146956
-0.000579635
-0.000869071
-0.000988646
-0.00111488
-0.00124014
-0.00136443
-0.00148866
-0.00161279
-0.00165293
-0.00169638
-0.00173966
-0.00158694
-0.00135815
-0.00113256
-0.000487647
0.000768977
0.0020004
0.00323184
0.00235989
0.00157177
0.000780956
0.000235501
-0.000214412
-0.00066774
-0.00100505
-0.00117343
-0.00134834
-0.00152286
-0.00163713
-0.00175367
-0.00187004
-0.00194459
-0.00200286
-0.00206172
-0.00211933
-0.00217515
-0.00223099
-0.0022868
-0.000735867
0.000750838
0.00223889
0.00253629
0.00237053
0.00222304
0.00209746
0.0020049
0.00191111
0.00181745
0.00158711
0.0013623
0.00113745
0.000627955
7.95006e-06
-0.000607261
-0.00103165
-0.00117747
-0.00133403
-0.00149005
-0.00154356
-0.00160101
-0.00165826
-0.00170888
-0.00175689
-0.00180497
-0.00149878
-0.000675458
0.000127158
0.000929956
0.00133321
0.00175164
0.00216916
0.0016178
0.000689425
-0.000223642
-0.000852825
-0.00106701
-0.00129707
-0.00152633
-0.00162808
-0.00173467
-0.001841
-0.00194398
-0.0020456
-0.0021472
-0.00223297
-0.00229565
-0.00235917
-0.00242261
-0.00152495
-0.000664953
0.000195834
0.000792612
0.00128627
0.0017835
0.00187356
0.0013694
0.000888432
0.000406939
-6.72293e-05
-0.000541315
-0.00101504
-0.00124641
-0.0013832
-0.00152351
-0.00163936
-0.00171975
-0.00180143
-0.00188301
-0.00199488
-0.00210551
-0.0022161
-0.00228292
-0.00233265
-0.00238299
-0.00242592
-0.00245808
-0.00249063
-0.00252313
-0.00132795
-0.000180356
0.000968175
0.00140013
0.00155237
0.00171512
0.00175972
0.00163239
0.00151169
0.00139082
0.000747241
0.000123953
-0.000499632
-0.000881868
-0.00116976
-0.001461
-0.00167939
-0.00179166
-0.00190786
-0.00202382
-0.00208159
-0.00214152
-0.00220132
-0.00226508
-0.00233036
-0.00239553
-0.00220816
-0.00165184
-0.00110982
-0.000567674
0.000226993
0.00101157
0.00179594
0.00194224
0.00183929
0.00174578
0.00140811
0.000714192
3.41488e-05
-0.000645905
-0.000849528
-0.00107084
-0.00129133
-0.00145293
-0.00159146
-0.00173074
-0.00185146
-0.00194518
-0.00203983
-0.00213438
-0.00220245
-0.00227145
-0.00234037
-0.00237048
-0.00238542
-0.00240091
-0.00217299
-0.00158936
-0.00101941
-0.000449374
-0.000353206
-0.000239493
-0.000126516
-0.000417824
-0.00086708
-0.00131014
-0.00163332
-0.00178109
-0.00193526
-0.00208908
-0.00212864
-0.0021724
-0.00221597
-0.00227758
-0.00234621
-0.00241452
-0.00245804
-0.0024653
-0.0024739
-0.00248245
-0.00207628
-0.00168572
-0.00129486
-0.000460046
0.000548122
0.00154916
0.00215185
0.00217219
0.00221394
0.00225487
0.00230715
0.00235897
0.00241077
0.00198171
0.00136464
0.000754921
0.000214982
-0.000222758
-0.000663925
-0.00110464
-0.00123022
-0.00136725
-0.00150376
-0.00161146
-0.00170783
-0.00180454
-0.00190042
-0.00199512
-0.00208979
-0.0021844
-0.0014931
-0.00083099
-0.000168298
0.000295074
0.000680199
0.00106789
0.000948183
8.67677e-05
-0.00074702
-0.00158121
-0.00166493
-0.00177588
-0.00188576
-0.0019401
-0.00197265
-0.00200596
-0.00205119
-0.0021139
-0.00217594
-0.00223795
-0.000866367
0.00045228
0.00177189
0.00211592
0.00207748
0.0020529
0.00167626
0.000785436
-8.61592e-05
-0.000957819
-0.00115253
-0.00137153
-0.00158951
-0.00171477
-0.00180361
-0.0018937
-0.00197114
-0.00203015
-0.00208978
-0.00214935
-0.00145728
-0.000792744
-0.000127699
0.000464415
0.00102769
0.0015916
0.00188249
0.00177425
0.00168041
0.00158612
0.00125863
0.000939733
0.000620757
0.000199446
-0.00026184
-0.000721365
-0.00105127
-0.00119163
-0.00133866
-0.00148534
-0.00160083
-0.00171734
-0.00183374
-0.00187133
-0.00187797
-0.0018857
-0.00144704
-0.000355282
0.000712429
0.00178023
0.00160674
0.00147754
0.00134686
0.000821803
0.000142118
-0.000531588
-0.00100165
-0.00117365
-0.0013561
-0.00153806
-0.00169338
-0.00184953
-0.00200554
-0.00209305
-0.00215361
-0.00221509
-0.00204002
-0.00151887
-0.00101033
-0.000501706
0.000157463
0.000810847
0.00146397
0.00147474
0.00123317
0.00100068
0.000611085
-8.01552e-06
-0.00061859
-0.00122903
-0.00131811
-0.00142548
-0.00153212
-0.00164693
-0.00176489
-0.00188266
-0.00197161
-0.00201843
-0.0020667
-0.00211488
-0.00168593
-0.00127402
-0.000861804
-0.000304851
0.000308773
0.000919982
0.00117891
0.000922274
0.000683863
0.000444981
-4.60404e-05
-0.000527902
-0.00100975
-0.00125334
-0.00140316
-0.00155615
-0.00167379
-0.00173992
-0.00180779
-0.00187555
-0.0019433
-0.00201101
-0.00207867
-0.00211747
-0.00214492
-0.00217274
-0.0019031
-0.00119799
-0.000508516
0.000181026
0.000279109
0.00039766
0.000515418
0.000105396
-0.000512126
-0.00112202
-0.00154777
-0.00170369
-0.00186885
-0.00203358
-0.00213311
-0.00223483
-0.00233641
-0.00238291
-0.00240771
-0.00243325
-0.00238243
-0.00221985
-0.00206124
-0.0019026
-0.000903935
6.50747e-05
0.00103444
0.00122174
0.00110109
0.000991121
0.000813759
0.000538217
0.000266242
-5.66817e-06
-0.00040779
-0.000805161
-0.00120242
-0.00139982
-0.00151844
-0.00163968
-0.00175321
-0.00185563
-0.00195836
-0.00206101
-0.00163219
-0.00122187
-0.000811191
-0.000493004
-0.000211369
7.13238e-05
0.000346328
0.000610222
0.000874315
0.00113822
0.000556696
4.42201e-06
-0.000548473
-0.000836179
-0.00101929
-0.00120584
-0.00137865
-0.00153157
-0.00168507
-0.00183845
-0.00197076
-0.00210371
-0.00223654
-0.00226907
-0.00226204
-0.00225637
-0.00206895
-0.00161536
-0.00117111
-0.000726848
-0.000460112
-0.000187539
8.46507e-05
-0.0002304
-0.000776868
-0.00131513
-0.00169348
-0.00183731
-0.00198898
-0.00214028
-0.00219692
-0.00225671
-0.00231636
-0.0023731
-0.00242868
-0.00248426
-0.00220741
-0.00144352
-0.000696557
5.04706e-05
0.000142667
0.00025685
0.000370216
-3.74919e-05
-0.000650619
-0.00125643
-0.00165975
-0.00176621
-0.00188257
-0.00199852
-0.00199498
-0.00199544
-0.00199578
-0.00207863
-0.00219401
-0.00230822
-0.00221684
-0.00182418
-0.00144187
-0.00105946
-0.000753562
-0.000445308
-0.00013734
-9.82632e-05
-0.000165346
-0.000228838
-0.000449152
-0.000899121
-0.00134113
-0.0017831
-0.00189812
-0.00202396
-0.00214935
-0.00216797
-0.00214443
-0.00212231
-0.00212077
-0.00214947
-0.00217715
-0.00220484
-0.00129782
-0.000422456
0.000453376
0.000712388
0.000727693
0.000751074
0.00053391
-3.54043e-05
-0.000592669
-0.00114996
-0.00135998
-0.00158135
-0.0018022
-0.00193238
-0.00202667
-0.00212209
-0.00220224
-0.00226009
-0.00231865
-0.00237714
-0.00243846
-0.00249963
-0.00256078
-0.00185441
-0.000845006
0.000153744
0.000579534
0.000165217
-0.000221164
-0.00060821
-0.000977178
-0.0013465
-0.00171556
-0.00189403
-0.00199708
-0.00210255
-0.00217682
-0.00220553
-0.00223572
-0.00226584
-0.00211106
-0.00196243
-0.00181371
-0.00120914
-0.000424572
0.000353592
0.000774262
0.000670738
0.000584428
0.000497612
0.00042401
0.000350024
0.000276099
0.000141951
-1.59655e-05
-0.000173003
-0.00043016
-0.000834126
-0.00123304
-0.00163186
-0.0017388
-0.00185517
-0.00197116
-0.00205463
-0.00212521
-0.00219615
-0.0022524
-0.00228713
-0.00232253
-0.0023579
-0.0015893
-0.000847311
-0.000104937
0.000122814
0.00014684
0.000177456
7.43774e-05
-0.00022443
-0.000516703
-0.000808999
-0.00110044
-0.00139172
-0.00168282
-0.00179742
-0.00184212
-0.00188906
-0.00197066
-0.00210324
-0.00223408
-0.0023649
-0.00240196
-0.00244202
-0.00248196
-0.00238854
-0.00224234
-0.00209793
-0.00170865
-0.000960246
-0.000223881
0.000512397
0.000326752
0.00017087
1.41316e-05
-0.000402859
-0.000922776
-0.00143906
-0.00180117
-0.00193717
-0.00208033
-0.00222316
-0.00227131
-0.00232246
-0.00237347
-0.00238777
-0.00238752
-0.00238774
-0.00242105
-0.00250295
-0.00258324
-0.00266353
-0.00271629
-0.00276989
-0.00282342
-0.00220305
-0.00131586
-0.00043775
-0.000150735
-0.000731005
-0.00128326
-0.00183605
-0.00200997
-0.00219584
-0.00238121
-0.00248816
-0.00256399
-0.00264076
-0.00267873
-0.00265984
-0.00264278
-0.00262566
-0.0026196
-0.00261319
-0.00260679
-0.00266702
-0.00275365
-0.00283938
-0.00271484
-0.00228179
-0.00185877
-0.00143571
-0.00128654
-0.00112879
-0.000971407
-0.00126761
-0.00174357
-0.00221355
-0.00252531
-0.00260478
-0.00269153
-0.002778
-0.00282986
-0.00288277
-0.00293562
-0.00296838
-0.00299315
-0.00301816
-0.00302838
-0.00301692
-0.00300614
-0.00299536
-0.00274882
-0.00250986
-0.0022708
-0.00164992
-0.000877775
-0.000110864
0.000285176
0.000136952
5.89863e-06
-0.000125611
-0.000704893
-0.00126977
-0.00183475
-0.00210764
-0.00226452
-0.00242493
-0.00254304
-0.00259929
-0.00265743
-0.00271548
-0.00274503
-0.00277544
-0.00280581
-0.00281165
-0.00280775
-0.00280416
-0.00253337
-0.00187041
-0.00122009
-0.000569779
-0.000519987
-0.000451519
-0.000383675
-0.000681056
-0.00112335
-0.00156086
-0.00189304
-0.00207052
-0.0022527
-0.00243461
-0.00248657
-0.00254253
-0.00259834
-0.00267254
-0.00275403
-0.00283524
-0.00288879
-0.00290173
-0.00291592
-0.00293007
-0.00261997
-0.0023201
-0.0020201
-0.00158837
-0.00110446
-0.000622464
-0.000545857
-0.00106431
-0.00156405
-0.00206407
-0.00222575
-0.00239778
-0.00256938
-0.00265714
-0.00271154
-0.00276695
-0.00282523
-0.0028878
-0.0029502
-0.00301257
-0.0030004
-0.00299053
-0.00298059
-0.00248993
-0.00180839
-0.00113313
-0.000873973
-0.00122582
-0.0015587
-0.00189195
-0.00211732
-0.00234587
-0.00257417
-0.00268009
-0.00273731
-0.00279599
-0.00285712
-0.00292191
-0.00298656
-0.00305116
-0.00307977
-0.00310946
-0.0031391
-0.00272983
-0.00214618
-0.00156821
-0.00141557
-0.00188754
-0.00234017
-0.00279312
-0.00283945
-0.00289814
-0.00295643
-0.00302956
-0.00310856
-0.00318733
-0.00324002
-0.00325444
-0.00327001
-0.00328554
-0.00283445
-0.00239782
-0.00196102
-0.00207927
-0.0024183
-0.00275041
-0.00297424
-0.00303882
-0.0031082
-0.00317739
-0.00321842
