0
0.0122068
0.0110586
0.0110593
0.0109646
0.0109935
0.0111856
0.0113637
0.0115107
0.0113712
0.0112556
0.0111382
0.010991
0.0108389
0.0106874
0.0107338
0.0110601
0.0113628
0.0115867
0.0110939
0.0106607
0.0102234
0.0102871
0.0104346
0.010575
0.0107672
0.0110319
0.0112903
0.0114627
0.0108673
0.0103353
0.009799
0.00991525
0.0101411
0.0103577
0.0104598
0.010399
0.0103514
0.0103011
0.0102357
0.0101716
0.0101076
0.00990672
0.00968302
0.00946152
0.00936104
0.00943212
0.00948933
0.0095512
0.00964535
0.00973677
0.00982826
0.00964834
0.00942262
0.00920091
0.00917248
0.00941836
0.00964202
0.0098312
0.00970006
0.00959454
0.00948716
0.00945349
0.00943237
0.00941029
0.00932393
0.00914626
0.00897607
0.00882851
0.00888572
0.00892671
0.00896891
0.00922615
0.00951984
0.00981022
0.00986186
0.0095746
0.00931433
0.00909978
0.00930846
0.00948374
0.00966137
0.00938236
0.00902542
0.0086751
0.00836749
0.00812099
0.00787012
0.00766681
0.00788116
0.0080628
0.0082467
0.00816491
0.00803753
0.00791388
0.00782884
0.00779896
0.00776488
0.00774191
0.00781471
0.00788002
0.0079458
0.00797892
0.00800638
0.00803422
0.00800298
0.00788787
0.00777935
0.00765428
0.00738482
0.0071268
0.00686829
0.00686053
0.00689622
0.00692854
0.00714407
0.00761964
0.00807474
0.00845139
0.00812006
0.00784286
0.00756199
0.00757355
0.00763587
0.00769426
0.00761098
0.00732586
0.00705638
0.00681876
0.00687255
0.00690435
0.00693775
0.00705481
0.00718636
0.00731663
0.00737139
0.00731867
0.00727408
0.00723212
0.00721853
0.00720285
0.00718735
0.00690738
0.00658144
0.00625941
0.00614521
0.00632699
0.00648652
0.00660363
0.00632948
0.00608471
0.00583814
0.00632912
0.006949
0.00755844
0.00764706
0.00699352
0.00639563
0.00584428
0.00573785
0.00559885
0.00546245
0.00535187
0.00524601
0.00513995
0.00501852
0.00487511
0.00473351
0.00460749
0.00461997
0.00462233
0.00462541
0.00484094
0.00509377
0.00534352
0.00557438
0.00577819
0.00598366
0.00616496
0.00613415
0.00611877
0.00610228
0.00570825
0.00524773
0.00479268
0.00441167
0.00413645
0.00385399
0.0035836
0.00341286
0.0032352
0.0030583
0.00300601
0.00297594
0.00294431
0.00284729
0.00265684
0.00247335
0.00233709
0.00262458
0.00288139
0.00314002
0.00337482
0.00360514
0.00383546
0.00416509
0.00463655
0.00509726
0.00549329
0.00531074
0.00516948
0.00502549
0.00454716
0.00400954
0.00347688
0.00309107
0.00291497
0.00272432
0.00255334
0.00254651
0.00252812
0.00251058
0.00241563
0.00230693
0.00219934
0.0023601
0.00290393
0.00342015
0.00391658
0.00422475
0.00454566
0.00486523
0.00463246
0.00430065
0.00397622
0.00384943
0.00400541
0.00414149
0.00424505
0.00404748
0.0038711
0.00369349
0.00334276
0.00296118
0.00258226
0.00229862
0.00215109
0.00199436
0.00185187
0.00182906
0.00179802
0.0017676
0.00195667
0.00218522
0.00241073
0.00271407
0.00312843
0.00353461
0.00391522
0.00406715
0.00423453
0.00440063
0.00420022
0.00393362
0.0036719
0.00349372
0.00343528
0.00336876
0.00327335
0.00291456
0.00257418
0.002233
0.00215342
0.00212142
0.00208624
0.00234672
0.00302963
0.00368301
0.00427476
0.00430562
0.00437434
0.00444041
0.0043794
0.00429528
0.00421284
0.00404854
0.0037673
0.00349431
0.00318589
0.0025634
0.00196282
0.00136158
0.00128405
0.00130218
0.00131387
0.00143804
0.00172249
0.00199585
0.00219879
0.00176937
0.00138267
0.00099365
0.000795182
0.00063174
0.000466186
0.000483296
0.000761528
0.00102206
0.00123841
0.00105256
0.000893595
0.000733057
0.000645316
0.000570987
0.00049587
0.000758374
0.00150413
0.00221705
0.00284954
0.00275217
0.00270293
0.0026506
0.00272503
0.00282264
0.00291859
0.00287432
0.0026291
0.00239736
0.00215909
0.00186805
0.00158084
0.00129376
0.00114783
0.00102805
0.00090673
0.000848862
0.000881669
0.000908535
0.000992496
0.001583
0.00213985
0.00269816
0.00289069
0.00301549
0.00314451
0.00315866
0.0030087
0.00286953
0.00271889
0.00247059
0.0022289
0.0019871
0.00173042
0.00147122
0.00121252
0.00106928
0.00109143
0.00110293
0.00109565
0.000914643
0.000745007
0.00057486
0.000550807
0.000553875
0.000555206
0.000548148
0.000528898
0.000510451
0.000480767
0.00035102
0.000227812
0.000104344
0.000235594
0.000414079
0.000589336
0.000558278
0.000231099
-7.68881e-05
-0.000291604
0.000334381
0.000906364
0.00148104
0.0018337
0.0021447
0.00245794
0.00271504
0.002892
0.00307379
0.00318845
0.00270819
0.00226595
0.00182187
0.00150333
0.00120851
0.000912574
0.000750827
0.000781377
0.000799847
0.000799139
0.000620542
0.000453286
0.000285531
0.0003807
0.000524979
0.000666016
0.000735645
0.000702548
0.000675885
0.000631895
0.000436485
0.000250723
6.45921e-05
0.000265786
0.000539424
0.000808236
0.00106172
0.0012929
0.00152517
0.00175597
0.00197646
0.00219732
0.00241789
0.00212349
0.00173257
0.00134809
0.00112359
0.00112925
0.00112076
0.00108206
0.000765677
0.000466714
0.00016705
4.82774e-05
-3.63344e-05
-0.000122933
-8.21616e-05
0.000141373
0.000353469
0.000525675
0.000337356
0.000171249
3.99182e-06
1.31334e-05
5.55321e-05
9.58562e-05
0.000408676
0.00111294
0.00179258
0.00240265
0.00238441
0.00240427
0.0024218
0.00234783
0.00225658
0.00216648
0.00187974
0.00131035
0.000758712
0.000275264
0.000405292
0.000498207
0.000593244
0.000630193
0.000645814
0.000662699
0.000640902
0.000563613
0.000489745
0.000422483
0.000415366
0.000404656
0.000394174
0.000405055
0.000419985
0.000434655
0.000377873
0.00021831
6.50669e-05
-9.3852e-05
-0.000301547
-0.000506092
-0.00071058
-0.00074161
-0.000708716
-0.000679658
-0.000665513
-0.000673146
-0.00067948
-0.000624703
-2.33208e-05
0.000545007
0.00111462
0.00140417
0.00159028
0.00178229
0.00189934
0.00190919
0.00192534
0.00189577
0.0014612
0.00105097
0.000639786
0.000583596
0.000595188
0.000602788
0.000560243
0.000445175
0.000334491
0.000297037
0.00091517
0.00149424
0.00207492
0.00198765
0.0016537
0.00133454
0.00101418
0.0006932
0.000372633
7.77209e-05
9.28266e-06
-7.22431e-05
-0.000152914
-9.36911e-05
1.72439e-05
0.000125051
0.000164754
0.000106177
5.33577e-05
9.42425e-07
-4.53581e-05
-9.19585e-05
-0.000138488
-0.000233776
-0.000347047
-0.00045915
-0.000534862
-0.000558121
-0.000584374
-0.000564989
-0.000139571
0.000262024
0.000664525
0.000961075
0.0012182
0.00147729
0.0015262
0.0012726
0.00103661
0.000794055
0.000499731
0.000208701
-8.21849e-05
-0.000246082
-0.000362783
-0.000482041
-0.000469101
-0.00026594
-7.38364e-05
8.56225e-05
-5.0569e-05
-0.000169807
-0.000289873
-0.000287245
-0.000239103
-0.000193597
-0.000161728
-0.000149714
-0.000136589
-0.000126744
-0.000145517
-0.000162653
-0.000179862
0.000207176
0.000744118
0.001272
0.00151914
0.00136105
0.00122593
0.00106942
0.000732083
0.000405283
7.82578e-05
1.21253e-05
4.30204e-05
6.84421e-05
-2.67306e-05
-0.000296252
-0.000555715
-0.000771545
-0.000594646
-0.000439885
-0.000284061
-0.000257564
-0.000279179
-0.000298088
-0.000364396
-0.000498856
-0.000629374
-0.000748435
-0.00076429
-0.00078586
-0.000807089
-0.000789952
-0.000758531
-0.000727937
-0.000538849
-0.000121154
0.000283428
0.000668973
0.000881414
0.00110318
0.00132419
0.00113321
0.000788776
0.000453181
0.000193602
4.42599e-05
-0.000110985
-0.000251341
-0.000262889
-0.000281503
-0.000299708
-0.000369552
-0.000458604
-0.000546506
-0.000532756
-0.000372243
-0.000219938
-8.90627e-05
-0.000152452
-0.000205157
-0.000258388
-0.000137886
4.73857e-05
0.000228924
0.000426981
0.00064868
0.000868851
0.00105426
0.00093005
0.000822804
0.000714753
0.000516938
0.00028569
5.65062e-05
-0.000153489
-0.000335733
-0.000519283
-0.000660932
-0.000430217
-0.00021988
-8.66974e-06
-9.49175e-06
-8.95744e-05
-0.000165296
-0.000170599
-7.38919e-05
1.7218e-05
8.73527e-05
-3.19624e-05
-0.000140964
-0.000250402
-0.000315438
-0.000363828
-0.000413059
-0.000486889
-0.000596349
-0.000703783
-0.000768994
-0.000456656
-0.000164841
0.000127759
0.00042087
0.000714013
0.00100684
0.00117784
0.00117294
0.00117742
0.0011687
0.00104645
0.000930364
0.000814078
0.000616443
0.000388436
0.000162283
-2.45035e-05
-0.000154373
-0.00028712
-0.000407481
-0.000419577
-0.00043739
-0.000454881
-0.000113998
0.000361099
0.000828608
0.00114955
0.00125828
0.00137808
0.00147309
0.0013527
0.00124377
0.00113436
0.000898861
0.000616173
0.000336261
0.000209204
0.000303204
0.000385513
0.000420459
2.70734e-05
-0.000343475
-0.000714831
-0.000874378
-0.000954288
-0.00103828
-0.00107576
-0.00104635
-0.00102047
-0.00098377
-0.000851828
-0.000724985
-0.000598008
-9.20014e-05
0.000556184
0.00119631
0.00161328
0.00170722
0.00181783
0.0018757
0.00147073
0.00109016
0.000708719
0.000408158
0.00013818
-0.0001331
-0.000372711
-0.000566754
-0.000762948
-0.000930905
-0.000848954
-0.000779969
-0.000710388
-0.000147839
0.000599965
0.00133747
0.00180116
0.00186828
0.0019557
0.00199718
0.00163789
0.00129952
0.000960419
0.000694578
0.000456472
0.000217191
4.70365e-05
-2.32994e-05
-9.8664e-05
-0.000182776
-0.000348043
-0.000509002
-0.000670015
-0.000511192
-0.000231893
4.09884e-05
0.00026642
0.000422826
0.000582582
0.000754663
0.00103981
0.00131892
0.00159806
0.00162714
0.00156187
0.00150144
0.00143286
0.00135279
0.00127339
0.00116275
0.000772426
0.000396621
2.04631e-05
-0.000145342
-0.000231652
-0.000321882
-0.000213976
0.000180466
0.000560091
0.00094068
0.00132624
0.00171117
0.00209574
0.00213711
0.00204882
0.00196712
0.00192952
0.00195624
0.00197972
0.00195557
0.0015041
0.00107445
0.000644143
0.000516236
0.000502696
0.000483463
0.000430074
0.000326778
0.000226071
0.0001712
0.00052667
0.000861371
0.00119677
0.00153401
0.00187176
0.00220915
0.0023056
0.00205316
0.00181827
0.00159862
0.0015213
0.00143702
0.00135316
0.00115526
0.000914318
0.00067574
0.000512104
0.000457108
0.000396807
0.000352965
0.000453523
0.000546868
0.000640476
0.000582613
0.000467419
0.000355156
0.000471585
0.000919585
0.00135087
0.00174023
0.00175057
0.00177948
0.00180746
0.00178207
0.00173646
0.00169188
0.00167101
0.00168454
0.00169638
0.0016959
0.00158457
0.00147876
0.00137277
0.00112708
0.000828528
0.000532843
0.000342887
0.000306269
0.000262232
0.000207729
5.60025e-05
-9.0857e-05
-0.00023781
-0.000290156
-0.000306573
-0.000324715
-0.000139073
0.000341903
0.000808125
0.00125625
0.00153961
0.00183066
0.00212106
0.00201535
0.00175928
0.0015107
0.00130523
0.0011627
0.00101727
0.000870012
0.000704082
0.00053921
0.000374445
0.000243874
0.000126369
8.35039e-06
-9.79037e-05
-0.000187188
-0.000277199
-0.000354276
-0.000316626
-0.000284502
-0.000252144
-3.55848e-05
0.00025089
0.000533752
0.000749981
0.000869425
0.00099337
0.00109725
0.00102452
0.000960272
0.000895678
0.000707631
0.000472717
0.000240254
8.47122e-06
-0.000222261
-0.000452823
-0.000636143
-0.000398437
-0.000180911
3.73656e-05
-3.40337e-05
-0.000215641
-0.000391862
-0.000597974
-0.000847159
-0.00109407
-0.00130386
-0.0011823
-0.00107649
-0.000970036
-0.000904344
-0.0008542
-0.000803371
-0.00073665
-0.000646794
-0.00055811
-0.000465995
-0.000343006
-0.000221582
-0.000100199
-7.57299e-05
-8.8207e-05
-9.8941e-05
-0.00022443
-0.000516373
-0.000800254
-0.00104513
-0.000939688
-0.000850718
-0.000761062
-0.00083393
-0.000968718
-0.00110049
-0.00119668
-0.00124106
-0.00128782
-0.001324
-0.00126696
-0.0012143
-0.00116149
-0.00121798
-0.00131613
-0.00141225
-0.00143132
-0.00133841
-0.00125078
-0.0011435
-0.000861855
-0.000588547
-0.000315107
-0.000124168
3.5179e-05
0.000195838
0.000164812
-0.000144416
-0.000440522
-0.000717325
-0.000818137
-0.000926966
-0.00103533
-0.0011011
-0.00115055
-0.00120072
-0.00115049
-0.000954519
-0.000765424
-0.000585275
-0.000486641
-0.000384358
-0.000282337
-0.000248132
-0.000239868
-0.000230424
-0.000242123
-0.000284451
-0.000325339
-0.000372178
-0.000471983
-0.000569278
-0.0006666
-0.000752446
-0.00083386
-0.000915402
-0.000903539
-0.000756017
-0.000614803
-0.000490056
-0.000514231
-0.000531615
-0.000549292
-0.000590456
-0.000640589
-0.000690271
-0.000662967
-0.000523791
-0.000389809
-0.00026172
-0.000187513
-0.000110935
-3.45337e-05
9.62416e-05
0.00024776
0.000398205
0.000401357
0.000190444
-1.06228e-05
-0.000195686
-0.000234974
-0.000280794
-0.000326277
-0.000352699
-0.000371799
-0.000391211
-0.000452539
-0.000574823
-0.000694259
-0.000795527
-0.000733888
-0.00067961
-0.00062505
-0.000381178
-6.48784e-05
0.000247896
0.000390255
0.000284781
0.000190481
0.000116427
0.000227398
0.000330011
0.000432905
0.000496347
0.000544635
0.000593556
0.000514444
0.000249246
-7.43376e-06
-0.000251438
-0.000380409
-0.000514377
-0.000648004
-0.000758118
-0.00085915
-0.000960495
-0.000994545
-0.000930807
-0.000871458
-0.000785967
-0.000467814
-0.000160237
0.000147535
0.000341806
0.000492419
0.000644827
0.000754209
0.000801204
0.000850909
0.000864635
0.000557735
0.00026523
-2.76504e-05
-0.000121338
-0.000138494
-0.000159
-0.000288032
-0.000575148
-0.000855069
-0.00109598
-0.000986848
-0.000893162
-0.000798882
-0.000816036
-0.000875984
-0.000934007
-0.00104193
-0.00122233
-0.00139941
-0.00155897
-0.0015616
-0.00157107
-0.00158024
-0.00158409
-0.00158587
-0.00158774
-0.00155951
-0.00148747
-0.0014174
-0.0013383
-0.00117868
-0.00102271
-0.000866708
-0.000889853
-0.000981884
-0.00107085
-0.00113147
-0.00115069
-0.00117168
-0.00120004
-0.0012951
-0.00138719
-0.00147933
-0.00143031
-0.001327
-0.00122613
-0.00116204
-0.00115161
-0.00113887
-0.00112624
-0.000857111
-0.000599272
-0.000341168
3.08922e-05
0.000446645
0.00086016
0.00110642
0.00110926
0.00112257
0.00113541
0.00123456
0.00132992
0.00142535
0.00111593
0.000650726
0.000192593
-0.000136894
-0.000278855
-0.000428718
-0.000578116
-0.000605166
-0.000637421
-0.000669427
-0.000657035
-0.000627536
-0.000598793
-0.0006321
-0.00075578
-0.000875505
-0.000995296
-0.000982033
-0.000974442
-0.000966617
-0.00102825
-0.00111663
-0.0012038
-0.00120445
-0.00107907
-0.00095915
-0.000839097
-0.000671698
-0.000506447
-0.000341245
-0.000308195
-0.000326135
-0.000341902
-0.000382424
-0.000458865
-0.000533724
-0.000608587
-0.000701106
-0.000792802
-0.000884456
-0.00103237
-0.00120193
-0.00137043
-0.00146296
-0.00144483
-0.00143137
-0.00141773
-0.00140879
-0.00139966
-0.00139055
-0.00139391
-0.00140209
-0.00141005
-0.00135774
-0.0012176
-0.00108127
-0.000944883
-0.000786567
-0.000629302
-0.000472124
-0.00031064
-0.000147572
1.52943e-05
0.000172108
0.000320161
0.000468456
0.000616617
0.000528079
0.000449478
0.000370528
3.20257e-05
-0.000406618
-0.000840731
-0.00107515
-0.0010185
-0.000974001
-0.000929031
-0.000799689
-0.000673956
-0.000548178
-0.00065028
-0.000840432
-0.00102678
-0.00116407
-0.00122974
-0.00129831
-0.0013667
-0.00139462
-0.0014242
-0.00145368
-0.001463
-0.00146451
-0.00146634
-0.00139197
-0.00120654
-0.00102585
-0.000845108
-0.000973213
-0.0010885
-0.00120423
-0.00125791
-0.00128757
-0.00131819
-0.00133629
-0.0013362
-0.00133687
-0.0013375
-0.00135929
-0.00138019
-0.00140112
-0.00110323
-0.000682073
-0.000266303
-6.79392e-05
-0.000186646
-0.000292298
-0.000398397
-9.94097e-05
0.0001828
0.000465463
0.000746147
0.00102594
0.00130555
0.00137879
0.00115131
0.000936249
0.000720858
0.000525989
0.000330445
0.000135087
-3.25549e-06
-0.00011944
-0.00023643
-0.000353291
-0.000470064
-0.000586745
-0.000703335
-0.000818608
-0.00093384
-0.00104898
-0.00094865
-0.000764844
-0.000584561
-0.000502029
-0.000562177
-0.000616517
-0.000671047
-0.000569563
-0.000474452
-0.000379161
-0.000570257
-0.000872318
-0.00116967
-0.00136959
-0.00142725
-0.00149058
-0.00155364
-0.00158335
-0.00161438
-0.00164533
-0.00153156
-0.00136169
-0.0011942
-0.001158
-0.00131335
-0.0014609
-0.00160865
-0.00136564
-0.00113845
-0.000910809
-0.000704564
-0.000506709
-0.000308677
-0.000157376
-7.4153e-05
1.1719e-05
9.7417e-05
0.000231649
0.00036384
0.000496007
0.000504783
0.000465645
0.000428445
0.000557713
0.000929937
0.00129221
0.0016546
0.0010934
0.000569301
4.41455e-05
-0.00012982
-0.000167313
-0.000210183
-0.000237374
-0.000242026
-0.000247565
-0.000253066
-0.000241964
-0.000231527
-0.000221073
-0.000332103
-0.000490289
-0.00064649
-0.000780777
-0.000883032
-0.00098647
-0.00108978
-0.00118315
-0.00127684
-0.00137044
-0.00137134
-0.00133621
-0.00130252
-0.00124702
-0.00115976
-0.00107381
-0.000987883
-0.000637787
-0.000298325
4.12882e-05
-7.90225e-05
-0.00037814
-0.000670023
-0.000732763
-0.000460759
-0.000202059
5.69584e-05
5.51035e-05
6.34405e-05
7.13729e-05
4.78528e-05
1.20997e-05
-2.31485e-05
-0.000163909
-0.000458667
-0.000747196
-0.00103574
-0.00102647
-0.00102879
-0.00103065
-0.000997073
-0.000949703
-0.000902907
-0.000865829
-0.000842955
-0.000819548
-0.00079618
-0.000591154
-0.000393327
-0.000195376
-0.000387813
-0.000732164
-0.00107037
-0.00130201
-0.00137785
-0.00145966
-0.00154117
-0.00148709
-0.0014383
-0.00138934
-0.0014599
-0.00157699
-0.00169219
-0.00175065
-0.0017262
-0.00170496
-0.00168361
-0.0015357
-0.00139278
-0.00124978
-0.00107673
-0.000892042
-0.000707943
-0.000703243
-0.000960478
-0.00120747
-0.00145466
-0.00134242
-0.00124403
-0.00114519
-0.00122511
-0.00137466
-0.00152144
-0.00163492
-0.00169966
-0.00176622
-0.00183265
-0.00177272
-0.00171766
-0.00166245
-0.00144873
-0.00117328
-0.000900394
-0.000780189
-0.000883031
-0.000977305
-0.00107183
-0.000559513
-7.06569e-05
0.000418719
0.000465247
0.000339007
0.000219422
2.47879e-05
-0.000279138
-0.00057869
-0.000878179
-0.000873388
-0.000880125
-0.000886422
-0.0010252
-0.00121562
-0.00140395
-0.00155432
-0.0016492
-0.0017461
-0.00184286
-0.00148732
-0.00114912
-0.000810519
-0.000594566
-0.00042658
-0.000256913
-0.000286249
-0.000606174
-0.000914922
-0.00122386
-0.00123571
-0.00125872
-0.0012813
-0.00121304
-0.00110932
-0.00100701
-0.00102957
-0.00123464
-0.00143271
-0.0016309
-0.00150251
-0.00138645
-0.00127002
-0.00117592
-0.00109057
-0.00100496
-0.000949932
-0.000939544
-0.000927495
-0.000915518
-0.00105362
-0.00118602
-0.00131854
-0.00140666
-0.00147739
-0.00154872
-0.00157704
-0.00154254
-0.00151042
-0.00147822
-0.00142703
-0.00137659
-0.00132615
-0.00126393
-0.00119713
-0.00113055
-0.00115431
-0.0013101
-0.00146087
-0.00161172
-0.00153255
-0.00146197
-0.00139111
-0.0012693
-0.00112759
-0.000986727
-0.000891142
-0.000861738
-0.000829911
-0.000798196
-0.000774463
-0.000750453
-0.00072647
-0.000601606
-0.000437327
-0.00027462
-0.000195856
-0.000239835
-0.000279263
-0.00031883
9.17609e-05
0.0004855
0.000879569
0.000815896
0.000573107
0.000337072
9.77954e-05
-0.000145934
-0.000389321
-0.000632542
-0.000717782
-0.000808747
-0.000899436
-0.000976092
-0.00104722
-0.0011185
-0.00120132
-0.00130105
-0.00140009
-0.00149909
-0.00123272
-0.00097988
-0.000726732
-0.000466044
-0.000202507
6.07338e-05
0.000105007
-0.000170839
-0.000434831
-0.000699062
-0.000843522
-0.000992232
-0.00114068
-0.00115722
-0.00112208
-0.00108884
-0.00104998
-0.00100298
-0.000956315
-0.000909672
-0.000404701
8.32982e-05
0.000571558
0.000660864
0.000593782
0.000532406
0.000289933
-0.000217122
-0.000714248
-0.00121137
-0.00121378
-0.00123404
-0.00125364
-0.00122121
-0.0011684
-0.00111635
-0.00107554
-0.0010512
-0.00102628
-0.0010014
-0.000736957
-0.000481325
-0.00022556
-0.000165178
-0.000181444
-0.000194945
-0.000236671
-0.000319544
-0.000400882
-0.000482216
-0.000595384
-0.000707331
-0.000819241
-0.000894604
-0.000955598
-0.00101706
-0.000864308
-0.000398201
5.63699e-05
0.000511028
0.000204455
-7.47122e-05
-0.000354659
-0.000453446
-0.000481112
-0.000511294
-0.000387908
-3.99808e-05
0.000299699
0.000639432
0.000583958
0.000542588
0.000500747
0.000234157
-0.00012056
-0.000471892
-0.000693018
-0.000723564
-0.000760854
-0.000797878
-0.000943551
-0.00108527
-0.00122702
-0.0012454
-0.00121533
-0.00118699
-0.00117853
-0.00119922
-0.00121888
-0.00123855
-0.00119885
-0.00116129
-0.00112367
-0.00110031
-0.00108256
-0.00106463
-0.00111084
-0.0012509
-0.00138755
-0.00152423
-0.00125737
-0.0010049
-0.00075211
-0.000721182
-0.000777442
-0.000830597
-0.000852984
-0.000830196
-0.00080901
-0.000787783
-0.000636151
-0.000489202
-0.000342191
-0.000270405
-0.000228217
-0.00018502
-0.000246257
-0.000460289
-0.000668824
-0.000877405
-0.000937637
-0.00100301
-0.00106817
-0.00108214
-0.00107598
-0.00107053
-0.000921809
-0.000563391
-0.000212537
0.000138336
0.000157745
0.000188689
0.00021921
3.03768e-06
-0.000310084
-0.000619614
-0.000809479
-0.000824071
-0.000844746
-0.000865195
-0.000823135
-0.000783274
-0.000743365
-0.000857313
-0.00103175
-0.00120397
-0.00134142
-0.00142791
-0.00151611
-0.00160419
-0.00144115
-0.00128691
-0.00113248
-0.00106104
-0.00102229
-0.000982442
-0.000892745
-0.000729991
-0.000569872
-0.000409772
-0.000695292
-0.000965248
-0.00123556
-0.0012491
-0.00116156
-0.00107757
-0.00104677
-0.00109403
-0.00113857
-0.00118317
-0.00099893
-0.000822683
-0.000646283
-0.000652847
-0.000731458
-0.000807542
-0.000897665
-0.00100824
-0.00111804
-0.00122779
-0.00125787
-0.00129066
-0.00132333
-0.00124781
-0.00112971
-0.00101315
-0.000849759
-0.000617828
-0.000388398
-0.000159039
-0.000502021
-0.000825236
-0.0011489
-0.00123576
-0.00122928
-0.00122598
-0.00122342
-0.00122209
-0.00122071
-0.00121934
-0.00133342
-0.0014435
-0.00155364
-0.00153103
-0.00145611
-0.00138302
-0.00132678
-0.0012953
-0.00126299
-0.00123074
-0.0012869
-0.00134003
-0.00139323
-0.00149956
-0.0016268
-0.00175325
-0.00176025
-0.00159226
-0.0014303
-0.00126825
-0.00133884
-0.00140152
-0.00146443
-0.00155163
-0.00164839
-0.00174477
-0.00179269
-0.00176964
-0.00174901
-0.0017283
-0.00136915
-0.00102164
-0.000673963
-0.000676971
-0.000818321
-0.000954925
-0.00110258
-0.00126625
-0.00142927
-0.0015922
-0.00159128
-0.00159587
-0.00160026
-0.00162315
-0.00165333
-0.00168325
-0.00153464
-0.00112442
-0.000723234
-0.000322016
-0.000363718
-0.000390579
-0.000417918
-0.000535261
-0.000688094
-0.000839639
-0.00102385
-0.00125591
-0.00148622
-0.00171644
-0.00172537
-0.00174167
-0.00175771
-0.00147839
-0.00108255
-0.000690859
-0.000519373
-0.000670691
-0.000811175
-0.000951924
-0.00101541
-0.00108142
-0.00114731
-0.00108357
-0.00096866
-0.000855524
-0.000835474
-0.000951909
-0.00106374
-0.00117566
-0.00121271
-0.00125223
-0.00129163
-0.00122362
-0.00111319
-0.00100424
-0.00101059
-0.00118597
-0.00135565
-0.00152541
-0.00157733
-0.0016331
-0.00168871
-0.00165054
-0.00157532
-0.00150137
-0.00133103
-0.00101941
-0.000712654
-0.000405938
-0.000664185
-0.000903677
-0.00114363
-0.00124464
-0.00129071
-0.00133854
-0.00142125
-0.00155518
-0.00168735
-0.00181948
-0.00180362
-0.00179262
-0.00178146
-0.00176337
-0.00174254
-0.00172182
-0.00171213
-0.00171862
-0.00172458
-0.00173056
-0.00174168
-0.00175264
-0.00176358
-0.00162905
-0.00143702
-0.001247
-0.00117909
-0.00129028
-0.00139556
-0.00150096
-0.00147137
-0.00144619
-0.00142088
-0.00144462
-0.00148775
-0.00153023
-0.00148609
-0.00131493
-0.00114801
-0.000981061
-0.00106687
-0.00114441
-0.00122217
-0.00131502
-0.00141381
-0.00151233
-0.00156499
-0.00155038
-0.00153797
-0.00152549
-0.00161173
-0.00169471
-0.00177775
-0.00159318
-0.00130276
-0.00101594
-0.000945158
-0.00119129
-0.00142702
-0.00166295
-0.0017164
-0.0017757
-0.00183478
-0.00185622
-0.00186274
-0.00186974
-0.00183079
-0.00172445
-0.00162035
-0.00151624
-0.00145964
-0.00140156
-0.00134356
-0.00123992
-0.00111825
-0.000997241
-0.000973304
-0.00109175
-0.00120555
-0.00131942
-0.00136198
-0.0014068
-0.00145152
-0.00153902
-0.00164343
-0.00174723
-0.00182751
-0.00187328
-0.00192013
-0.00196691
-0.00201127
-0.00205568
-0.00210006
-0.00206924
-0.00200863
-0.00194901
-0.00192351
-0.00194809
-0.00197106
-0.00199407
-0.00196181
-0.00193133
-0.00190082
-0.00174475
-0.00153898
-0.00133491
-0.00126508
-0.00139217
-0.00151292
-0.0016338
-0.00165062
-0.00167072
-0.00169071
-0.00176588
-0.00186288
-0.00195914
-0.00195872
-0.00181646
-0.00167878
-0.00154105
-0.00131278
-0.00108752
-0.000862308
-0.00100151
-0.00128516
-0.00156407
-0.00174552
-0.00178383
-0.00182663
-0.00186927
-0.00199069
-0.00210954
-0.00222841
-0.00214791
-0.00198837
-0.00183142
-0.00163822
-0.0013919
-0.00114741
-0.00090301
-0.000913273
-0.000915522
-0.000918022
-0.00110383
-0.00136231
-0.00161835
-0.00176074
-0.00173633
-0.00171718
-0.00169786
-0.00173405
-0.00176847
-0.00180292
-0.00189051
-0.00199916
-0.00210709
-0.00206747
-0.00181131
-0.00156208
-0.00131279
-0.00154467
-0.00176138
-0.00197842
-0.00205421
-0.00207391
-0.00209534
-0.00208084
-0.00201367
-0.00194819
-0.0018827
-0.00192287
-0.00195972
-0.00199666
-0.00201705
-0.00203088
-0.00204491
-0.0020935
-0.00219285
-0.00229057
-0.00238827
-0.00225458
-0.00212816
-0.0020016
-0.00203575
-0.00213372
-0.00222965
-0.00222957
-0.00208848
-0.00195184
-0.00181516
-0.00172404
-0.00163157
-0.0015392
-0.0015624
-0.0016315
-0.00169913
-0.00178631
-0.00190213
-0.00201699
-0.00213181
-0.00207522
-0.00202395
-0.00197255
-0.00202914
-0.00212862
-0.00222671
-0.0022761
-0.00225395
-0.00223401
-0.00221401
-0.00219343
-0.00217287
-0.00215233
-0.00211353
-0.0020675
-0.00202172
-0.00200216
-0.00202112
-0.00203888
-0.00205667
-0.00208896
-0.0021208
-0.00215262
-0.00214671
-0.0021258
-0.00210537
-0.00207905
-0.00204409
-0.00200943
-0.00197477
-0.0018575
-0.00174283
-0.00162815
-0.0016795
-0.00179685
-0.00191212
-0.00200334
-0.0020592
-0.0021161
-0.00217294
-0.00221768
-0.00226275
-0.00230779
-0.00229852
-0.00226764
-0.00223744
-0.00219828
-0.00214599
-0.00209414
-0.0020423
-0.00220634
-0.00236371
-0.00252119
-0.00248591
-0.00237395
-0.0022644
-0.00225006
-0.00237563
-0.00249689
-0.0026182
-0.00252646
