0
0.0147172
0.0134552
0.013569
0.0135685
0.0137494
0.0140295
0.014301
0.014459
0.014361
0.0142843
0.014206
0.0134981
0.0127734
0.0120513
0.0119556
0.0122253
0.0124645
0.0126043
0.0125154
0.0124453
0.0123739
0.012023
0.0116956
0.0113667
0.0113306
0.0114652
0.0115856
0.0117789
0.0121333
0.012474
0.0128153
0.0123427
0.0119369
0.0115263
0.0111413
0.0107711
0.0104004
0.00994966
0.00931809
0.00870211
0.00808588
0.00874387
0.00943965
0.0101313
0.00976771
0.00878706
0.00785746
0.00741981
0.00809648
0.00868293
0.00927565
0.00907421
0.00884845
0.008625
0.00823656
0.00775186
0.00727558
0.00699817
0.00716883
0.00730366
0.00744111
0.00764501
0.00785074
0.00805601
0.00804108
0.00789708
0.00776349
0.00757409
0.00726067
0.00695751
0.00665403
0.00674896
0.00681244
0.0068783
0.00700371
0.00716413
0.00732156
0.00721294
0.00650501
0.00584501
0.00518229
0.00487434
0.00453922
0.00420674
0.00463642
0.00551368
0.00635479
0.00695986
0.00702846
0.00713853
0.00724522
0.00634629
0.00541486
0.00448739
0.00416757
0.0042054
0.0042156
0.0041693
0.00399078
0.00382271
0.0036541
0.00445913
0.00529627
0.00612967
0.0066263
0.00692428
0.00723701
0.00725573
0.00661513
0.00602585
0.00543354
0.00505587
0.00468613
0.00431635
0.00386555
0.00336726
0.00287333
0.00253294
0.00253845
0.00251774
0.00249905
0.00383567
0.00506783
0.00630602
0.00614179
0.00515087
0.00422374
0.00349104
0.00320608
0.00288789
0.00257267
0.00244647
0.00230627
0.00216733
0.00250113
0.00311391
0.0037049
0.00444663
0.00552572
0.00657803
0.00763077
0.00675988
0.00582012
0.00488689
0.00423032
0.00373789
0.003234
0.00289158
0.00291046
0.00290255
0.00289663
0.00267058
0.00243671
0.00220376
0.00299222
0.00438445
0.00573013
0.00651283
0.00601976
0.00562122
0.00521633
0.00464259
0.00406321
0.00348509
0.00318479
0.00304915
0.00290167
0.00272869
0.00249585
0.00226771
0.00203957
0.00363248
0.00509045
0.00655611
0.00672935
0.00613708
0.00560127
0.00502651
0.00437234
0.00372488
0.00307786
0.00254571
0.00200602
0.00146766
0.00165729
0.00227864
0.00286797
0.00360636
0.00467711
0.0057224
0.00676801
0.00622246
0.00561542
0.00501367
0.0044137
0.00381533
0.0032177
0.00272306
0.00246004
0.00218085
0.00190321
0.00188624
0.00187963
0.00187229
0.00277086
0.0042072
0.00560328
0.00645495
0.00607264
0.00577838
0.0054783
0.00452144
0.0035394
0.00256053
0.00198115
0.00163974
0.00128202
0.00103366
0.00102908
0.00100733
0.000986829
0.00172804
0.00241468
0.00310419
0.00383149
0.00458106
0.00532803
0.00557183
0.00467932
0.00386751
0.0030512
0.00242418
0.00178483
0.00114723
0.00082618
0.000693914
0.000548695
0.000481409
0.000587946
0.000682263
0.000777298
0.000313212
-0.000173544
-0.000658057
-2.22044e-05
0.00128134
0.00253693
0.00340626
0.00339669
0.00344775
0.00349455
0.00258698
0.00164034
0.000697688
0.000194673
-4.56382e-05
-0.00030365
-0.000488683
-0.000511951
-0.000546268
-0.000579782
-0.000491173
-0.000397472
-0.000304246
0.000656399
0.00213451
0.00357534
0.00448726
0.00419934
0.00399344
0.00378224
0.0029828
0.00222437
0.0014642
0.000853164
0.000331448
-0.000195609
-0.000624408
-0.000832665
-0.00105554
-0.00127713
-0.00106484
-0.000882094
-0.000697603
-0.000142604
0.000633798
0.00139427
0.00210966
0.00272192
0.00334027
0.00395739
0.0031148
0.00220911
0.00130886
0.00058823
-2.43389e-05
-0.000643309
-0.00113917
-0.00135844
-0.00159586
-0.00183175
-0.00175474
-0.00166394
-0.00157417
-0.000937192
2.72109e-05
0.000968607
0.00185285
0.0026058
0.00336644
0.00412556
0.00334747
0.00250141
0.00166096
0.00105287
0.000584575
0.000107679
-0.000332091
-0.000689938
-0.0010527
-0.00141467
-0.000912644
-0.000468008
-2.01899e-05
0.00090524
0.00211689
0.00330821
0.00406855
0.00385166
0.00369893
0.00354221
0.00268045
0.0018658
0.00104914
0.000518753
0.000160348
-0.00020878
-0.000476316
-0.000515956
-0.000570343
-0.000623702
-0.00038679
-0.000136766
0.000112084
0.00120564
0.00280609
0.0043717
0.0053112
0.00482939
0.0044399
0.00404496
0.00299811
0.0019221
0.000849356
0.000272371
-6.21697e-06
-0.000303612
-0.000550198
-0.000684955
-0.000826707
-0.000967829
-0.000795145
-0.00060793
-0.000421883
0.000268212
0.00126117
0.00223352
0.00301869
0.0033781
0.00376417
0.00414806
0.00312938
0.00220117
0.00126838
0.000812005
0.000642401
0.000454827
0.000224271
-0.000106713
-0.000430922
-0.000755149
-0.000514797
-0.000310414
-0.000104018
0.00032163
0.000879251
0.00142785
0.00209842
0.00304516
0.00397335
0.00490153
0.00458437
0.00420764
0.00383511
0.00311967
0.00219801
0.00129042
0.000635081
0.000552429
0.000434087
0.000318123
-2.42161e-05
-0.000377143
-0.00072897
-0.000666946
-0.000355287
-5.95493e-05
0.000677787
0.00241507
0.00408808
0.00576301
0.00540557
0.00517457
0.00493602
0.0043402
0.00352867
0.00273149
0.00211701
0.00191782
0.00169324
0.00147051
0.00093753
0.000424323
-8.94684e-05
-0.000290259
-0.00030196
-0.000325268
-8.25892e-05
0.000761987
0.0015686
0.00237655
0.00347087
0.00457822
0.00568342
0.00560753
0.00481783
0.00407269
0.00336071
0.00272911
0.00209338
0.00145867
0.0010361
0.000601122
0.000167432
-9.1792e-05
-0.00024536
-0.000405157
-0.000525411
-0.00055704
-0.000594001
-0.000630594
0.00019023
0.0010534
0.00191296
0.00256737
0.00309723
0.00363396
0.00382201
0.00322021
0.00266672
0.00211099
0.00166888
0.00122048
0.000772995
0.000429861
0.000150079
-0.000133167
-0.00036845
-0.000495752
-0.000629367
-0.000762445
-0.000500723
-0.000262911
-2.39561e-05
0.000871617
0.00216466
0.00343247
0.00411786
0.00347899
0.00291971
0.00235636
0.00174042
0.00112239
0.000505213
0.000185458
4.6148e-05
-0.000103693
-0.000220419
-0.000263613
-0.000311108
-0.000358292
-0.000157127
2.91311e-05
0.000216049
0.00111212
0.00243799
0.00373697
0.00447563
0.00393961
0.0034792
0.00301489
0.00230407
0.0015811
0.000859688
0.000366171
1.12123e-05
-0.000351448
-0.000553556
-0.000392462
-0.000252796
-0.000112041
-0.000300585
-0.000469685
-0.000639722
1.42555e-06
0.00113486
0.0022383
0.00314695
0.00361053
0.00409945
0.00458633
0.0041096
0.00368936
0.00326632
0.00270726
0.00206566
0.00142958
0.000944343
0.000801753
0.000639521
0.000478612
0.000305308
0.00013153
-4.20197e-05
-4.74612e-06
0.000160684
0.000318545
0.000805147
0.00203831
0.00322715
0.00441718
0.00426022
0.00418072
0.00409687
0.00361587
0.00289332
0.00218542
0.00154567
0.00106174
0.000569457
7.82151e-05
0.000157076
0.000266578
0.000374208
0.000501506
0.000640654
0.00077897
0.00124865
0.00247195
0.00365104
0.0048313
0.00449616
0.00424737
0.00399396
0.00334689
0.00246019
0.00158805
0.000868282
0.000495645
0.000103817
-0.000286484
-0.00049003
-0.00070388
-0.000916908
-0.000966873
-0.000917447
-0.000873669
-0.000684128
-0.000163697
0.000337561
0.000839332
0.00164116
0.00245864
0.00327433
0.003092
0.00230133
0.00154559
0.000887383
0.000454482
9.477e-06
-0.000434355
-0.000776992
-0.00112489
-0.00147211
-0.00149544
-0.00132121
-0.00115817
-0.00109925
-0.00127849
-0.00144429
-0.00161065
-0.000672237
0.000326526
0.00132084
0.00177236
0.00189236
0.00203057
0.00188855
0.0011114
0.000370199
-0.000372171
-0.000504675
-0.000670671
-0.000834638
-0.00108183
-0.00137966
-0.00167438
-0.00185143
-0.00176072
-0.00168482
-0.00160818
-0.00153725
-0.00146608
-0.00139501
-0.000763751
0.000209432
0.00116283
0.00184819
0.00192228
0.00202968
0.00213515
0.0017539
0.00134556
0.00093915
0.000487497
8.43161e-06
-0.00046862
-0.000818643
-0.000879906
-0.000956797
-0.00103276
-0.001258
-0.0014749
-0.00169202
-0.00151198
-0.00108918
-0.00067999
-2.41186e-05
0.00119229
0.00237709
0.00356231
0.00340637
0.00317419
0.00294637
0.00241177
0.00168986
0.00097882
0.000458288
0.000371937
0.000262336
0.000154102
-0.000141867
-0.000427442
-0.000713268
-0.000706907
-0.000521738
-0.000346345
-1.74333e-06
0.000727262
0.00143493
0.00214298
0.00268691
0.00323902
0.0037901
0.00359099
0.00293257
0.00229932
0.00169619
0.00116388
0.00062837
9.36009e-05
1.6435e-05
-3.41917e-05
-8.61734e-05
-9.55877e-05
-7.89705e-05
-6.37504e-05
0.000166763
0.000887583
0.0015817
0.00227649
0.0026956
0.00312883
0.00356085
0.00337713
0.00281606
0.00227547
0.00175938
0.00130085
0.000839779
0.000379326
2.22703e-05
-0.000328411
-0.000679059
-0.000735378
-0.000611206
-0.00049663
-0.000270179
0.000210188
0.000676757
0.00114356
0.00183384
0.00251172
0.00318954
0.00305363
0.00241859
0.00181025
0.00126522
0.000866886
0.000461324
5.65593e-05
-0.000234558
-0.000518703
-0.000802915
-0.000951764
-0.00101749
-0.00108746
-0.00107731
-0.000885166
-0.000702649
-0.000519822
0.000507952
0.00158481
0.00265801
0.0027619
0.00227048
0.0018103
0.00133448
0.000801972
0.000272932
-0.000255743
-0.000435609
-0.000594565
-0.000754432
-0.00086174
-0.000936757
-0.00101336
-0.00108863
-0.00116117
-0.00123378
-0.00130631
-0.000692058
-3.73414e-05
0.000614634
0.00121337
0.0017791
0.00234593
0.0026901
0.0021576
0.00167037
0.00118133
0.000606697
2.74394e-05
-0.000550993
-0.000906811
-0.00112562
-0.00135117
-0.00152384
-0.00157704
-0.00163624
-0.00169508
-0.00170027
-0.00170222
-0.00170432
-0.00139894
-0.00090455
-0.000420217
0.000166261
0.000985158
0.00179149
0.00259764
0.00229363
0.00192272
0.00155554
0.000960642
0.000225941
-0.000500986
-0.00110355
-0.00121591
-0.00135279
-0.00148831
-0.00156351
-0.00163498
-0.00170656
-0.00176166
-0.0018066
-0.001852
-0.00170789
-0.0011316
-0.000577499
-2.28399e-05
-0.0128443
-0.0264705
-0.040043
-0.0536047
0.00462327
0.00100257
0.000504816
8.9552e-06
-0.000486506
-0.000981495
-0.00132826
-0.00166564
-0.00200316
-0.00211294
-0.0020824
-0.00205884
-0.00211169
-0.00233965
-0.00255872
-0.002778
-0.00212395
-0.00141676
-0.000712886
0.000154764
0.00112296
0.00208524
0.00272469
0.00262805
0.00256777
0.00250575
0.00193347
0.00133016
0.000728972
0.000135917
-0.000451859
-0.00103932
-0.00149791
-0.00144942
-0.00142584
-0.00140105
-0.00124279
-0.00107639
-0.000910548
-0.000270069
0.000662947
0.00158076
0.0022969
0.00255222
0.00282977
0.00310597
0.00273333
0.00232062
0.00191026
0.00139785
0.000822699
0.000251157
-0.000255311
-0.000505804
-0.00076848
-0.00103031
-0.00119141
-0.00134607
-0.00150089
-0.00142134
-0.00119716
-0.000980191
-0.000718153
-0.000353761
5.33391e-06
0.000364338
0.000843824
0.00133045
0.00181627
0.0018723
0.00166289
0.00146645
0.00112618
0.000458699
-0.000192406
-0.000843673
-0.00100466
-0.00113465
-0.00126601
-0.00133972
-0.00137785
-0.00141764
-0.00144625
-0.00143113
-0.00141812
-0.00140502
-0.00081311
-0.000185136
0.000440516
0.000983234
0.00147445
0.00196766
0.00224167
0.00201596
0.00181426
0.00161162
0.0010168
0.000397616
-0.00021982
-0.000541987
-0.000681451
-0.000829454
-0.000969513
-0.00108023
-0.00119224
-0.00130408
-0.00153204
-0.00176719
-0.00200179
-0.00195937
-0.00174564
-0.0015402
-0.00120356
-0.000567905
5.30451e-05
0.000674103
0.00130716
0.00194045
0.00257313
0.00271755
0.00255982
0.00241644
0.00214115
0.00156595
0.00100536
0.000444618
9.09994e-05
-0.000249055
-0.000589426
-0.000832254
-0.00101465
-0.0011997
-0.00135983
-0.00142254
-0.00148975
-0.00155668
-0.00160956
-0.00166149
-0.00171341
-0.00171104
-0.00167505
-0.00164066
-0.00127751
-0.00016333
0.000914883
0.00199377
0.00225583
0.00246499
0.00267642
0.00252413
0.00214668
0.00178003
0.00138337
0.000869152
0.00036085
-0.000147255
-0.000366026
-0.000565888
-0.000766439
-0.000963415
-0.00115813
-0.00135278
-0.0014494
-0.00132223
-0.0012055
-0.00108839
-0.000865125
-0.000635143
-0.000405682
0.000136236
0.00087163
0.00159746
0.00206843
0.00195678
0.00187196
0.00178599
0.00138274
0.000959155
0.000536885
0.00011061
-0.000317979
-0.00074607
-0.00109175
-0.00111283
-0.00114872
-0.0011839
-0.00127383
-0.00136725
-0.00146044
-0.00153615
-0.001601
-0.00166628
-0.00173449
-0.00180951
-0.00188416
-0.00195875
-0.00156231
-0.00113529
-0.000710058
-6.64691e-05
0.000712343
0.00148432
0.00213948
0.00233383
0.00254885
0.00276275
0.00265963
0.00253574
0.0024129
0.00197
0.00132861
0.000696753
0.000157981
-0.00016773
-0.000502744
-0.000837038
-0.000889701
-0.000923737
-0.00095858
-0.00103094
-0.00112661
-0.00122114
-0.00122803
-0.00103452
-0.000850172
-0.000665579
-0.000946345
-0.00125768
-0.00156738
-0.00169665
-0.00171378
-0.00173592
-0.00164259
-0.00109383
-0.000565892
-3.74962e-05
0.000250768
0.000522867
0.000795443
0.00114226
0.00153512
0.00192558
0.00227962
0.00255057
0.00282498
0.00309898
0.00257041
0.00198883
0.00141011
0.000928502
0.000507479
8.41458e-05
-0.000309178
-0.000585404
-0.000866567
-0.00114726
-0.0013361
-0.00151865
-0.00170132
-0.00174334
-0.00169792
-0.0016564
-0.0016373
-0.00166983
-0.00170005
-0.00173035
-0.0014398
-0.00112799
-0.000817383
-0.000198509
0.000611848
0.00141308
0.00202962
0.00222365
0.00243604
0.00264745
0.00172699
0.000731235
-0.000260355
-0.000771942
-0.000984674
-0.00121029
-0.00139948
-0.00144753
-0.0015017
-0.00155556
-0.00170814
-0.00186726
-0.00202595
-0.00211005
-0.0021477
-0.00218735
-0.00221574
-0.00221866
-0.00222268
-0.00222666
-0.00222958
-0.00223243
-0.00223529
-0.00193106
-0.00143579
-0.00094923
-0.000415524
0.000304354
0.00101555
0.0017265
0.00216082
0.00257607
0.00299178
0.00316836
0.003196
0.00323005
0.00316069
0.00285539
0.00256053
0.00226546
0.00169686
0.00111011
0.000524647
0.000203171
4.6238e-05
-0.000117631
-0.000175326
9.0764e-06
0.00018293
0.000357088
0.000285763
0.000197776
0.000110578
0.000219255
0.000449954
0.000675234
0.000854542
0.000851693
0.000856631
0.000861231
0.000655067
0.000434665
0.000215058
6.77121e-05
-3.45379e-05
-0.000138622
-0.000172062
-4.41036e-05
7.68782e-05
0.000198054
0.00066811
0.0011617
0.00165387
0.00151767
0.000989745
0.000478892
3.39174e-05
-0.000148912
-0.000342694
-0.000535848
-0.000753112
-0.000971866
-0.00119037
-0.00128954
-0.00131426
-0.00134211
-0.00137848
-0.00143471
-0.00149006
-0.0015454
-0.000527244
0.000564041
0.00165133
0.00215834
0.00230317
0.00246311
0.00251024
0.00230074
0.0021022
0.00190337
0.00124225
0.000549729
-0.000140895
-0.000488326
-0.000621482
-0.000763503
-0.000891463
-0.000965645
-0.00104202
-0.00111823
-0.00121491
-0.00131294
-0.00141082
-0.00140235
-0.0013275
-0.00125548
-0.000979477
-0.000236583
0.000486238
0.00120929
0.00170702
0.00218876
0.00267076
0.00282282
0.00276887
0.00272353
0.00250669
0.00161273
0.000747612
-0.000117989
-0.000331562
-0.000499645
-0.000669473
-0.000808973
-0.000929545
-0.0010508
-0.0011314
-0.00111909
-0.00111063
-0.00110201
-0.00118664
-0.00127771
-0.00136844
-0.0011487
-0.000735088
-0.000329808
0.000195319
0.000994582
0.00178191
0.00256907
0.00252905
0.00243126
0.00233593
0.00200677
0.00153168
0.00106296
0.000581721
5.08146e-05
-0.000477622
-0.00100573
-0.00103754
-0.00103458
-0.00103303
-0.00103367
-0.0010357
-0.00103767
-0.00096897
-0.000738391
-0.000514608
-0.00029073
0.000398673
0.00112026
0.00183995
0.00187668
0.00148642
0.00111385
0.00090692
0.00135737
0.00178074
0.00220486
0.00241702
0.00261412
0.00281168
0.00231571
0.00138622
0.00047506
-0.000213588
-0.000391695
-0.000590327
-0.000787967
-0.000785894
-0.000769731
-0.00075415
-0.00035876
0.000274067
0.000896798
0.00137805
0.00153486
0.00170463
0.00187373
0.00140254
0.000886406
0.000372499
-6.34854e-05
-0.000450541
-0.000839253
-0.00114405
-0.00111795
-0.00110516
-0.00109185
-0.000697715
-0.000276872
0.000142564
0.000529655
0.000896364
0.0012636
0.00155296
0.00166434
0.00178275
0.00190078
0.00130268
0.000654133
8.1198e-06
-0.000356522
-0.000544871
-0.000740102
-0.000907376
-0.000965567
-0.00102806
-0.00109033
-0.00118513
-0.00128217
-0.00137906
-0.00128646
-0.00107524
-0.000868905
-0.000479759
0.000328139
0.00111878
0.00190948
0.001726
0.00147316
0.00122326
0.000853199
0.000408048
-3.37802e-05
-0.000445511
-0.000788415
-0.00113377
-0.00147875
-0.00151983
-0.00153914
-0.00155929
-0.00158668
-0.00161861
-0.00165033
-0.00154589
-0.000902514
-0.000280865
0.00034115
0.000883268
0.00141928
0.00195512
0.00159176
0.000665064
-0.000238788
-0.000990586
-0.00113903
-0.00131101
-0.00148194
-0.00155766
-0.00162649
-0.00169553
-0.00170867
-0.00168678
-0.00166627
-0.00146459
-0.000545872
0.000344117
0.00123453
0.00126518
0.00123393
0.00120512
0.000770843
8.25472e-05
-0.000595317
-0.00113006
-0.00109819
-0.00108839
-0.00107774
-0.00130465
-0.00154854
-0.00179158
-0.00155849
-0.00102688
-0.00050727
2.50792e-05
0.000607198
0.00118694
0.00176632
0.00166503
0.00151462
0.00136623
0.00115642
0.00090818
0.00066162
0.000376402
-6.21807e-05
-0.000494503
-0.000926734
-0.00102614
-0.00110138
-0.00117749
-0.00127659
-0.00139011
-0.00150299
-0.00162515
-0.00178422
-0.00194175
-0.00209922
-0.00146313
-0.000769882
-7.93627e-05
0.000349469
0.000613905
0.000884444
0.00112115
0.00122548
0.00133479
0.00144383
0.00120615
0.00094341
0.000681834
0.000364463
1.21812e-05
-0.000338497
-0.000672424
-0.000940579
-0.00121104
-0.00148121
-0.00157955
-0.00166531
-0.00175149
-0.00159868
-0.00129589
-0.00099903
-0.000604142
0.000178698
0.000946191
0.00171368
0.00141953
0.00104806
0.000679816
0.000528086
0.000512442
0.000491649
0.000400638
3.0745e-05
-0.000328304
-0.000687492
-0.000853367
-0.00100499
-0.00115704
-0.00129082
-0.00141311
-0.00153573
-0.00162515
-0.00158342
-0.00154666
-0.00150974
-0.00139572
-0.00127614
-0.00115685
-0.000589167
0.000260075
0.00109808
0.0016445
0.00103642
0.000472197
-9.3251e-05
-0.000377509
-0.000640934
-0.000904943
-0.0010798
-0.0011986
-0.00131942
-0.00144628
-0.00159767
-0.00174802
-0.0018983
-0.00176778
-0.00161669
-0.00146648
-0.000925908
-0.000140127
0.000635908
0.00129802
0.00150923
0.0017371
0.00196418
0.00130136
0.000573365
-0.000151656
-0.000579053
-0.000819156
-0.00106605
-0.00125747
-0.00123072
-0.00121211
-0.00119321
-0.000754906
-0.000285918
0.000181583
3.6508e-05
-0.000493776
-0.00100938
-0.0013004
-0.000700811
-0.000134655
0.00043232
0.000754581
0.00105853
0.00136292
0.00126029
0.000901674
0.000552782
0.000221738
-3.79447e-05
-0.000300069
-0.00056191
-0.000757197
-0.000947421
-0.00113769
-0.00121514
-0.00122158
-0.00123064
-0.0011877
-0.000939193
-0.00069843
-0.000457559
0.000111767
0.000705113
0.00129714
0.00163446
0.00181137
0.00199405
0.00200046
0.00130993
0.000645431
-1.95325e-05
-0.000426438
-0.000813882
-0.00120175
-0.00133446
-0.00130655
-0.00128452
-0.00126637
-0.00126436
-0.00126176
-0.00125918
-0.000555391
0.000200205
0.000953363
0.00138885
0.00162419
0.00186664
0.00192933
0.00128149
0.000659952
3.79119e-05
-0.000306174
-0.000629286
-0.000952925
-0.00110705
-0.00115442
-0.00120562
-0.00125917
-0.00132267
-0.00138577
-0.00144883
-0.000719936
6.77281e-05
0.000852696
0.000957807
0.000634661
0.000327226
1.96783e-06
-0.000392297
-0.000783785
-0.00117509
-0.00127096
-0.00134464
-0.00141905
-0.000991548
-0.000247988
0.000483655
0.00108432
0.0011659
0.0012661
0.00136556
0.00103853
0.000679694
0.000322259
-9.05383e-05
-0.000538085
-0.000984064
-0.0013341
-0.00130478
-0.00128907
-0.00127288
-0.00104281
-0.000796788
-0.000551517
-9.30467e-05
0.000499653
0.00108713
0.00149893
0.00121519
0.000956488
0.00069708
0.000715282
0.000754378
0.0007927
0.000537144
9.63935e-05
-0.000337446
-0.000700777
-0.000784684
-0.000878475
-0.000971847
-0.00104092
-0.00110812
-0.00117533
-0.00088268
-0.000363221
0.000147816
0.000594681
0.00078716
0.000988523
0.00118943
0.000768792
0.000301448
-0.000163911
-0.000446227
-0.000613008
-0.000783757
-0.000960675
-0.00116296
-0.0013642
-0.00156534
-0.0010537
-0.000488434
7.45432e-05
0.000341209
0.000420876
0.000507077
0.000503622
0.000145993
-0.000198914
-0.000544025
-0.000694081
-0.000829256
-0.000964858
-0.0011326
-0.0013206
-0.00150775
-0.00153425
-0.000924379
-0.000337267
0.000250232
0.000494006
0.000711525
0.000929812
0.000794079
0.000435026
8.40405e-05
-0.000118622
0.000266898
0.000631583
0.000996742
0.000587853
0.000120341
-0.000344798
-0.000639206
-0.000825747
-0.00101592
-0.00118928
-0.00129689
-0.00140672
-0.0015164
-0.0010401
-0.000519445
-6.98375e-07
0.000313095
0.000497403
0.000686085
0.000746368
0.000298784
-0.000130854
-0.000560817
-0.000814457
-0.00105449
-0.00129482
-0.00143638
-0.00151557
-0.00159686
-0.00167538
-0.00174341
-0.00181176
-0.00188004
-0.00132305
-0.000718603
-0.000116218
0.000119453
0.000123461
0.000135463
4.56173e-05
-0.000446768
-0.000924933
-0.00140326
-0.00158615
-0.00174632
-0.00190717
-0.00180858
-0.00154617
-0.00128959
-0.001027
-0.00074087
-0.000455749
-0.000170788
-0.000143573
-0.000136136
-0.000128025
-0.000309576
-0.000610877
-0.000907867
-0.00118112
-0.00136029
-0.00154256
-0.00172461
-0.00181133
-0.00189068
-0.00197023
-0.00152095
-0.000737668
3.36691e-05
0.00067787
0.000818074
0.000975385
0.001132
0.000494171
-0.000204374
-0.000900374
-0.00122433
-0.00131306
-0.00140973
-0.00150668
-0.00160597
-0.00170512
-0.00180421
-0.00153706
-0.00124186
-0.000947817
-0.000662287
-0.000382229
-0.000102176
3.5944e-05
-0.000388
-0.000792604
-0.00119759
-0.00133067
-0.0014427
-0.00155536
-0.00157449
-0.00153451
-0.00149655
-0.00132063
-0.000597994
0.000105682
0.000809522
0.00088769
0.000917479
0.000948881
0.000917731
0.000847074
0.000777797
0.000588631
-7.57615e-05
-0.000723706
-0.00137177
-0.00144769
-0.0014793
-0.00151239
-0.00154004
-0.00156429
-0.00158864
-0.00143322
-0.000565176
0.000278368
0.00112217
0.000603586
-2.02383e-05
-0.000640117
-0.000591004
-0.000118671
0.000339177
0.000558703
-0.000167626
-0.000861835
-0.00155665
-0.00149442
-0.0013735
-0.00125461
-0.00973554
-0.0236551
-0.0373838
0.00010862
-0.000801063
-0.00043007
-0.000101998
0.000133711
0.000361945
0.000590275
0.000676869
0.000673763
0.000673642
0.00068269
0.000728488
0.000773035
0.000817594
0.000331518
-0.000195561
-0.000720929
-0.00102103
-0.00117848
-0.00134055
-0.00148128
-0.00153836
-0.00159817
-0.00165785
-0.00114894
-0.000596025
-4.49287e-05
0.000205303
0.000265003
0.000330959
0.000290795
-0.000169173
-0.000614983
-0.00106097
-0.00120532
-0.00132605
-0.00144748
-0.00153635
-0.00160461
-0.00167349
-0.00156081
-0.000728407
7.97781e-05
0.000888228
0.00080946
0.000661412
0.000515738
0.000168735
-0.000305619
-0.000775481
-0.00117416
-0.00129089
-0.0014168
-0.00154232
-0.00155875
-0.00156663
-0.00157479
-0.0012333
-0.000670467
-0.00011524
0.00032701
0.000321361
0.000330354
0.000338862
9.08631e-05
-0.000177092
-0.00044422
-0.000698273
-0.00094397
-0.00118978
-0.00139489
-0.0014391
-0.00148851
-0.00153773
-0.00167215
-0.00181318
-0.00195389
-0.00154332
-0.000783582
-3.56842e-05
0.000514771
0.000282174
7.51517e-05
-0.000132566
-0.000536575
-0.000955776
-0.00137421
-0.00158743
-0.00167054
-0.00175782
-0.00177206
-0.00149732
-0.00123212
-0.00096678
-0.000607237
-0.000240489
0.000125788
6.89436e-05
-0.00025604
-0.000572156
-0.000880356
-0.00115663
-0.00143376
-0.00171068
-0.00178433
-0.00184193
-0.00190001
-0.00183421
-0.00168991
-0.00154823
-0.00134893
-0.000921167
-0.000501028
-8.09153e-05
-0.000507648
-0.00100094
-0.00149177
-0.00176381
-0.00189704
-0.00203464
-0.00210115
-0.00188655
-0.00168109
-0.00147547
-0.00106382
-0.000636138
-0.000209242
-0.000216715
-0.00049961
-0.000773516
-0.00104402
-0.0013004
-0.00155706
-0.00181356
-0.00189922
-0.00197132
-0.00204381
-0.0020012
-0.00188563
-0.00177245
-0.00159194
-0.00114442
-0.000705692
-0.000266964
-0.000626212
-0.00104845
-0.00146841
-0.00169199
-0.00179093
-0.00189376
-0.00199396
-0.00208446
-0.0021752
-0.00226587
-0.00207269
-0.00185711
-0.00164238
-0.00150884
-0.00142686
-0.00134329
-0.00134087
-0.00165996
-0.00196867
-0.00227751
-0.00235586
-0.00241587
-0.00247642
-0.00246834
-0.00241672
-0.00236651
-0.00226795
-0.00197774
-0.00169376
-0.00140976
-0.00169512
-0.00202558
-0.00235441
-0.00250368
-0.00253894
-0.00257776
-0.00263463
-0.00276355
-0.00289013
-0.00301671
-0.00287665
-0.00271544
-0.002555
-0.0024995
-0.00251061
-0.00251962
-0.00255861
-0.00271622
-0.00287002
-0.00302384
-0.00304855
-0.00306295
-0.00307767
-0.00310866
-0.00314997
-0.00319093
-0.00322304
-0.00322008
-0.00321822
-0.00321633
-0.00324339
-0.00327276
-0.00330203
-0.00331422
-0.00331556
-0.00331723
-0.00331835
-0.00331728
-0.00331628
-0.00331528
-0.0033355
-0.00335741
-0.00337926
-0.00337598
-0.00335674
-0.00333801
-0.0033314
-0.00337294
-0.00341295
-0.00345298
-0.00345575
-0.00345553
-0.0034554
-0.00347386
-0.00350412
-0.003534
-0.00355543
-0.00354334
-0.0035323
-0.00352123
-0.00352536
-0.0035307
-0.003536
-0.00356737
-0.00361529
-0.00366266
-0.0036918
-0.0036486
-0.00360765
-0.00356666
-0.00355851
-0.00355299
-0.00354739
-0.00356468
-0.0035965
-0.00362785
-0.00365774
-0.00367464
-0.00369192
-0.00370918
-0.00371668
-0.00368547
-0.00365547
-0.00362545
-0.00364983
-0.0036861
-0.00372199
-0.00372596
-0.00369901
-0.00367302
-0.00364701
-0.00362103
-0.00359505
-0.0035691
-0.00354316
-0.00353095
-0.00353204
-0.00353273
-0.00353973
-0.00360328
-0.00366507
-0.00372687
-0.00372644
-0.00371236
-0.00369871
-0.00368299
-0.0036653
-0.00364768
-0.0036327
-0.00364128
-0.00364914
-0.00365702
-0.00365899
-0.00365966
-0.00366037
-0.00364361
-0.00360991
-0.00357675
-0.00354994
-0.00358006
-0.00360844
-0.00363685
-0.00365494
-0.00367075
-0.00368663
-0.00369733
-0.00370301
-0.00370885
