0
0.0188016
0.0171084
0.0170837
0.0169206
0.0166968
0.0164301
0.0161675
0.0160928
0.0164409
0.0167534
0.0170683
0.0167869
0.016489
0.0161929
0.0162429
0.0164946
0.0167292
0.0169351
0.0170733
0.0172169
0.0173598
0.017358
0.017368
0.017377
0.0170823
0.0166104
0.0161537
0.0157558
0.0154918
0.0152174
0.0149442
0.0149256
0.0148864
0.0148489
0.0146253
0.0142932
0.0139704
0.0139056
0.0144218
0.0148904
0.015362
0.0146084
0.0138187
0.0130331
0.0122601
0.0114951
0.0107308
0.0102653
0.010471
0.0106226
0.0107784
0.010605
0.0104217
0.0102396
0.0101184
0.0100332
0.00994518
0.0100498
0.0105872
0.0110893
0.0115935
0.0109361
0.010243
0.00955369
0.00898307
0.00848248
0.00797716
0.00758414
0.00744198
0.00728029
0.00712039
0.00764993
0.00812448
0.0086026
0.00896368
0.00925608
0.00955341
0.00945154
0.00845228
0.00752469
0.00659295
0.0061787
0.00572477
0.00527463
0.00486002
0.00446669
0.00407231
0.00370564
0.00340036
0.00309079
0.00278204
0.00272011
0.00266655
0.00261242
0.00250227
0.00235919
0.00221887
0.00205812
0.00185155
0.00164882
0.00144611
0.00153315
0.00162994
0.00172584
0.00169627
0.00159283
0.00149519
0.00141234
0.00136367
0.00131246
0.00126152
0.00106574
0.000865202
0.000665332
0.000504429
0.000366599
0.000227227
4.40393e-05
-0.000238473
-0.000513034
-0.00078778
-0.00089099
-0.00100701
-0.00112189
-0.00113465
-0.00108712
-0.00104421
-0.00113246
-0.00151715
-0.00187897
-0.00224197
-0.002149
-0.00209038
-0.00202927
-0.00205307
-0.00212687
-0.00219682
-0.00221022
-0.00209555
-0.0019906
-0.00188509
-0.00202059
-0.00216469
-0.00230793
-0.00247941
-0.00266745
-0.00285398
-0.00296852
-0.00292076
-0.0028851
-0.00284859
-0.00297863
-0.00311463
-0.00325
-0.00324969
-0.0031691
-0.00309454
-0.00308467
-0.00322163
-0.0033476
-0.00347419
-0.00344013
-0.00340008
-0.00336054
-0.00312121
-0.00276376
-0.00241547
-0.00141777
0.00104487
0.00339697
0.00575371
0.00618656
0.0067589
0.00732026
0.00684272
0.0057493
0.0047022
0.00400752
0.00411432
0.00416289
0.0042156
0.00454925
0.0048621
0.00517601
0.00551262
0.0058626
0.00621111
0.00649232
0.00662198
0.00676235
0.00690175
0.00782501
0.00877771
0.00972694
0.00991781
0.00965826
0.00943132
0.00931113
0.00943711
0.00954532
0.00965464
0.00948115
0.00929669
0.00911327
0.00924839
0.00957273
0.00988317
0.00985086
0.00904251
0.00829034
0.00753525
0.00690443
0.00627937
0.00565478
0.00639307
0.00794145
0.00943048
0.010185
0.00927253
0.00847879
0.0076778
0.00700275
0.00631979
0.00563834
0.0050441
0.0045021
0.0039572
0.00346292
0.00308157
0.00269286
0.00230521
0.00460433
0.00671275
0.00883153
0.0094117
0.00907565
0.00880381
0.00815799
0.00667654
0.00525517
0.00383161
0.00306101
0.00231849
0.00157505
0.00108562
0.000747784
0.000399942
0.000149162
0.000115621
6.71445e-05
1.97642e-05
-4.02772e-05
-0.000100769
-0.000161147
-0.000178963
-0.000171373
-0.000165537
0.000431013
0.00236338
0.00420161
0.00604376
0.00549871
0.00485283
0.00421471
0.00360051
0.00300123
0.00240175
0.00176037
0.00102308
0.000293323
-0.000435957
-0.000763755
-0.00111836
-0.00147067
-0.00170748
-0.00187505
-0.00204709
-0.00220444
-0.00232958
-0.00245674
-0.00258358
-0.0026745
-0.00276771
-0.00286064
-0.00302876
-0.00324177
-0.00345147
-0.00360396
-0.00362686
-0.00365842
-0.00368935
-0.00387298
-0.00406308
-0.0042525
-0.00427144
-0.00418832
-0.00411213
-0.00410224
-0.0042434
-0.0043743
-0.0045057
-0.00456272
-0.00461638
-0.00467019
-0.00465988
-0.00461119
-0.00456512
-0.00451933
-0.00447454
-0.00442975
-0.00438501
-0.00442569
-0.00447015
-0.0045143
-0.00461601
-0.00475218
-0.00488589
-0.00495311
-0.00486962
-0.00479615
-0.00472212
-0.00487075
-0.00500456
-0.00513917
-0.0051391
-0.0050583
-0.00498288
-0.00494112
-0.0049763
-0.0050064
-0.00503679
-0.00501808
-0.00500259
-0.00498692
-0.00493076
-0.00485032
-0.00477157
-0.00471876
-0.00472486
-0.00472712
-0.00472963
-0.00458902
-0.00444198
-0.00429554
-0.0029383
-0.000854371
0.00117989
0.002588
0.00257328
0.00265036
0.00272143
0.00255242
0.00237238
0.00219329
0.001694
0.00100248
0.000324188
-0.000299572
-0.000798931
-0.00130562
-0.0018112
-0.00201311
-0.00220054
-0.00238865
-0.00173303
-0.000570179
0.000558815
0.00167635
0.00276481
0.00385372
0.00494123
0.00467806
0.0045011
0.00431889
0.00410722
0.0038777
0.0036496
0.00346721
0.00338829
0.00330291
0.00321806
0.0032028
0.00318316
0.00316382
0.0038198
0.0048823
0.00591785
0.00645119
0.00584347
0.00530828
0.0047692
0.00414015
0.00350744
0.00287576
0.00245455
0.00216043
0.00185871
0.00218018
0.00391349
0.00555639
0.00720288
0.00654893
0.00578411
0.00502716
0.00427406
0.00352392
0.00277453
0.00215437
0.0018262
0.00148031
0.00113595
0.000935833
0.000727025
0.000519015
0.000346609
0.000195797
4.38366e-05
-9.21333e-05
-0.000192237
-0.000294432
-0.000396371
-0.000440614
-0.000488358
-0.000535827
-0.000706135
-0.000950547
-0.0011901
-0.00138297
-0.00146959
-0.00156261
-0.00165513
-0.00173022
-0.00180436
-0.00187846
-0.00191689
-0.00193374
-0.0019519
-0.00204987
-0.00232921
-0.00259716
-0.00286548
-0.00298352
-0.00311057
-0.00323692
-0.00341868
-0.00363384
-0.00384672
-0.00396859
-0.00388388
-0.00381179
-0.00373903
-0.00367096
-0.00360319
-0.00353549
-0.00349643
-0.00347472
-0.00345199
-0.00347924
-0.0036198
-0.00375337
-0.00388719
-0.00383787
-0.00379962
-0.00376075
-0.00374746
-0.00374965
-0.0037509
-0.00380344
-0.00397232
-0.00413402
-0.00429597
-0.00432065
-0.00435351
-0.00438584
-0.00434828
-0.00426838
-0.00419109
-0.00413705
-0.00413605
-0.0041319
-0.00412794
-0.00420337
-0.00428282
-0.00436193
-0.0043212
-0.00420782
-0.00409888
-0.00348787
-0.00173681
-5.52846e-05
0.00162837
0.0016913
0.00184988
0.00200263
0.00202014
0.00195538
0.00189555
0.00175134
0.00141604
0.00109237
0.000768394
0.00154274
0.00237361
0.00320018
0.00344699
0.00334169
0.00325714
0.00312516
0.00288814
0.00265753
0.00242682
0.00335284
0.00421026
0.00507067
0.00526693
0.00505994
0.00487668
0.00456049
0.00394514
0.00334789
0.00275029
0.00305326
0.00330361
0.00355673
0.00441402
0.00563817
0.00683966
0.00763257
0.00749554
0.00741242
0.00732628
0.00723649
0.00714656
0.00705675
0.00695551
0.00684737
0.00673975
0.00673945
0.00698303
0.00721232
0.00744216
0.00699247
0.00658228
0.00617029
0.00553952
0.00477585
0.00402066
0.0034238
0.0031869
0.00292971
0.00267397
0.00345097
0.00428282
0.0051106
0.00585997
0.00656118
0.00726433
0.00750583
0.00669881
0.00595229
0.00520319
0.0044966
0.00378841
0.00308111
0.0025382
0.00209563
0.00164788
0.00127395
0.00106654
0.000849952
0.00063413
0.000684127
0.000719075
0.000754833
0.00179709
0.00345217
0.00507091
0.00599885
0.00535309
0.00479648
0.00423548
0.00371745
0.00320226
0.00268749
0.00208873
0.00143901
0.000792874
0.000324704
0.000260917
0.000174611
8.96584e-05
-3.20296e-05
-0.000151533
-0.000271025
0.000713424
0.00237077
0.00398883
0.00506758
0.00491652
0.00483394
0.00474766
0.00407658
0.00337371
0.00267339
0.00190621
0.00109861
0.00029414
-0.000342675
-0.000598755
-0.000875587
-0.00115097
-0.00120655
-0.0012742
-0.00134111
-0.00131011
-0.00121932
-0.00113192
-0.000785401
0.000150551
0.00105309
0.00195647
0.00265644
0.00336681
0.00407582
0.0040665
0.00361837
0.00319475
0.00273702
0.00220415
0.00167598
0.00114812
0.000644378
0.000142486
-0.000358959
-0.000569567
-0.000602349
-0.000644776
-0.000749941
-0.000999224
-0.0012404
-0.00148176
-0.00165946
-0.00184042
-0.00202101
-0.00210734
-0.00213599
-0.00216774
-0.00221712
-0.0023071
-0.00239479
-0.00248251
-0.00254324
-0.00260237
-0.00266152
-0.00269512
-0.00271308
-0.00273187
-0.00276478
-0.00282998
-0.00289338
-0.00295681
-0.00311293
-0.00326391
-0.00341501
-0.00348306
-0.00350029
-0.00352021
-0.00354922
-0.00359927
-0.00364815
-0.00369703
-0.00365317
-0.0036143
-0.00357521
-0.00354806
-0.00352824
-0.00350804
-0.00352423
-0.00362324
-0.00371774
-0.00381237
-0.00385895
-0.0039027
-0.00394656
-0.00401449
-0.00409713
-0.0041789
-0.00425052
-0.00429902
-0.00434869
-0.00439825
-0.00430625
-0.00422183
-0.0041371
-0.0041689
-0.00427211
-0.00437144
-0.00443925
-0.00443489
-0.00443433
-0.00443358
-0.00447016
-0.00450888
-0.00454745
-0.00453731
-0.00449731
-0.00445891
-0.00445906
-0.0045472
-0.00463064
-0.00471423
-0.00460894
-0.00451364
-0.00441792
-0.00440503
-0.00444294
-0.00447816
-0.00451728
-0.004565
-0.00461222
-0.00465942
-0.00472501
-0.00479163
-0.00485813
-0.00482256
-0.00472435
-0.0046295
-0.00417251
-0.00289041
-0.00165238
-0.000413357
-2.52623e-05
0.000312102
0.00065174
0.000689123
0.000540993
0.000402593
0.000313925
0.000423044
0.000521856
0.000621098
0.000612079
0.000596632
0.000581532
0.000827238
0.00123307
0.00163027
0.0019391
0.002046
0.00216315
0.00227965
0.00277947
0.00330173
0.0038223
0.00393106
0.00378666
0.00365534
0.00358084
0.00373286
0.00387317
0.00401394
0.00400441
0.00398587
0.00396781
0.00396733
0.00397767
0.00398744
0.00403434
0.00416584
0.00429292
0.00442008
0.00436826
0.0043057
0.00424375
0.00422602
0.00423551
0.00424362
0.00428248
0.0043913
0.00449648
0.00460174
0.00454071
0.00446967
0.00439921
0.00422872
0.00399674
0.00376809
0.00352251
0.0032101
0.00290135
0.00259274
0.00228032
0.00196795
0.00165589
0.0015018
0.001445
0.00138339
0.00158143
0.00237113
0.00313046
0.00389055
-0.0104885
-0.0257786
-0.0410079
-0.0562251
0.00491883
0.00109848
0.000576034
0.00012511
-0.000328925
-0.000782352
-0.000938504
-0.0010763
-0.00121487
-0.00135959
-0.00150806
-0.0016562
-0.0017591
-0.00175896
-0.00176392
-0.00176863
-0.00179238
-0.00181728
-0.0018421
-0.0018247
-0.00178129
-0.00173919
-0.00174271
-0.0018504
-0.00195284
-0.00205545
-0.00220386
-0.00235496
-0.00250579
-0.00264499
-0.00277698
-0.00290919
-0.00300227
-0.00294124
-0.00288783
-0.0028341
-0.00290598
-0.00298558
-0.00306473
-0.0030647
-0.00301581
-0.00296935
-0.00294133
-0.00295562
-0.00296783
-0.00298013
-0.003034
-0.00309041
-0.00314665
-0.00322668
-0.00332135
-0.00341523
-0.00351613
-0.00364492
-0.00377223
-0.00389949
-0.00391289
-0.00391916
-0.00392576
-0.00393411
-0.00394353
-0.0039529
-0.00394636
-0.00390355
-0.00386253
-0.00382146
-0.003366
-0.00288496
-0.0024056
-0.00169093
-0.000831212
2.06927e-05
0.000702924
0.000997983
0.00131137
0.00162358
0.00179908
0.00196582
0.00213282
0.0020714
0.00186891
0.00167337
0.00153363
0.00161502
0.00168574
0.00175691
0.00215782
0.00257922
0.00299925
0.0032983
0.00352245
0.00374996
0.00387867
0.00378242
0.00369696
0.00361108
0.00369156
0.00378252
0.0038729
0.00389696
0.00388
0.00386501
0.00386767
0.00394043
0.00400979
0.00407925
0.00395107
0.00381042
0.00367049
0.00359256
0.00355301
0.00351169
0.00357543
0.00387887
0.00417072
0.00446284
0.00487616
0.00529688
0.00571685
0.00588834
0.00590601
0.0059309
0.00577646
0.00521321
0.00466968
0.00412574
0.00377026
0.00342715
0.00308378
0.00308346
0.00329546
0.00349733
0.00360212
0.00332212
0.00306036
0.00279799
0.00322853
0.00370326
0.00417549
0.00439226
0.00445072
0.00451649
0.00428014
0.00335438
0.00246154
0.001568
0.00121129
0.000889499
0.000566387
0.000337213
0.00016625
-7.25292e-06
-0.000160232
-0.000233076
-0.000309562
-0.000385808
-0.000435505
-0.000483441
-0.000531414
-0.000669201
-0.000862592
-0.00105324
-0.0012555
-0.00148426
-0.00171158
-0.00193876
-0.00202155
-0.00209491
-0.00216863
-0.00220882
-0.00222824
-0.0022486
-0.00228085
-0.00234041
-0.00239867
-0.00245693
-0.00254058
-0.00262581
-0.00271089
-0.00276443
-0.00279839
-0.00283321
-0.00286709
-0.00289745
-0.00292795
-0.00295842
-0.00302369
-0.00309119
-0.00315853
-0.00325563
-0.00337116
-0.00348574
-0.00358153
-0.0036344
-0.00368917
-0.0037438
-0.0037938
-0.00384345
-0.00389308
-0.00386248
-0.00378212
-0.00370409
-0.00365107
-0.00369708
-0.00373858
-0.00378024
-0.00384774
-0.0039169
-0.00398592
-0.0040048
-0.00399257
-0.00398176
-0.00400797
-0.00411897
-0.00422605
-0.00433321
-0.00435378
-0.00436862
-0.0043837
-0.00441918
-0.00446733
-0.00451487
-0.00453778
-0.00450437
-0.00447351
-0.00444257
-0.00445238
-0.00446487
-0.00447723
-0.00446485
-0.0044371
-0.00441006
-0.00439883
-0.00445015
-0.00449864
-0.0045472
-0.00458599
-0.0046241
-0.0046622
-0.00467516
-0.0046725
-0.00467054
-0.00463166
-0.0045084
-0.00438899
-0.00426953
-0.00377261
-0.00325095
-0.00273086
-0.00266443
-0.00288
-0.00308289
-0.00313553
-0.00259256
-0.00207642
-0.00155955
-0.00138558
-0.00123465
-0.00108283
-0.000166183
0.00122568
0.00259535
0.00374325
0.0043832
0.00504497
0.00570519
0.0062313
0.00674802
0.00726469
0.00743805
0.00739788
0.00736711
0.0074288
0.00770288
0.00796741
0.00823212
0.00825684
0.00826541
0.00827468
0.00827828
0.00827836
0.00827859
0.00824097
0.00805367
0.00787307
0.00769234
0.00766884
0.00765595
0.00764261
0.00752868
0.00735219
0.00717857
0.00702307
0.00690908
0.00679338
0.00667786
0.00634598
0.00599973
0.00565441
0.00537997
0.00514976
0.00491782
0.00484831
0.00542011
0.00596365
0.00650794
0.00609742
0.00562255
0.00515087
0.00499754
0.00504257
0.00507899
0.00522807
0.00563412
0.00602874
0.00642352
0.00561712
0.00472976
0.00384665
0.00356704
0.00366351
0.00374374
0.00379466
0.00377695
0.0037622
0.00374734
0.00342337
0.0030786
0.00273501
0.00249546
0.00232082
0.00214355
0.0020528
0.00230325
0.00253891
0.002775
0.00276166
0.00273131
0.0027017
0.00260619
0.00246964
0.00233497
0.00214631
0.00183415
0.0015275
0.00122088
0.00125021
0.00130252
0.00135381
0.00147759
0.00164648
0.00181331
0.00191741
0.00177345
0.00164012
0.00150646
0.00106579
0.00060437
0.00014422
3.4203e-05
0.000142581
0.00024164
0.00020819
-0.000129423
-0.000453917
-0.00077869
-0.00069849
-0.000590477
-0.000483727
-0.000576822
-0.000794577
-0.0010069
-0.00106482
-0.000768937
-0.000488165
-0.000206993
-5.43422e-05
8.93275e-05
0.000233253
7.43304e-07
-0.00046656
-0.000923635
-0.00132933
-0.00153123
-0.00174149
-0.00195123
-0.00204679
-0.00213439
-0.00222224
-0.002247
-0.00223238
-0.00221941
-0.0020137
-0.00136675
-0.000738722
-0.000110432
-1.09792e-05
5.17223e-05
0.0001159
0.00032774
0.000631742
0.000931663
0.00111183
0.000818348
0.00054476
0.000270573
0.000901206
0.00159428
0.0022842
0.00206948
0.00128984
0.000534206
9.53271e-05
0.000383353
0.000641103
0.000899891
0.00102952
0.00115006
0.00127088
0.000995706
0.000473275
-3.85376e-05
-0.000289825
5.60475e-05
0.000377061
0.000698833
0.000747971
0.000778027
0.000808842
0.000598421
0.000237355
-0.000117233
-0.000331591
9.06417e-06
0.000326694
0.000645006
0.000100846
-0.000503324
-0.00110454
-0.00115585
-0.000863381
-0.000585201
-0.000492683
-0.000826526
-0.00114269
-0.00145933
-0.00162785
-0.00178585
-0.00194415
-0.00205986
-0.00214892
-0.00223899
-0.00231349
-0.00232677
-0.00234253
-0.00235817
-0.00245135
-0.00254992
-0.00264819
-0.0027582
-0.0028755
-0.00299242
-0.00309816
-0.00317839
-0.00325959
-0.00334068
-0.00331042
-0.00327231
-0.00323456
-0.00319903
-0.0031649
-0.00313075
-0.00311758
-0.00315244
-0.00318535
-0.0032183
-0.00320934
-0.00319743
-0.00318564
-0.00325501
-0.00337513
-0.00349312
-0.0035987
-0.0036551
-0.00371343
-0.00377164
-0.00377947
-0.00378372
-0.0037881
-0.00380487
-0.00382938
-0.00385357
-0.00387009
-0.00386906
-0.00386873
-0.00386837
-0.0038626
-0.00385644
-0.00385031
-0.0038978
-0.00397885
-0.0040585
-0.00406084
-0.00375719
-0.00346597
-0.00317448
-0.00296467
-0.00276081
-0.00255688
-0.00202201
-0.00128007
-0.000546953
0.00022547
0.00108793
0.00194613
0.00280382
0.00314232
0.00344354
0.003746
0.00390631
0.0039776
0.00405235
0.00417123
0.00439166
0.0046079
0.00482414
0.00477818
0.00471351
0.00464962
0.00459943
0.00455784
0.00451595
0.00453665
0.00480497
0.00506334
0.00532189
0.00540535
0.0054762
0.0055475
0.00535735
0.00500345
0.00465625
0.00444079
0.00474709
0.00503268
0.00531886
0.0052051
0.00506271
0.00492155
0.00445839
0.00379355
0.00313712
0.0026092
0.00258973
0.00255042
0.00251191
0.00238185
0.0022453
0.00210911
0.00209314
0.00215255
0.00220897
0.00218748
0.00185719
0.00153917
0.00122091
0.00095912
0.000701577
0.000444069
0.000673255
0.00120758
0.00172964
0.00200187
0.00128437
0.000605789
-7.3777e-05
-0.000241547
-0.000372219
-0.000504226
-0.00063639
-0.000768652
-0.000900808
-0.000982413
-0.000864178
-0.000753749
-0.000643104
-0.000859784
-0.00110002
-0.00133916
-0.00148128
-0.00156248
-0.00164595
-0.00172304
-0.00177538
-0.00182862
-0.0018818
-0.00191711
-0.00195111
-0.00198513
-0.00205236
-0.00214041
-0.00222759
-0.00231111
-0.0023802
-0.00244979
-0.0025193
-0.00255013
-0.00257813
-0.00260621
-0.00267625
-0.00277261
-0.0028679
-0.0029501
-0.00298054
-0.00301294
-0.00304524
-0.00302135
-0.00299338
-0.00296559
-0.00299209
-0.00305266
-0.00311189
-0.00316205
-0.00317623
-0.00319176
-0.00320724
-0.00325171
-0.00329828
-0.00334473
-0.00336014
-0.00335605
-0.0033527
-0.00336103
-0.0034157
-0.00346858
-0.00352149
-0.00357023
-0.00361863
-0.003667
-0.00369909
-0.00372093
-0.00374314
-0.00377394
-0.00383885
-0.00390242
-0.00396599
-0.00396473
-0.00395871
-0.00395288
-0.00390724
-0.00383662
-0.00376699
-0.00372522
-0.00379376
-0.00385811
-0.00392257
-0.00400337
-0.00408532
-0.00416716
-0.00418848
-0.00417177
-0.00415649
-0.00404546
-0.00355535
-0.00307981
-0.00260408
-0.00206441
-0.00152039
-0.000976943
-0.000944531
-0.00123335
-0.00150996
-0.00167178
-0.00137781
-0.00110106
-0.000823881
-0.000196099
0.000457114
0.00110889
0.00125143
0.00107374
0.000908105
0.00092373
0.00165869
0.00236636
0.00307452
0.00341134
0.00372051
0.00403048
0.00419895
0.00427842
0.00436113
0.00439634
0.00424408
0.00409888
0.00395352
0.00370835
0.00345596
0.00320401
0.00317799
0.00329408
0.00340483
0.00351662
0.00363201
0.00374717
0.00386226
0.00370474
0.00352712
0.00335037
0.00334137
0.00343794
0.00353054
0.00362225
0.00371005
0.00379793
0.00388574
0.00323506
0.00252996
0.00182738
0.00163152
0.00175463
0.00186595
0.00207409
0.00266421
0.00323991
0.00381571
0.00319417
0.00248395
0.00177749
0.00149274
0.00147358
0.00144472
0.00141917
0.0014052
0.00139082
0.00137647
0.00202057
0.00271332
0.0034038
0.00327119
0.0026204
0.00198895
0.00149334
0.00153728
0.00156157
0.00158655
0.00145492
0.00131167
0.00116895
0.00151253
0.00216224
0.00280038
0.00313506
0.00226729
0.00144371
0.000619133
0.000479474
0.000391132
0.000300997
0.000591745
0.00112226
0.00164372
0.00198536
0.00161445
0.00126953
0.000923918
0.00106756
0.00124777
0.00142653
0.00138064
0.0011932
0.001011
0.000972239
0.00150214
0.00201121
0.00252066
0.00197489
0.00135028
0.000728942
0.000439275
0.000358724
0.000270728
0.000218815
0.000308606
0.000393254
0.000478025
0.00112733
0.00181867
0.00250801
0.00251822
0.00210039
0.00169816
0.0014504
0.00181601
0.00215944
0.00250343
0.00263301
0.00274637
0.00286022
0.00301152
0.00318639
0.00336029
0.00347261
0.00334116
0.00321848
0.00309557
0.00252177
0.00191431
0.00130848
0.0011109
0.00117079
0.0012215
0.00128981
0.00142667
0.00156101
0.00169534
0.00180638
0.00191559
0.00202479
0.00216501
0.00232476
0.00248371
0.00254264
0.00220545
0.00188251
0.00155928
0.00152906
0.00152103
0.00151222
0.00135047
0.00109228
0.000837666
0.000659246
0.00078271
0.000895458
0.0010085
0.00104853
0.00108299
0.00111763
0.000897275
0.000516128
0.000140897
-0.000128316
2.26421e-05
0.000158751
0.000295286
0.00011423
-9.08311e-05
-0.000294907
-0.000267683
-9.45022e-05
7.34485e-05
0.000206681
0.000201949
0.000202044
0.00020197
0.000257171
0.000316543
0.000375727
0.000438722
0.000504102
0.000569353
0.000504801
-7.4047e-05
-0.000634572
-0.00119535
-0.000756732
-0.00024225
0.000269234
0.00018801
-0.000267384
-0.000709456
-0.00108665
-0.00120579
-0.00133381
-0.00146144
-0.00121235
-0.000934674
-0.00065818
-0.000608307
-0.000701545
-0.000789762
-0.000824923
-0.000649301
-0.000481095
-0.000312748
-0.000678283
-0.0010844
-0.00148883
-0.00167474
-0.00172258
-0.00177516
-0.00174087
-0.00136306
-0.000997352
-0.00063148
-0.000966949
-0.0013559
-0.00174274
-0.00192732
-0.00198407
-0.00204517
-0.00210585
-0.00216554
-0.00222523
-0.00228487
-0.00225456
-0.00221738
-0.00218046
-0.00226953
-0.00243817
-0.00260397
-0.00274193
-0.00276949
-0.0028008
-0.00283197
-0.00287712
-0.00292332
-0.00296945
-0.00295918
-0.00291329
-0.00286864
-0.00282392
-0.00277896
-0.00273404
-0.00268915
-0.00277544
-0.00287177
-0.00296769
-0.00304616
-0.00311358
-0.00318132
-0.00324119
-0.00327001
-0.00329987
-0.00332968
-0.00267903
-0.00197638
-0.00127597
-0.00104233
-0.00110382
-0.00115525
-0.0012143
-0.00130232
-0.00138929
-0.00147623
-0.00129889
-0.00110128
-0.00090448
-0.000788409
-0.000723415
-0.000656737
-0.000530738
-0.000169214
0.000184108
0.000537469
0.00111433
0.00170812
0.00230093
0.0025677
0.00262825
0.0026957
0.00265733
0.00220048
0.00175802
0.00131538
0.00116945
0.00104655
0.000922965
0.000934605
0.00103174
0.00112594
0.00118454
0.00110182
0.00102389
0.000945854
0.000851411
0.000755754
0.000660201
0.000620836
0.000617022
0.000612019
0.000617172
0.000662415
0.000706287
0.000750175
0.00107843
0.00142855
0.00177771
-0.00778908
-0.0236268
-0.0392447
0.00400007
0.00200607
0.00152137
0.000986689
0.000801983
0.000644394
0.000486007
0.000567886
0.000801755
0.00103041
0.00123131
0.00132191
0.00141612
0.00151014
0.00151899
0.00152121
0.00152365
0.00173323
0.00207385
0.0024099
0.00261444
0.00229765
0.00199832
0.00169862
0.00186932
0.00207657
0.00228247
0.00214208
0.0017825
0.00143039
0.00115713
0.00119678
0.00122608
0.0012557
0.00130598
0.00135785
0.00140962
0.00124703
0.000948747
0.000655132
0.000530486
0.00107586
0.00159883
0.0021222
0.00227046
0.00238932
0.00250906
0.00229559
0.00187119
0.001454
0.00108255
0.000892621
0.000696867
0.000501432
0.00091555
0.00137713
0.00183684
0.00168199
0.00113792
0.000606943
0.000216049
0.000381312
0.000528292
0.000675774
0.00075545
0.00082977
0.000904216
0.000597246
4.87577e-05
-0.000491498
-0.000824669
-0.000336634
0.000124333
0.000585882
0.000424774
0.000214907
6.7635e-06
-1.55874e-05
7.98051e-05
0.000171309
0.000160671
-0.000255346
-0.000657931
-0.00106069
-0.000665884
-0.000208645
0.000246274
0.000121232
-0.000371305
-0.000851619
-0.00115819
-0.000775113
-0.000414601
-5.35918e-05
3.72628e-05
0.000106813
0.000177007
-6.20402e-05
-0.000496995
-0.000925344
-0.00125067
-0.00116741
-0.00109738
-0.00102697
-0.00103575
-0.00105076
-0.00106556
-0.00113975
-0.00125158
-0.00136212
-0.00144661
-0.00142783
-0.00141238
-0.00139684
-0.00162582
-0.00187395
-0.00212132
-0.00193801
-0.0014817
-0.00103445
-0.000712296
-0.000886591
-0.00104486
-0.00120354
-0.00133678
-0.00146793
-0.00159906
-0.001752
-0.00191873
-0.00208491
-0.00223286
-0.00230877
-0.00238693
-0.00246497
-0.00248984
-0.0025105
-0.00253128
-0.00253307
-0.00252283
-0.00251298
-0.00249109
-0.00242148
-0.00235344
-0.0022854
-0.00233284
-0.0023894
-0.00244564
-0.00255916
-0.002709
-0.00285759
-0.00298607
-0.00303493
-0.00308629
-0.00313753
-0.00309011
-0.00303489
-0.00297995
-0.00298699
-0.00303335
-0.00307844
-0.00313457
-0.00323444
-0.00333286
-0.00343127
-0.00339765
-0.00335357
-0.00330985
-0.0032842
-0.00327004
-0.00325553
-0.00325874
-0.00333219
-0.00340339
-0.00347461
-0.00352687
-0.00357759
-0.00362833
-0.0036831
-0.00374041
-0.0037976
-0.00385284
-0.00390041
-0.00394819
-0.00399594
-0.00397337
-0.00394523
-0.00391727
-0.0039214
-0.00394588
-0.00396972
-0.00400664
-0.00409545
-0.00418258
-0.0042697
-0.00429354
-0.00431233
-0.00433127
-0.00433877
-0.00433902
-0.00433949
-0.00434509
-0.00437102
-0.00439631
-0.0044216
-0.00440429
-0.00438359
-0.004363
-0.00435214
-0.00434745
-0.00434257
-0.00434524
-0.0043778
-0.0044094
-0.00444102
-0.00447346
-0.00450596
-0.00453843
-0.00454008
-0.00452215
-0.00450485
-0.00449384
-0.00450785
-0.00452107
-0.00453431
-0.00453315
-0.00453084
-0.00452856
-0.00455804
-0.00460768
-0.00465667
-0.00468906
-0.00465564
-0.00462427
-0.00459286
-0.00464164
-0.0046968
-0.00475174
-0.00473526
-0.00467341
-0.004613
-0.00456999
-0.0045961
-0.00462007
-0.00464408
-0.00459994
-0.00455036
-0.00450098
-0.00453256
-0.00461557
-0.00469694
-0.00476631
-0.00472799
-0.004693
-0.00465793
-0.00463651
-0.0046692
-0.0047002
-0.00473124
-0.00472658
-0.00471411
-0.00470188
-0.00469715
-0.00469969
-0.00470201
-0.00470433
-0.00470664
-0.00470896
-0.00471128
-0.00471359
-0.00471849
-0.0047259
-0.00473322
-0.00473585
-0.00469633
-0.00465814
-0.00461992
-0.00462689
-0.00464377
-0.00466034
-0.00467619
-0.00469133
-0.00470648
-0.00472296
-0.0047515
-0.00477965
-0.0048078
-0.00476875
-0.00471498
-0.0046617
-0.00463517
-0.00463456
-0.00463317
-0.00463217
-0.00463448
-0.00463669
-0.00463889
-0.00464772
-0.004658
-0.00466822
-0.00469433
-0.00473581
-0.0047768
