0
0.0063182
0.00534544
0.00491554
0.00444128
0.00399109
0.00355273
0.00311411
0.00295504
0.00342311
0.00383857
0.00425769
0.00392318
0.0035678
0.00321473
0.00312242
0.00318227
0.00322952
0.00305903
0.00239683
0.00177602
0.00115284
0.00172518
0.00219883
0.00267977
0.00258847
0.00216373
0.00176686
0.00148385
0.00146129
0.00141759
0.00137568
0.00216339
0.00288254
0.00360608
0.00328382
0.00235107
0.00146918
0.00074057
0.000364368
-3.96478e-05
-0.000440771
-0.000194539
7.10418e-05
0.00033464
0.000340946
0.000196677
6.47141e-05
-0.000227251
-0.000877173
-0.00149742
-0.00211905
-0.00206954
-0.00199929
-0.0019308
-0.00164352
-0.00122839
-0.000824094
-0.00051601
-0.000425601
-0.000318059
-0.000212047
-0.000126739
-4.22198e-05
4.22279e-05
-0.000106295
-0.000391286
-0.000665056
-0.000767929
-0.000484604
-0.000232134
2.23667e-05
-6.9078e-06
-1.38444e-05
-2.25236e-05
-4.40544e-05
-7.32055e-05
-0.000101714
-0.000129517
-0.000155673
-0.000181917
-0.000208114
-0.000364208
-0.000509935
-0.000656242
-0.000732987
-0.000768864
-0.000807861
-0.000796857
-0.000673878
-0.00055977
-0.000445152
-0.000753798
-0.0010762
-0.00139704
-0.00151393
-0.00151075
-0.00151684
-0.00124004
-0.00032755
0.000534637
0.00139937
0.00157367
0.0017242
0.00187633
0.0022761
0.0028215
0.00335492
0.00390224
0.00447984
0.00505424
0.00562801
0.0058354
0.0060298
0.00622489
0.00620394
0.00605575
0.00591745
0.00573791
0.00546688
0.0052032
0.00493936
0.00477982
0.00461264
0.00444629
0.00491639
0.00576164
0.00657735
0.0069395
0.00627543
0.00568952
0.00509862
0.00562052
0.00605815
0.00650145
0.00622375
0.00552086
0.00485082
0.00430701
0.00405227
0.00377633
0.00350239
0.00351949
0.00354719
0.00357405
0.00325758
0.00273835
0.00223494
0.00173784
0.00125668
0.000775046
0.000294164
2.78228e-05
-0.000230234
-0.000488522
-0.000486096
-0.000329485
-0.000184467
-1.80957e-05
0.000194754
0.000403874
0.00061296
0.000177086
-0.000282405
-0.000739491
-0.000621991
-0.000164278
0.000267877
0.000573677
0.000590764
0.0006289
0.000665445
0.000733039
0.000798273
0.000863584
0.000648424
0.000267184
-0.000101442
-0.000426247
-0.000650698
-0.000882095
-0.00111265
-0.00136332
-0.00161217
-0.00186079
-0.00184744
-0.00167872
-0.00152145
-0.00125953
-0.000762933
-0.000283934
0.000195642
3.80196e-05
-0.000144301
-0.000324589
-0.000431775
-0.000495421
-0.000562093
-0.000516107
-0.000216288
6.49722e-05
0.000347155
-0.000302458
-0.000988138
-0.00167027
-0.00209417
-0.00236427
-0.00264491
-0.00275631
-0.00248761
-0.00224624
-0.00200328
-0.00216901
-0.0023509
-0.00253139
-0.00231726
-0.00186849
-0.00143692
-0.00118297
-0.00133244
-0.00145328
-0.00157597
-0.00141525
-0.00127467
-0.00113287
-0.00127187
-0.00157786
-0.00187172
-0.00214755
-0.00238122
-0.0026175
-0.00285327
-0.00228027
-0.0017645
-0.00124546
-0.000901022
-0.000660601
-0.000413275
-0.000511486
-0.00138932
-0.00221179
-0.00303696
-0.00339881
-0.00374098
-0.00408404
-0.00395094
-0.00353409
-0.00313743
-0.00290026
-0.00302626
-0.00312705
-0.00322943
-0.0032219
-0.00320978
-0.00319798
-0.00289502
-0.00241851
-0.00195455
-0.00151047
-0.00111251
-0.000711929
-0.000312078
-0.000244332
-0.0001908
-0.000136369
0.000224472
0.000768145
0.00129861
0.00174937
0.00201867
0.00229995
0.00258003
0.00260121
0.00263993
0.00267742
0.00205499
0.00103845
4.99623e-05
-0.000223127
0.00112522
0.00236218
0.00360499
0.00286974
0.00226885
0.00165973
0.00113203
0.000652889
0.000171131
-0.000158218
-0.000143894
-0.000152654
-0.000159855
1.90837e-05
0.000205994
0.00039212
0.000413866
0.000337189
0.000267188
0.000371257
0.000870287
0.00134232
0.00181552
0.00120689
0.000551006
-0.000100867
-0.000916441
-0.00182952
-0.00273492
-0.003242
-0.00284762
-0.00251346
-0.00217575
-0.00176764
-0.00135682
-0.000946728
-0.000521526
-8.74886e-05
0.000345395
0.00062028
0.000537937
0.000479204
0.000418997
7.29054e-05
-0.00025396
-0.000581659
-0.000989139
-0.00144433
-0.00189581
-0.00224936
-0.00238134
-0.00252762
-0.00267278
-0.00216432
-0.00169917
-0.0012318
-0.00107952
-0.00111635
-0.00114083
-0.0011796
-0.00124894
-0.0013162
-0.00138351
-0.00119802
-0.00100109
-0.000805156
-0.00090597
-0.00118504
-0.00145222
-0.00186949
-0.00262553
-0.00335875
-0.00409248
-0.00409272
-0.00405885
-0.00402722
-0.00400717
-0.0039942
-0.00398079
-0.00386502
-0.00351718
-0.00318466
-0.00285158
-0.00278523
-0.00273147
-0.00267698
-0.00271205
-0.00280096
-0.00288632
-0.00301877
-0.00325755
-0.00348925
-0.00372111
-0.00383122
-0.00394893
-0.00406601
-0.00405253
-0.00396044
-0.00387345
-0.00377646
-0.00365739
-0.00353986
-0.00342239
-0.00306326
-0.00271985
-0.00237588
-0.0024502
-0.00277642
-0.00308636
-0.0032701
-0.00316578
-0.00307971
-0.0029926
-0.00328522
-0.00359578
-0.00390483
-0.00413721
-0.00432322
-0.00451189
-0.00459071
-0.00442104
-0.00426712
-0.0041124
-0.00406759
-0.00402815
-0.00398842
-0.00385134
-0.00365558
-0.00346372
-0.00327185
-0.00308023
-0.00288882
-0.00269764
-0.0022006
-0.00172314
-0.00124506
-0.00114794
-0.00128075
-0.00139918
-0.00130877
-0.000742676
-0.000206642
0.000330585
0.000351659
0.00040451
0.000455338
0.000668335
0.000979101
0.00128347
0.00155466
0.00175011
0.00194996
0.0021493
0.00270851
0.00328497
0.00385968
0.004555
0.00532286
0.00608535
0.00631887
0.0053523
0.00446008
0.00356442
0.00373322
0.00383703
0.00394467
0.00409164
0.00426249
0.00443167
0.00449153
0.00430325
0.00413024
0.00395651
0.0041066
0.00427286
0.00443794
0.00458641
0.00472473
0.00486349
0.00500754
0.00516388
0.0053193
0.00547458
0.00512925
0.00481444
0.00449817
0.00472451
0.00527922
0.00581358
0.00588851
0.00491821
0.00401165
0.00310236
0.00283474
0.00252908
0.00222606
0.00194566
0.00167917
0.00141217
0.00136833
0.00183083
0.00226265
0.00269577
0.0025474
0.00236925
0.00219308
0.00215187
0.00219258
0.00222839
0.00247502
0.00319993
0.00389568
0.00459234
0.00400611
0.00349634
0.00298267
0.00281826
0.0028656
0.00290041
0.00284982
0.00260357
0.00236912
0.00213425
0.00131768
0.000471605
-0.000371749
-0.00045501
-7.68479e-05
0.00027384
0.000472969
0.000324508
0.000196548
6.75394e-05
0.00113159
0.00212475
0.00312089
0.00305351
0.00234046
0.00166585
0.00124325
0.00139756
0.00151815
0.00164056
0.0014839
0.00134362
0.00120256
0.00120446
0.00129319
0.00137679
0.00131478
0.000921257
0.000547348
0.000172738
-0.000287773
-0.000752387
-0.00121623
-0.00151924
-0.00172435
-0.00193485
-0.00206686
-0.00202149
-0.00198636
-0.00195069
-0.00175576
-0.0015702
-0.00138431
-0.0011951
-0.00100392
-0.000813082
-0.000755455
-0.00100047
-0.00122792
-0.00145611
-0.00148822
-0.00150974
-0.00153184
-0.00171549
-0.00199743
-0.00227344
-0.00248174
-0.00253567
-0.00259832
-0.00266039
-0.00281728
-0.0029686
-0.00312007
-0.00307755
-0.00291692
-0.00276315
-0.00260506
-0.0024378
-0.00227124
-0.00210483
-0.00215785
-0.00219843
-0.00223967
-0.00231647
-0.00241492
-0.00251204
-0.00262112
-0.00275735
-0.0028919
-0.00302639
-0.00323965
-0.00345701
-0.0036739
-0.00378973
-0.0038439
-0.00390146
-0.00382759
-0.00345524
-0.00309998
-0.00274416
-0.00256553
-0.00237722
-0.00218965
-0.00220937
-0.00235552
-0.00249447
-0.00263138
-0.00276291
-0.00289459
-0.00302611
-0.00347462
-0.00394026
-0.00440444
-0.00461535
-0.00467159
-0.00473632
-0.00477538
-0.00475718
-0.00474216
-0.00472698
-0.00441681
-0.00412325
-0.0038291
-0.00361686
-0.00345468
-0.00328993
-0.0031435
-0.00303821
-0.00293077
-0.00282356
-0.00298287
-0.00312737
-0.00327254
-0.00341235
-0.00354886
-0.0036854
-0.00388278
-0.00421882
-0.00454691
-0.00487508
-0.00435639
-0.00379047
-0.00322774
-0.00266842
-0.00211151
-0.00155507
-0.00130241
-0.00174057
-0.00214071
-0.00254248
-0.00250652
-0.00249434
-0.00248089
-0.00278264
-0.00327695
-0.0037603
-0.00410838
-0.00414778
-0.00420382
-0.0042589
-0.00420223
-0.00413924
-0.00407666
-0.00365637
-0.00301744
-0.00239096
-0.00150468
-2.74257e-05
0.00141646
0.0028606
0.00225708
0.00176413
0.00126577
0.00102681
0.000946501
0.000857779
0.000708283
0.000419196
0.000137883
-0.000143545
8.05265e-05
0.00027737
0.000475457
0.000602393
0.000685763
0.000771364
0.000914218
0.00118788
0.00145429
0.00172081
0.0018382
0.00194686
0.00205587
0.00212905
0.00218028
0.00223261
0.00217457
0.00186528
0.00156961
0.00127353
0.00142997
0.00156234
0.00169584
0.00142777
0.000913733
0.000413201
0.000155619
0.000452532
0.000719949
0.000988636
0.00165758
0.00234927
0.00303905
0.00333307
0.00338426
0.00344813
0.00337881
0.00300764
0.00265266
0.0022972
0.00274684
0.00315393
0.00356282
0.00316441
0.00227098
0.00140431
0.000780725
0.000713191
0.000616765
0.000521945
0.000397466
0.000271363
0.000145476
0.000361622
0.000787607
0.00120226
0.00160178
0.00196599
0.00233165
0.00269686
0.00244263
0.00215196
0.00186347
0.00175196
0.00174922
0.00174087
0.00162675
0.00109419
0.000583744
7.26856e-05
2.8434e-05
1.19817e-05
-5.88377e-06
-0.000213422
-0.000537445
-0.000855152
-0.00109924
-0.00117519
-0.00125968
-0.00134365
-0.0007314
-7.81129e-05
0.000572406
0.000496331
-2.63176e-05
-0.000525613
-0.00094768
-0.00106178
-0.00119147
-0.00132023
-0.00149061
-0.00166333
-0.00183575
-0.00183221
-0.00172048
-0.00161437
-0.00165342
-0.00202404
-0.00237744
-0.00273136
-0.00250176
-0.0022372
-0.00197469
-0.00164053
-0.00126249
-0.000887045
-0.000450645
0.000124981
0.000692994
0.00126082
0.00122376
0.00115013
0.00107842
0.00125516
0.00158477
0.00190635
0.00199105
0.00114023
0.000337282
-0.000467269
-0.000965619
-0.00144493
-0.00192471
-0.0018845
-0.00152425
-0.00118038
-0.000812274
-0.000390356
2.84487e-05
0.000446991
-0.0149853
-0.0313712
-0.0476931
-0.0640019
0.00317683
-0.000326243
-0.000443398
-0.00127901
-0.00207805
-0.00287811
-0.0023652
-0.00177231
-0.00118397
-0.00101197
-0.00109666
-0.00116854
-0.00118521
-0.00107454
-0.000970286
-0.000865817
-0.000672163
-0.000473191
-0.000274679
-0.000800022
-0.00177133
-0.00271969
-0.00312255
-0.00227925
-0.00149816
-0.000714788
-0.000649444
-0.00062849
-0.000605374
-0.000755375
-0.001012
-0.00126313
-0.00132378
-0.00063206
2.21016e-05
0.000677463
0.000650973
0.000582238
0.000515636
0.000274735
-7.35292e-05
-0.000416208
-0.000572978
-0.000305236
-5.84634e-05
0.000189091
0.000585653
0.00099115
0.00139582
0.00129543
0.000883395
0.000486913
0.000148795
4.29903e-05
-7.39892e-05
-0.000190313
-0.000165034
-0.000130926
-9.72789e-05
0.000141509
0.000506837
0.000865689
0.00111537
0.00111556
0.0011278
0.00113944
0.00131994
0.00151086
0.00170109
0.00154857
0.00118441
0.000830795
0.000365631
-0.000353477
-0.00105968
-0.00176583
-0.00194918
-0.00209947
-0.0022512
-0.00224247
-0.00213466
-0.00203169
-0.00187106
-0.00148329
-0.00110676
-0.00073005
-0.000514062
-0.000308409
-0.00010246
6.24893e-05
0.000202057
0.000342702
0.000223632
-0.00048823
-0.00117119
-0.00185487
-0.00196835
-0.0020456
-0.00212449
-0.00233756
-0.00263358
-0.00292538
-0.00309706
-0.00279434
-0.00251438
-0.00223362
-0.00215976
-0.00209914
-0.00203794
-0.00186421
-0.00162093
-0.00138115
-0.00116448
-0.00100066
-0.000834496
-0.0006686
0.000154778
0.00101945
0.00188135
0.00209745
0.00191383
0.00174918
0.00157328
0.00137358
0.00117519
0.000976919
0.00063759
0.000289506
-5.78411e-05
-0.000420802
-0.000793291
-0.00116499
-0.00154015
-0.00192989
-0.0023186
-0.00270698
-0.00282
-0.00291523
-0.00301119
-0.00266287
-0.0020396
-0.00142972
-0.00085499
-0.000361259
0.000135781
0.000632204
0.000620224
0.000575453
0.000532246
0.000669956
0.000919724
0.00116407
0.001187
0.000334821
-0.00047605
-0.00128808
-0.0014711
-0.00161327
-0.00175719
-0.0020445
-0.00242062
-0.0027923
-0.0030969
-0.00324822
-0.00340646
-0.00356424
-0.0037189
-0.00387323
-0.00402744
-0.00386301
-0.00350114
-0.00314868
-0.00271751
-0.00210705
-0.00150538
-0.000903854
-0.000463228
-3.34439e-05
0.000396443
0.000587823
0.000631273
0.000681446
0.000759838
0.0009511
0.00113703
0.00132304
0.00095521
0.000551478
0.00014975
-0.000458785
-0.00119534
-0.0019254
-0.00248336
-0.00264812
-0.0028306
-0.00301212
-0.00305876
-0.00309652
-0.00313465
-0.00311838
-0.00306837
-0.00301994
-0.00294675
-0.00277588
-0.00260959
-0.00244324
-0.00156934
-0.000649593
0.000267249
0.00113086
0.00196109
0.00279207
0.00302544
0.00189355
0.000824182
-0.000247039
-0.00078066
-0.00127839
-0.00177729
-0.00196027
-0.00194709
-0.00194272
-0.00183583
-0.00149541
-0.00116577
-0.000835936
-0.00155519
-0.0023433
-0.00312763
-0.00321396
-0.00286666
-0.00253906
-0.00212865
-0.00139353
-0.000673556
4.6446e-05
0.000402087
0.00073326
0.00106523
0.00103809
0.000787884
0.000547829
0.000369409
0.000332714
0.000289753
0.000247108
-0.000434945
-0.00115903
-0.0018806
-0.00233245
-0.00261645
-0.00290764
-0.00311422
-0.00298833
-0.00287727
-0.00276564
-0.00281691
-0.00287902
-0.00294059
-0.00306313
-0.00322354
-0.00338213
-0.00347421
-0.00341418
-0.0033609
-0.00330737
-0.00289351
-0.00245583
-0.00201958
-0.00161962
-0.00124239
-0.000864482
-0.000672461
-0.000905148
-0.001119
-0.0013335
-0.00133877
-0.00132999
-0.00132183
-0.00117169
-0.000933289
-0.000698957
-0.000636938
-0.00125629
-0.00184534
-0.0024352
-0.00254022
-0.0026125
-0.00268615
-0.00295614
-0.00334828
-0.00373476
-0.00394326
-0.00374441
-0.00356345
-0.00338187
-0.00338372
-0.00339796
-0.00341165
-0.00341282
-0.00340619
-0.0033999
-0.00333528
-0.00304003
-0.00275503
-0.00246983
-0.00207989
-0.00168316
-0.00128707
-0.000848885
-0.000384631
7.80969e-05
0.000449827
0.000613701
0.000786393
0.000958557
0.000582294
0.000169067
-0.000242213
-0.000637584
-0.00102288
-0.00140827
-0.00176476
-0.00205557
-0.00234895
-0.00264196
-0.00267763
-0.00269573
-0.00271458
-0.00258261
-0.00235674
-0.00213509
-0.00179903
-0.00101068
-0.000242329
0.000526216
0.00127896
0.00203005
0.00278057
0.0031211
0.003206
0.00330173
0.00338062
0.00342215
0.00346523
0.00350821
0.00335066
0.0031795
0.00300906
0.00281187
0.00259808
0.00238518
0.00207882
0.00140239
0.000742221
8.19215e-05
-0.000207172
-0.000470566
-0.000734823
-0.000924249
-0.00106698
-0.00121157
-0.00129463
-0.00123719
-0.00118573
-0.00113406
-0.000624527
-8.38598e-05
0.000455041
0.000949926
0.00141717
0.00188518
0.00226312
0.00243544
0.00261625
0.00279655
0.00295211
0.00310584
0.00325952
0.00269768
0.00168958
0.000701012
-0.000176276
-0.000612608
-0.00106703
-0.00152031
-0.0014351
-0.00131269
-0.00119194
-0.00115322
-0.00116573
-0.0011761
-0.00107423
-0.00071513
-0.00036705
-1.88002e-05
0.00076936
0.00158745
0.00240361
0.00273163
0.00275475
0.00279053
0.00287858
0.00317563
0.00346376
0.00375202
0.00365672
0.00353483
0.00341414
0.00294868
0.0022681
0.00159699
0.00100737
0.000604555
0.000194358
-0.000215195
-0.000359054
-0.000484286
-0.000610183
-0.00034982
0.000151721
0.000642911
0.00114305
0.00166325
0.00218219
0.00270075
0.00289274
0.00306176
0.0032316
0.00317997
0.00299002
0.0028059
0.0025216
0.00184143
0.00117804
0.000514501
0.000218949
-5.0614e-05
-0.00032102
-0.000272152
-2.37842e-05
0.000216227
0.000588982
0.00126528
0.00192864
0.00259198
0.00297109
0.00332997
0.00368938
0.00389881
0.00401443
0.00413379
0.00417623
0.00391525
0.00366681
0.00341807
0.00343208
0.00346456
0.00349627
0.00295709
0.00206104
0.00118019
0.000489854
0.000236483
-3.43742e-05
-0.000304304
0.000275526
0.000914885
0.00155132
0.00218148
0.00280748
0.00343313
0.00389053
0.00396305
0.00405103
0.00413832
0.00427643
0.00441804
0.00455939
0.00425773
0.00367897
0.00311181
0.00249845
0.00170273
0.00091497
0.000127522
-9.02128e-05
-0.000267418
-0.000446106
-0.000121768
0.000517239
0.00114313
0.00178909
0.00248046
0.00316946
0.003858
0.00363577
0.003349
0.00306504
0.00296955
0.00299212
0.00300997
0.00283021
0.00186761
0.000936967
5.79381e-06
-0.000280798
-0.000521305
-0.000763453
-0.00029759
0.00061141
0.00150208
0.00226931
0.00275286
0.00324729
0.00374089
0.00361662
0.00344836
0.00328198
0.00333167
0.00351673
0.00369628
0.00355559
0.00268053
0.0018352
0.000989351
0.00054894
0.000137824
-0.000274123
-0.000540326
-0.000715179
-0.000893495
-0.000838162
0.000141048
0.00108311
0.0020259
0.00232097
0.00256942
0.0028195
0.00284284
0.00272413
0.00261109
0.00246296
0.00217654
0.00189578
0.00161501
0.000948663
0.000255095
-0.000436864
-0.000896712
-0.00121092
-0.00153058
-0.00172717
-0.00143816
-0.00116835
-0.000897996
-0.000323428
0.000272637
0.000867399
0.00112955
0.00118308
0.0012447
0.00125772
0.00107979
0.00090943
0.000738906
0.000176183
-0.000414436
-0.00100351
-0.00130932
-0.00143737
-0.00157223
-0.00163798
-0.00143152
-0.00123578
-0.00103976
-0.000221777
0.000640598
0.00150059
0.00183906
0.00185029
0.00187415
0.0018651
0.00172779
0.00159553
0.00146319
0.000820632
0.00014157
-0.000535561
-0.00101215
-0.00136275
-0.00171793
-0.00197272
-0.00183157
-0.00170575
-0.00157945
-0.000599023
0.000442716
0.0014813
0.00193994
0.00203446
0.00214287
0.00203663
0.00108286
0.000162297
-0.000758835
-0.000926421
-0.0010391
-0.0011538
-0.00111236
-0.000972979
-0.000837449
-0.000571849
0.00020849
0.000968587
0.00172888
0.00225455
0.00276276
0.00327126
0.00294919
0.00210575
0.00128281
0.000544703
0.000143787
-0.000269644
-0.000682286
-0.000718504
-0.000727213
-0.000736961
-2.85415e-05
0.00113066
0.00227189
0.00319405
0.00324861
0.00333599
0.00342207
0.00327793
0.00311704
0.0029569
0.00258361
0.00207653
0.00157489
0.00104785
0.000419875
-0.000203814
-0.000827193
-0.000955462
-0.00104736
-0.00114055
-0.000666277
0.000164363
0.000980966
0.00170366
0.0020542
0.00241847
0.00278195
0.00301302
0.00323421
0.00345561
0.00339133
0.00314755
0.00291069
0.00266091
0.00236045
0.00206211
0.00176392
0.00095254
0.000103943
-0.000742627
-0.000876501
-0.000562325
-0.000265121
0.000129868
0.000910262
0.00167569
0.00244111
0.00270158
0.00292466
0.00314897
0.00325721
0.00329248
0.00333045
0.00335635
0.00333498
0.00331538
0.00329574
0.00276753
0.00220211
0.00163849
0.00107374
0.00050845
-5.63964e-05
-0.000351459
0.000420828
0.00115301
0.00188614
0.00233809
0.00276894
0.00320025
0.00334736
0.00331569
0.00329064
0.00327439
0.00329392
0.00331211
0.00333034
0.00274718
0.00211983
0.00149457
0.000960413
0.000483755
5.33169e-06
-0.00035683
-0.000259792
-0.000179708
-9.90598e-05
0.000540589
0.00122134
0.00190008
0.00223828
0.00236208
0.00249365
0.00256546
0.00240199
0.00224726
0.00209232
0.0018207
0.00154058
0.00126098
0.000847295
0.000349335
-0.000145183
-0.000548717
-0.000592421
-0.000649225
-0.00070551
-0.000131178
0.000489786
0.0011086
0.00157686
0.00195017
0.00232667
0.00261627
0.0025629
0.00252203
0.00248074
0.0022522
0.00200982
0.00176811
0.00135674
0.000838645
0.000324798
-0.000121737
-0.00030211
-0.000491996
-0.000681399
-0.000396718
-7.67583e-05
0.000241694
0.000771147
0.00143332
0.00209022
0.0026104
0.00258958
0.0025883
0.00258632
0.00239448
0.00218853
0.00198324
0.00164954
0.00123505
0.000823764
0.000432987
0.000123036
-0.0001896
-0.000501915
-0.000590502
-0.000662238
-0.000734528
-0.000255416
0.000570982
0.00138433
0.00207115
0.00225656
0.00245982
0.00266229
0.0028451
0.00302632
0.00320747
0.00284344
0.00213593
0.0014412
0.000824032
0.0005145
0.000194202
-0.000125483
6.70103e-05
0.000297959
0.000527372
0.000955062
0.00150759
0.00205528
0.00246374
0.00232102
0.00219802
0.00207441
0.00135347
0.000587916
-0.000175508
-0.000534594
-0.000638631
-0.000751648
-0.000683888
9.86694e-05
0.000855324
0.00161236
0.00187307
0.0020961
0.00232032
0.00253023
0.00273109
0.00293214
0.00285956
0.0017032
0.000585946
-0.000531898
-0.000461529
-0.000301264
-0.000144284
-6.85977e-05
-4.42781e-05
-1.8165e-05
0.000107332
0.000626959
0.00113234
0.00163787
0.00171888
0.00176766
0.00181753
0.00151843
0.000999283
0.00048823
1.34164e-05
-0.000317732
-0.000653688
-0.000989241
-0.00084357
-0.000661442
-0.00048072
9.34557e-05
0.000915715
0.00172871
0.00240852
0.00256091
0.00273163
0.00290159
0.00254449
0.00214752
0.00175221
0.00118324
0.000504847
-0.000169261
-0.000710128
-0.000723771
-0.000755775
-0.000787117
5.23294e-05
0.000957603
0.00185996
0.00222418
0.00224858
0.00228478
0.00224011
0.0018767
0.00152461
0.00117237
0.000626388
6.59562e-05
-0.000493586
-0.000790544
-0.000921638
-0.00105839
-0.000993193
-0.000128705
0.000707527
0.00154416
0.00173516
0.00187669
0.00201984
0.00211511
0.00218015
0.00224619
0.00215446
0.00143772
0.000743026
4.80513e-05
-0.000285555
-0.000591296
-0.000897786
-0.000804194
-0.000457962
-0.000120658
0.000266353
0.000849851
0.0014262
0.00200239
0.00227662
0.00252753
0.00277907
0.00285025
0.0028075
0.00276868
0.00260635
0.00195492
0.00132068
0.000686293
0.000281017
-0.000106421
-0.000494204
-0.000394997
1.18641e-05
0.000407936
0.000798931
0.00116914
0.00153981
0.0019102
0.00211851
0.00231422
0.00251023
0.00227921
0.00177841
0.00128713
0.000812391
0.000403468
-7.41458e-06
-0.000417952
-0.000526942
-0.00061264
-0.000699072
-0.000291879
0.000427196
0.0011352
0.0016769
0.00155932
0.00146416
0.00136831
0.00143515
0.0015145
0.00159336
0.00144859
0.00116246
0.000881308
0.000552111
3.25675e-05
-0.000480194
-0.000992839
-0.000889157
-0.000737926
-0.000588402
4.81883e-05
0.000992557
0.00192592
0.00294675
0.00431477
0.00567017
0.00702509
0.00579499
0.00436564
0.00294395
0.0023811
0.00236165
0.00232397
0.00231275
0.0024039
0.00249155
0.00257926
0.00141943
0.000163634
-0.00108811
-0.00089273
0.000218003
0.00129735
0.00222903
0.00257324
0.00293686
0.0032996
0.00315441
0.00296988
0.0027868
-0.00839181
-0.0265239
-0.0444119
0.00265461
0.000604362
0.000192704
-0.000273281
-0.00032106
-0.000336516
-0.000353039
0.000172826
0.00104174
0.00189866
0.00255588
0.0024214
0.00231331
0.00220442
0.00200599
0.00180071
0.00159578
0.00135257
0.00108518
0.000818769
0.000518105
8.12263e-05
-0.000350853
-0.000782804
-0.00077136
-0.000725372
-0.000680557
-8.81751e-05
0.000850639
0.00177739
0.00250337
0.00243356
0.00239005
0.00234571
0.00235539
0.00236928
0.00238303
0.00191099
0.00113152
0.000362685
-0.000269763
-0.000361539
-0.000471041
-0.000579888
-4.40727e-05
0.000541805
0.00112565
0.00147426
0.00167379
0.00187809
0.00203108
0.00198167
0.00193892
0.00189599
0.00169045
0.00147231
0.00125472
0.000846551
0.000317784
-0.000206692
-0.00062782
-0.000639604
-0.000664758
-0.000689458
-0.000103148
0.000530698
0.00116258
0.00156208
0.00181426
0.00207109
0.00228199
0.00231189
0.00234767
0.00238324
0.00171034
0.00098224
0.000256409
-0.000127542
-0.000294778
-0.000468949
-0.000537937
-0.000191057
0.000142095
0.000475477
0.000959068
0.00145418
0.0019486
0.00209164
0.00201199
0.0019396
0.00176844
0.00120639
0.00065736
0.00010826
-6.03235e-05
-0.000198874
-0.000338305
-0.000263541
-5.30729e-05
0.000152878
0.000427623
0.000975006
0.00151324
0.00205142
0.0022877
0.00250005
0.00271304
0.00257301
0.00220928
0.00185299
0.00145955
0.000919087
0.0003837
-0.000151507
-0.000328815
-0.000477789
-0.000627578
-0.000270314
0.000408295
0.00107616
0.00161983
0.00167086
0.00173765
0.00180389
0.00146652
0.00109745
0.000729644
0.000383402
5.09365e-05
-0.000281757
-0.000459177
-2.14284e-05
0.000396387
0.000814572
0.000890263
0.000938825
0.000988223
0.00108282
0.00120607
0.00132833
0.00136324
0.00105181
0.000751603
0.000451234
9.46416e-05
-0.000266202
-0.000626681
-0.000503432
-7.33988e-05
0.000346613
0.000727911
0.000955185
0.00118721
0.00141893
0.00137017
0.0012992
0.00122898
0.000863044
0.000309615
-0.000237524
-0.000679506
-0.00070463
-0.000742929
-0.000780787
-0.000540905
-0.000279107
-1.81671e-05
0.000289741
0.000627366
0.000963839
0.00118535
0.00095136
0.000731886
0.000512092
0.000100712
-0.000325667
-0.000751305
-0.00104278
-0.00124905
-0.00145787
-0.00160237
-0.00149247
-0.00139063
-0.00128861
-0.00106494
-0.000831725
-0.000598953
-0.000594942
-0.000736124
-0.000872662
-0.00105441
-0.00141517
-0.00177009
-0.00212498
-0.00213531
-0.00211819
-0.00210193
-0.00212461
-0.00217201
-0.0022186
-0.00224787
-0.00220836
-0.00217103
-0.00213365
-0.00215506
-0.00218116
-0.00220709
-0.00224079
-0.0022794
-0.00231784
-0.00236368
-0.00243895
-0.00251326
-0.00258755
-0.00261339
-0.00263535
-0.00265742
-0.00264393
-0.00260786
-0.00257251
-0.00254655
-0.00255786
-0.00256801
-0.00257819
-0.00260529
-0.00263373
-0.0026621
-0.00272003
-0.00279671
-0.00287276
-0.0029365
-0.00295145
-0.0029679
-0.00298429
-0.0029973
-0.00301003
-0.00302276
-0.00304069
-0.00306192
-0.00308303
-0.00310315
-0.00311935
-0.00313565
-0.00315195
-0.00309589
-0.00303405
-0.00297244
-0.00298907
-0.00305542
-0.00312019
-0.00317164
-0.00310358
-0.00303923
-0.00297481
-0.00293203
-0.00297494
-0.00301518
-0.00305549
-0.0030968
-0.00313831
-0.00317979
-0.00318539
-0.00315625
-0.00312819
-0.00310012
-0.00307207
-0.00304403
-0.00301601
-0.002988
-0.00301629
-0.0030991
-0.00318019
-0.00324876
-0.0032049
-0.00316452
-0.00312405
-0.00310211
-0.00308426
-0.00306628
-0.00307282
-0.00310309
-0.00313261
-0.00316316
-0.00320283
-0.00324219
-0.00328154
-0.00329503
-0.00330284
-0.00331082
-0.00338889
-0.00353487
-0.0036787
-0.00378316
-0.00353483
-0.00329737
-0.00305972
-0.00301136
-0.00300456
-0.0029965
-0.00308939
-0.00328005
-0.00346763
