0
0.0117349
0.00999753
0.0093704
0.00865209
0.00855062
0.00880321
0.00902605
0.0090815
0.00875558
0.00846172
0.00816569
0.0079338
0.00770406
0.00747451
0.0073007
0.00715946
0.00701579
0.00678298
0.00634905
0.00593232
0.00551487
0.00535197
0.00516852
0.00498705
0.00485269
0.00474599
0.00463722
0.00450139
0.00430413
0.00411219
0.00392012
0.00391343
0.00389172
0.00387125
0.00354563
0.00304199
0.00255356
0.00223539
0.00230199
0.00233746
0.00237538
0.00240103
0.00242629
0.00245154
0.00220073
0.00178863
0.00139012
0.00105787
0.000876404
0.000683162
0.000491169
0.000539897
0.000596038
0.000651499
0.000675053
0.000679878
0.000686185
0.000700017
0.000731068
0.000760703
0.000790403
0.000842552
0.000895339
0.000947992
0.000971826
0.00097875
0.000986998
0.000995129
0.00100326
0.00101137
0.00101947
0.000944042
0.000875292
0.000806126
0.00102239
0.00140599
0.00177588
0.00193714
0.00162686
0.0013539
0.00107845
0.000853616
0.000625186
0.000397391
0.000309772
0.000304562
0.000292958
0.000220316
9.01441e-06
-0.000191211
-0.000391984
-0.000564528
-0.000735893
-0.000907084
-0.00102186
-0.00110341
-0.00118739
-0.00124238
-0.00123266
-0.00122794
-0.00122283
-0.000809184
-0.000382159
4.31859e-05
0.000970968
0.00219391
0.00339239
0.00429619
0.00453393
0.00482215
0.00510609
0.00417399
0.00320093
0.00223247
0.00181265
0.00171653
0.00159598
0.00143124
0.00116236
0.000901778
0.00064096
0.000635732
0.000611192
0.000588148
0.000933708
0.00149655
0.00204217
0.00276283
0.00387623
0.00495843
0.00604135
0.00528426
0.00466634
0.00403891
0.003721
0.00358551
0.00343657
0.00360546
0.00448855
0.00531701
0.00614832
0.00619175
0.00620647
0.0062233
0.0065725
0.00711802
0.00764815
0.00755172
0.00604017
0.00463568
0.00322534
0.00280513
0.00242201
0.00203672
0.00178097
0.00160186
0.00141737
0.00147568
0.00208061
0.00264446
0.00321051
0.00313938
0.00304447
0.00295145
0.00274653
0.00247557
0.00220984
0.00244052
0.00379205
0.0050598
0.00633181
0.0067897
0.00730622
0.00781773
0.00790653
0.00774458
0.00760107
0.00750987
0.0075396
0.00756053
0.00758207
0.00707702
0.00661078
0.00614241
0.00635898
0.00698156
0.00757397
0.00816203
0.00873636
0.00931084
0.00988449
0.0101158
0.0103334
0.0105517
0.0107044
0.0108182
0.0109346
0.0110413
0.0111267
0.0112135
0.0113001
0.0112278
0.0111494
0.0110715
0.0108591
0.0105669
0.0102808
0.0100186
0.0098109
0.00959965
0.00938895
0.00970757
0.010047
0.0103845
0.0104711
0.0104084
0.0103563
0.0102221
0.009904
0.00959932
0.00929413
0.00951382
0.00969632
0.00988117
0.00968526
0.00926295
0.0088571
0.00832015
0.00748883
0.00667926
0.00586929
0.00561162
0.00531576
0.00502298
0.00468929
0.00433153
0.00397594
0.00356819
0.00304219
0.00252514
0.00200818
0.00168874
0.0013779
0.00106691
0.000770189
0.000482116
0.000193845
-6.38798e-05
-0.000253089
-0.000446762
-0.00063986
-0.000766992
-0.00089119
-0.00101542
-0.00120195
-0.00142558
-0.00164635
-0.00186977
-0.00209911
-0.00232774
-0.0025561
-0.00287294
-0.00319315
-0.0035127
-0.00376607
-0.0039798
-0.00419594
-0.00435959
-0.00440531
-0.00445898
-0.00451204
-0.00482706
-0.00512387
-0.00542152
-0.0056703
-0.00588981
-0.006111
-0.00624998
-0.00620357
-0.00616976
-0.00613514
-0.00635759
-0.00656241
-0.00676815
-0.00686007
-0.00688394
-0.00691235
-0.00691342
-0.0068534
-0.00679756
-0.00674151
-0.00696738
-0.00720535
-0.00744219
-0.00756326
-0.00761493
-0.00767117
-0.00770231
-0.00767743
-0.00765633
-0.007635
-0.00784201
-0.00805891
-0.00827487
-0.00824173
-0.00805938
-0.00788717
-0.00774476
-0.0076711
-0.00759299
-0.00751527
-0.00739763
-0.00727835
-0.00715933
-0.00714965
-0.00720554
-0.00725704
-0.00724168
-0.00707434
-0.00691721
-0.00675963
-0.00681385
-0.0068541
-0.0068952
-0.00690727
-0.00690196
-0.00689779
-0.00688581
-0.00685632
-0.00682802
-0.00679968
-0.00658399
-0.0063808
-0.00617707
-0.00597213
-0.00576655
-0.00556127
-0.00542698
-0.0054532
-0.00546896
-0.00548539
-0.00550586
-0.00552649
-0.00554709
-0.00552059
-0.00546581
-0.00541293
-0.00541518
-0.00554256
-0.00566169
-0.00578121
-0.00571257
-0.00563526
-0.00555861
-0.00553229
-0.00553627
-0.00553829
-0.00545884
-0.00519443
-0.00494221
-0.00468953
-0.00481235
-0.00495264
-0.00509163
-0.00523052
-0.00536925
-0.00550781
-0.00559924
-0.00558405
-0.00557567
-0.00556687
-0.00566866
-0.00576329
-0.00585826
-0.00581069
-0.00567735
-0.00554961
-0.00543263
-0.00534065
-0.00524719
-0.00515395
-0.00540199
-0.00562816
-0.00585543
-0.00606959
-0.00627581
-0.00648226
-0.00664369
-0.00670339
-0.00676941
-0.00683495
-0.0068819
-0.00692789
-0.00697389
-0.00675081
-0.00636563
-0.00599108
-0.00558393
-0.00510375
-0.00462873
-0.00415399
-0.00414283
-0.00415417
-0.0041641
-0.00438594
-0.00473545
-0.00507657
-0.005359
-0.00550762
-0.00566436
-0.00582041
-0.00571771
-0.00563119
-0.00554377
-0.00545039
-0.00535341
-0.00525677
-0.00493661
-0.00410919
-0.00331411
-0.00251802
-0.00233344
-0.00211142
-0.00189197
-0.00194479
-0.00216212
-0.00236907
-0.0023105
-0.00164825
-0.00102385
-0.000397893
-2.37615e-05
0.000337465
0.00069904
0.000855536
0.000888049
0.000928096
0.00100926
0.00118488
0.00135453
0.00152433
0.00187668
0.00221749
0.00255859
0.00273232
0.00280479
0.00288332
0.00309075
0.00359176
0.00407437
0.00455751
0.00497152
0.00538161
0.00579143
0.00616013
0.00650378
0.00684854
0.00712865
0.00726273
0.00740544
0.00754747
0.00792194
0.00828198
0.00864245
0.0089145
0.00913292
0.00935429
0.00945422
0.00927916
0.00912078
0.00896159
0.00911527
0.00925007
0.00938583
0.00942965
0.00941779
0.00940927
0.00934328
0.0091472
0.0089591
0.00877075
0.00887569
0.00899562
0.00911451
0.00941137
0.00981595
0.0102137
0.0104562
0.0103459
0.0102567
0.0101663
0.0096598
0.00917847
0.00869622
0.00829444
0.0079416
0.00758629
0.00721871
0.00682236
0.00642817
0.00603431
0.00593569
0.00585259
0.00576867
0.00596002
0.00631833
0.00666643
0.00689976
0.00687143
0.00685844
0.00684456
0.00634831
0.00588081
0.00541217
0.00511754
0.00492865
0.00473382
0.0046057
0.0046281
0.00464173
0.00465585
0.00567883
0.00664208
0.00760767
0.00779169
0.00750087
0.00723789
0.00689075
0.00635569
0.00583211
0.00530847
0.00483343
0.00436145
0.00388984
0.0034481
0.00302469
0.00260072
0.00219348
0.00182356
0.00145192
0.00108081
0.000957982
0.000821049
0.000685081
0.000564322
0.000452897
0.000341064
0.000227395
0.000109323
-8.36232e-06
-0.000125935
-0.000151812
-0.000172722
-0.00019389
-0.000227452
-0.000268554
-0.000309179
-0.000413391
-0.000662197
-0.000902505
-0.00114302
-0.00120384
-0.00127478
-0.00134506
-0.00151968
-0.00175774
-0.00199194
-0.00219113
-0.00231053
-0.00243431
-0.0025577
-0.00256257
-0.00257412
-0.00258528
-0.00264074
-0.00272315
-0.00280395
-0.00291971
-0.00311492
-0.00330544
-0.00349601
-0.00349753
-0.00348869
-0.00348043
-0.00346095
-0.00343465
-0.00340877
-0.00340933
-0.00347006
-0.00352737
-0.0035848
-0.00374536
-0.0039
-0.00405479
-0.00414859
-0.00420518
-0.00426377
-0.00437265
-0.00459633
-0.00481337
-0.00503055
-0.00517509
-0.00531547
-0.00545592
-0.0054985
-0.00548135
-0.00546753
-0.00550784
-0.00567176
-0.00582866
-0.00598578
-0.00601438
-0.00605005
-0.00608528
-0.00605612
-0.00598764
-0.00592141
-0.00589662
-0.00596638
-0.00603086
-0.00609557
-0.00614678
-0.00619868
-0.00625049
-0.00631625
-0.00639051
-0.00646422
-0.00646765
-0.00631116
-0.00616358
-0.00601567
-0.00584741
-0.00567816
-0.00550915
-0.00532842
-0.0051406
-0.00495338
-0.00485931
-0.00497713
-0.0050833
-0.00519
-0.00523248
-0.00527841
-0.00532409
-0.00537363
-0.00542549
-0.00547716
-0.00549916
-0.00545364
-0.00541182
-0.00536984
-0.00522371
-0.00507178
-0.00492033
-0.00488566
-0.00492245
-0.00495535
-0.00491063
-0.0046887
-0.00447654
-0.00426408
-0.00418949
-0.00410757
-0.00402613
-0.0040183
-0.00405554
-0.00409033
-0.00412327
-0.00415173
-0.00418039
-0.00420902
-0.00357836
-0.00298357
-0.0023875
-0.00239554
-0.00277343
-0.00313121
-0.0032735
-0.00292296
-0.002599
-0.00227397
-0.00195744
-0.00164169
-0.00132624
-0.00129469
-0.00143707
-0.00157008
-0.00161629
-0.0014638
-0.00132198
-0.00117975
-0.00111825
-0.00105254
-0.00098713
-0.000815947
-0.000580011
-0.000347737
-0.00010326
0.0001689
0.000439317
0.000709541
0.00112347
0.0015454
0.00196647
0.00215904
0.0022114
0.00227105
0.00235981
0.00251583
0.00266817
0.00282055
0.00307569
0.00332519
0.00357472
0.00402058
0.00458672
0.005146
0.00562669
0.00592823
0.00623879
0.00654855
0.00643706
0.00630084
0.00616604
0.00631939
0.00664957
0.00697023
0.00720932
0.0072618
0.0073239
0.00738543
0.00771418
0.00805845
0.00840156
0.00867318
0.00890079
0.00913042
0.00928835
0.00916445
0.00905521
0.00894533
0.00873307
0.00851492
0.00829729
0.0081453
0.00803369
0.00792013
0.00799667
0.00850625
0.00899311
0.00948062
0.00929429
0.00906788
0.00884376
0.0086852
0.00856707
0.00844699
0.00839202
0.00859318
0.00878107
0.00896945
0.00849177
0.00797457
0.0074599
0.00718158
0.00704874
0.00690864
0.0068797
0.00710323
0.00731372
0.00752466
0.00703341
0.00650028
0.00596982
0.00564874
0.00545664
0.0052582
0.00512946
0.00515864
0.00517981
0.00520137
0.00485755
0.00449193
0.00412778
0.00413957
0.00438273
0.004614
0.00476604
0.00460364
0.00445721
0.00431013
0.00385244
0.00337627
0.00290152
0.00252741
0.00221544
0.00190067
0.0016714
0.00163643
0.00159177
0.00154764
-0.0137757
-0.0300179
-0.0461979
-0.0623649
0.00531065
0.00128559
0.000886829
0.000514061
0.000140372
-0.0002329
-0.000393008
-0.000539912
-0.000687326
-0.000604475
-0.00037981
-0.000162398
3.69657e-05
0.000194599
0.000354142
0.000513433
0.000311617
8.77622e-05
-0.000134782
-0.00033652
-0.000525326
-0.000714583
-0.000905358
-0.0010999
-0.00129406
-0.00148805
-0.0015814
-0.00166844
-0.00175571
-0.00142935
-0.00084806
-0.000279859
9.75524e-05
-0.000279172
-0.00061856
-0.000959445
-0.00122379
-0.00148318
-0.00174255
-0.00186386
-0.00189997
-0.00194021
-0.00201171
-0.00215508
-0.00229481
-0.00243459
-0.00254901
-0.00266175
-0.00277447
-0.00296054
-0.00319181
-0.00342065
-0.0036008
-0.00358883
-0.0035862
-0.00358311
-0.00349408
-0.00339976
-0.00330578
-0.00330697
-0.00336692
-0.00342396
-0.00350359
-0.00363452
-0.00376284
-0.00389116
-0.00394279
-0.00398956
-0.00403652
-0.00416666
-0.00434815
-0.00452698
-0.00467905
-0.00476993
-0.00486366
-0.00495717
-0.00498128
-0.00500101
-0.00502093
-0.00504972
-0.00508399
-0.00511796
-0.00512573
-0.00503007
-0.00493944
-0.00484867
-0.00481534
-0.00478568
-0.00475587
-0.00472522
-0.00469407
-0.00466297
-0.0046288
-0.00458759
-0.00454675
-0.00450593
-0.00444199
-0.00437664
-0.00431141
-0.00431615
-0.00436415
-0.00441006
-0.00443246
-0.00436176
-0.00429555
-0.00422918
-0.00410348
-0.00397412
-0.00384505
-0.00373414
-0.0036345
-0.00353443
-0.00340997
-0.00322963
-0.0030521
-0.0028746
-0.00284775
-0.00283055
-0.0028129
-0.00279016
-0.00276426
-0.00273854
-0.00270974
-0.0026739
-0.00263842
-0.00260296
-0.00257424
-0.00254596
-0.00251769
-0.00257261
-0.00267899
-0.00278286
-0.00287183
-0.00290175
-0.0029344
-0.00296688
-0.00290258
-0.00283211
-0.002762
-0.00264277
-0.00249317
-0.00234514
-0.00227164
-0.00236844
-0.00245723
-0.0025463
-0.0025859
-0.00262226
-0.00265875
-0.00271907
-0.00279413
-0.00286844
-0.00291568
-0.00285599
-0.00280132
-0.00274646
-0.00277114
-0.00280094
-0.00283047
-0.0029339
-0.00308306
-0.00322997
-0.00328229
-0.00311835
-0.00296454
-0.00281039
-0.0029082
-0.00302229
-0.00313553
-0.00299959
-0.00270923
-0.00242622
-0.00214048
-0.00184891
-0.00155787
-0.00126708
-0.000469563
0.000360316
0.00118795
0.00136162
0.00112971
0.000916554
0.000804701
0.001096
0.00136862
0.00164185
0.00243861
0.00326894
0.00409698
0.004738
0.00526276
0.00579234
0.00596585
0.00532662
0.00472491
0.00412205
0.00431762
0.00456539
0.00481056
0.00536639
0.00611472
0.00685365
0.00727616
0.00644849
0.00567815
0.0049059
0.00501353
0.00517894
0.00534158
0.00544018
0.00549892
0.00555939
0.00558336
0.00552409
0.00546863
0.00541305
0.00552661
0.00565124
0.00577526
0.0060373
0.00638493
0.0067284
0.00700282
0.00711932
0.00724279
0.00736584
0.00688145
0.00635724
0.00583528
0.00582306
0.00612748
0.00641748
0.00663877
0.00658667
0.00654682
0.00650647
0.00616692
0.00580778
0.00544984
0.00564693
0.00618881
0.00671487
0.00707732
0.00706459
0.00706856
0.00707177
0.00679908
0.00650823
0.00621844
0.0060351
0.00591801
0.00579808
0.00562288
0.0052284
0.00484397
0.00445944
0.00368943
0.00289428
0.00210095
0.00171201
0.00157463
0.00142627
0.00126627
0.00107833
0.000891783
0.000705339
0.000346906
-2.27644e-05
-0.000391616
-0.000689849
-0.000944057
-0.00119998
-0.00142418
-0.00157633
-0.00173151
-0.00188641
-0.00204443
-0.00220253
-0.00236048
-0.00250843
-0.00265011
-0.00279194
-0.00291573
-0.00296862
-0.00302456
-0.00308032
-0.00310629
-0.00313024
-0.00315425
-0.00325984
-0.00341616
-0.00357013
-0.00372955
-0.00390138
-0.00407252
-0.00424354
-0.00425821
-0.0042623
-0.00426685
-0.00428963
-0.00432377
-0.00435739
-0.00436812
-0.00428833
-0.00421253
-0.00413662
-0.00417167
-0.00421421
-0.00425638
-0.00429618
-0.00433448
-0.0043728
-0.00442024
-0.00448859
-0.00455597
-0.00462333
-0.00447532
-0.00431279
-0.00415103
-0.00414734
-0.00424212
-0.00433259
-0.00440071
-0.00441736
-0.00443621
-0.00445495
-0.00445906
-0.00446217
-0.00446532
-0.00450918
-0.0045784
-0.00464647
-0.00468465
-0.00460458
-0.00452963
-0.00445452
-0.00425488
-0.00404689
-0.00383944
-0.00368486
-0.00356329
-0.00344042
-0.00337858
-0.00345615
-0.00352772
-0.00359949
-0.00354804
-0.00348819
-0.00342874
-0.00328498
-0.0030887
-0.00289481
-0.00277533
-0.00295007
-0.00311219
-0.00327471
-0.00335625
-0.00343217
-0.00350826
-0.00339593
-0.00316614
-0.00294151
-0.00282771
-0.00296789
-0.00309723
-0.00322692
-0.00319004
-0.00314173
-0.00309393
-0.00306071
-0.00303658
-0.0030121
-0.00299194
-0.00298164
-0.00297094
-0.00296026
-0.00262071
-0.00225873
-0.00189799
-0.0013362
-0.000649164
3.20523e-05
0.000626637
0.000879274
0.00114601
0.00141193
0.00202769
0.0026672
0.00330518
0.00370507
0.00395622
0.00421337
0.00450447
0.0048742
0.00524034
0.00560633
0.0058712
0.00612886
0.0063866
0.00675162
0.0071835
0.00761224
0.0079793
0.00810289
0.00823649
0.00836955
0.00829675
0.00820967
0.00812326
0.00803163
0.00793677
0.00784213
0.00778379
0.00780852
0.00782979
0.00785119
0.00773476
0.00760881
0.00748335
0.00749893
0.00760262
0.0077026
0.0076963
0.00744638
0.00720669
0.00696677
0.00660595
0.00623694
0.00586857
0.00558112
0.00534432
0.00510564
0.00490254
0.00483928
0.00477034
0.00470169
0.00487878
0.00507296
0.00526629
0.00553608
0.00585357
0.00616885
0.00625541
0.00581817
0.00540267
0.00498662
0.00525436
0.0055699
0.00588324
0.00595197
0.00586771
0.00578975
0.0055792
0.00484486
0.00413241
0.00341965
0.00336881
0.00336459
0.00335847
0.00319017
0.00292044
0.00265504
0.00245718
0.00241417
0.00236492
0.00231596
0.00249405
0.00268802
0.0028812
0.00290749
0.00282937
0.00275554
0.00260356
0.00227288
0.00194967
0.00162642
0.00206346
0.00255395
0.00304188
0.00273088
0.00192004
0.00112995
0.000484976
0.00041573
0.000323419
0.000232108
5.21827e-05
-0.000133889
-0.000319566
-0.000504381
-0.000688596
-0.000872688
-0.000994545
-0.000973971
-0.00095911
-0.000944033
-0.000737803
-0.000518142
-0.000299193
0.000114963
0.000651181
0.0011821
0.00151632
0.00107242
0.000659885
0.000246426
-0.000136267
-0.000516503
-0.000896534
-0.000803472
-0.000414213
-3.70311e-05
0.00015325
-8.55488e-05
-0.000307131
-0.000529221
-0.000817969
-0.00111127
-0.00140416
-0.00103509
-0.000251529
0.000515011
0.000849464
0.000192775
-0.000424219
-0.00104229
-0.000868438
-0.000638085
-0.000410144
-0.000501118
-0.000791915
-0.00107461
-0.00108337
-7.25203e-06
0.00102531
0.00205877
0.00138764
0.000594836
-0.000192559
-0.0003674
-0.000158226
3.57065e-05
0.000125939
-0.000196255
-0.000502021
-0.000808193
-0.000711215
-0.000585357
-0.000460728
-0.000377108
-0.000319245
-0.00026042
-0.000239218
-0.00036666
-0.000488196
-0.000609867
-0.000549407
-0.000475883
-0.000402926
-0.000104299
0.000335711
0.00076987
0.00109408
0.00098313
0.000889199
0.000794678
0.000934597
0.00109132
0.00124727
0.00141603
0.00159275
0.00176903
0.00183205
0.00144702
0.00107966
0.000711897
0.00138169
0.00212599
0.00286684
0.0030721
0.00294128
0.00282355
0.00263301
0.00215595
0.00169033
0.00122463
0.00173782
0.00232155
0.00290211
0.00281681
0.00231371
0.00182708
0.00155222
0.00211719
0.00264942
0.00318251
0.00277287
0.0022951
0.00182032
0.00141679
0.00105816
0.00069808
0.000373717
0.000189716
4.78238e-07
-0.000188414
0.000527043
0.00130777
0.00208541
0.00207495
0.00156974
0.00108383
0.000620884
0.000250713
-0.000122717
-0.000495737
0.000123815
0.000815267
0.00150345
0.00149426
0.00104715
0.000617052
0.000250576
0.00013763
1.51293e-05
-0.000106915
0.00033688
0.000821687
0.00130457
0.00183724
0.002401
0.00296316
0.00342441
0.00348716
0.00356496
0.00364213
0.00375333
0.00386695
0.00398038
0.00341444
0.00242191
0.00144625
0.000635066
0.000475554
0.000291571
0.00010865
0.000262109
0.000440123
0.000617077
0.000992756
0.00149316
0.0019885
0.00231417
0.00196828
0.00164789
0.00132679
0.00159095
0.00189792
0.00220305
0.00200644
0.00149455
0.000994868
0.000728206
0.00138509
0.00200688
0.00262953
0.00240655
0.0021215
0.00183899
0.00136186
0.000762593
0.000168333
-0.000161906
0.000552915
0.00122821
0.00190447
0.00145451
0.000921824
0.000392621
0.000297943
0.000476557
0.000644868
0.000784736
0.000810796
0.000841068
0.000871161
0.000505115
0.000110054
-0.000283637
-0.000553329
-0.000744944
-0.000939312
-0.00101717
-0.000634422
-0.000269014
9.67655e-05
0.000586411
0.0010849
0.0015827
0.00141669
0.000833196
0.000265556
-0.000150945
3.2276e-05
0.000193232
0.000354891
0.000144321
-9.37015e-05
-0.000330537
-0.000424461
-0.000428427
-0.000435701
-0.000491058
-0.000737373
-0.000976486
-0.00121569
-0.00117217
-0.00110768
-0.001044
-0.00113239
-0.00131647
-0.0014969
-0.00165315
-0.00171344
-0.0017772
-0.0018408
-0.00204111
-0.00225146
-0.00246129
-0.00257229
-0.00262104
-0.00267204
-0.0027042
-0.00266221
-0.00262295
-0.00258363
-0.00253837
-0.00249269
-0.00244707
-0.00244344
-0.00246624
-0.00248807
-0.00249418
-0.00243793
-0.002384
-0.00233001
-0.001732
-0.00109376
-0.000457443
-0.000140606
-2.50555e-05
9.7712e-05
0.000113662
-0.000292243
-0.000682569
-0.00107318
-0.00122651
-0.00136199
-0.00149803
-0.001477
-0.00135707
-0.0012408
-0.00120301
-0.00147644
-0.00173844
-0.00200066
-0.00199605
-0.00197145
-0.0019476
-0.00167996
-0.00125884
-0.000843545
-0.000519984
-0.000559791
-0.000586499
-0.000613659
-9.572e-05
0.0004628
0.00101946
0.00136792
0.00158506
0.00180676
0.0019604
0.00184554
0.00174038
0.00163495
0.00204927
0.00250241
0.00295383
0.00351732
0.00415126
0.00478222
0.0053254
0.00552171
0.00573026
0.00593822
0.00551339
0.00504117
0.00457097
0.00410017
0.00362913
0.00315844
0.00283124
0.00307167
0.00329172
0.00351233
0.00373471
0.00395709
0.00417931
0.00399796
0.00356222
0.00313582
0.00275726
0.0025687
0.00237353
0.00217873
0.0022131
0.00226477
0.00231579
0.00242083
0.00255988
0.00269763
0.00272411
0.00230982
0.00191139
0.00151269
0.00109501
0.000676162
0.00025765
0.000171368
0.000294652
0.000410462
0.000462476
0.00026088
6.83563e-05
-0.000124351
0.000591854
0.00137652
0.00215824
0.00213498
0.00160385
0.00109094
0.000641355
0.000444183
0.000238293
3.28528e-05
-0.000413438
-0.000877741
-0.00134109
-0.000994604
-0.000137216
0.000701689
0.00134065
0.0011864
0.00105999
0.000932703
0.000571113
0.000191922
-0.00018639
-0.000115308
0.00023938
0.000583929
0.000761066
0.000274045
-0.000189495
-0.00065353
-0.000654766
-0.000620743
-0.00058797
-0.000661962
-0.000803354
-0.000942306
-0.00109623
-0.00130943
-0.00152043
-0.00173136
-0.00180019
-0.00185815
-0.00191643
-0.00175522
-0.00145549
-0.00116075
-0.000892326
-0.000728238
-0.000560654
-0.000393306
-0.000772086
-0.00119238
-0.00161094
-0.00156628
-0.00122908
-0.000902221
-0.000641356
-0.000642816
-0.000635229
-0.00062796
-0.00115449
-0.00172155
-0.00228683
-0.00252679
-0.00256118
-0.00260262
-0.00250963
-0.00188486
-0.0012788
-0.000672504
-0.000522743
-0.000408073
-0.000292279
-0.000640623
-0.00128205
-0.00191299
-0.00244501
-0.00258478
-0.00273789
-0.00289044
-0.00227474
-0.00160043
-0.000928588
-0.00105368
-0.00168231
-0.00229331
-0.00274668
-0.00257404
-0.00242288
-0.0022711
-0.00227012
-0.00228075
-0.00229097
-0.00213385
-0.001871
-0.00161193
-0.00143979
-0.00161219
-0.00177275
-0.00193361
-0.0021166
-0.00230118
-0.00248558
-0.00218471
-0.00157719
-0.000980493
-0.000525648
-0.000633375
-0.000721958
-0.00081113
-0.000769956
-0.000718754
-0.000667927
-0.000611475
-0.000551489
-0.000491663
-0.000366548
1.74799e-05
0.000392502
0.000767574
0.000942589
0.00110204
0.00126192
0.00151219
0.00181957
0.00212482
0.00239163
0.00250635
0.00262612
0.00274564
0.00307432
0.00341897
0.00376286
0.00360198
0.00312191
0.00265288
0.00229463
0.00237608
0.00244271
0.0025098
0.00221922
0.00190111
0.00158414
0.00170232
0.00209572
0.00247965
0.00277458
0.00271613
0.00266955
0.00262259
0.00217097
0.00168821
0.00120682
-0.00945655
-0.0265589
-0.0434349
0.00325765
0.00134294
0.00104975
0.000702726
0.00103727
0.00142438
0.00180947
0.0016782
0.00122019
0.000773347
0.000501745
0.000925521
0.00132591
0.00172682
0.00210027
0.00247138
0.00284231
0.00299961
0.00302168
0.00304822
0.00306673
0.00305406
0.00304243
0.00303078
0.00290452
0.0027694
0.00263466
0.00243302
0.00218909
0.00194671
0.00167611
0.00129332
0.000914485
0.000535771
0.00122051
0.00198783
0.00275192
0.00269404
0.00211573
0.00155495
0.00114545
0.00133704
0.00150872
0.00168095
0.00175622
0.00182388
0.00189173
0.00191541
0.00191111
0.00190772
0.00186672
0.00167663
0.00149155
0.00130643
0.00139487
0.00150467
0.0016137
0.00142724
0.00105368
0.000686483
0.000514813
0.00111859
0.00169663
0.00227514
0.0019786
0.00161367
0.00125121
0.00129508
0.00159636
0.00188905
0.00203591
0.00160391
0.00119104
0.000777822
0.000732426
0.000715915
0.000698475
0.000745092
0.000832258
0.000918049
0.000982512
0.000962384
0.000945016
0.000927569
0.000705723
0.000467946
0.00023084
0.000198392
0.000295639
0.000388622
0.000512883
0.000760811
0.00100458
0.00124832
0.00138518
0.00151355
0.00164211
0.00164222
0.00156094
0.00148234
0.00142805
0.00147041
0.00150963
0.00154892
0.00140267
0.00124189
0.00108168
0.000918219
0.000752738
0.000587429
0.000480468
0.000604615
0.000721251
0.000838054
0.000795276
0.000739936
0.000685034
0.000616986
0.000540629
0.000464587
0.00035215
9.52632e-05
-0.000156829
-0.000408913
-1.52712e-05
0.000429149
0.000871659
0.00089704
0.0006579
0.000427371
0.000259794
0.000342543
0.000417241
0.000492149
0.000277905
4.09151e-05
-0.000195198
-0.00034358
-0.000436278
-0.000530692
-0.00059159
-0.000519954
-0.000452585
-0.000385124
-6.09377e-06
0.000397395
0.000799848
0.000612313
5.0599e-05
-0.000498868
-0.000969798
-0.00112871
-0.00129743
-0.00146573
-0.00152405
-0.00157362
-0.00162343
-0.00145694
-0.00115329
-0.000854168
-0.000631144
-0.000709948
-0.000779151
-0.000848615
-0.00127511
-0.00172971
-0.00218313
-0.00239888
-0.00246377
-0.00253338
-0.00260725
-0.00269877
-0.00278966
-0.00288053
-0.00280109
-0.00270816
-0.00261572
-0.00261614
-0.0026755
-0.00273296
-0.00280111
-0.00291152
-0.00302053
-0.00312952
-0.00325558
-0.00338293
-0.00351016
-0.00357458
-0.00359913
-0.00362492
-0.00366013
-0.00373295
-0.00380454
-0.00387613
-0.00392204
-0.00396587
-0.00400975
-0.00404283
-0.00406906
-0.00409549
-0.00412301
-0.00415496
-0.00418676
-0.00421853
-0.00425455
-0.00429089
-0.00432719
-0.00437546
-0.0044313
-0.00448687
-0.00453238
-0.00453805
-0.00454496
-0.00455182
-0.00459859
-0.00464852
-0.00469831
-0.00471422
-0.0047086
-0.00470366
-0.00471016
-0.00476215
-0.0048127
-0.00486326
-0.00489602
-0.00492733
-0.00495867
-0.00494616
-0.00490581
-0.00486635
-0.00484768
-0.00491151
-0.00497274
-0.00503402
-0.00501847
-0.00499678
-0.00497529
-0.00498309
-0.00500948
-0.00503529
-0.00505378
-0.00504323
-0.00503358
-0.00502391
-0.00505546
-0.00509031
-0.00512503
-0.00514947
-0.00516738
-0.00518547
-0.00520437
-0.0052306
-0.00525658
-0.00528256
-0.00529959
-0.00528116
-0.00526384
-0.00524649
-0.00526152
-0.00528363
-0.00530551
-0.00531837
-0.00532248
-0.00532685
-0.00533122
-0.00533558
-0.00533994
-0.00534429
-0.00534865
-0.00534859
-0.00534425
-0.00534005
-0.00533566
-0.00532953
-0.00532345
-0.00531738
-0.00534242
-0.00537426
-0.00540587
-0.00541587
-0.00540494
-0.00539466
-0.00538452
-0.0053758
-0.00536704
-0.00535829
-0.00540417
-0.00546201
-0.00551945
-0.00554197
-0.00553066
-0.00552038
-0.0055035
-0.00542776
-0.00535385
-0.00527993
-0.00530983
-0.00536249
-0.00541443
-0.00544726
-0.00546156
-0.00547641
