0
0.021129
0.0189417
0.0186896
0.0182773
0.0181957
0.0182979
0.0183848
0.0186047
0.0191209
0.0196118
0.020104
0.0189473
0.0177454
0.0165493
0.0169843
0.01837
0.0196752
0.0203528
0.0196068
0.0189788
0.0183421
0.0172528
0.0162022
0.0151503
0.0145814
0.0142946
0.0139852
0.0136901
0.0134219
0.0131519
0.0128825
0.013338
0.0137339
0.014134
0.013624
0.0125828
0.0115863
0.0106065
0.00967049
0.00873248
0.00779615
0.00891988
0.0101046
0.0112826
0.011472
0.0110827
0.0107406
0.0103114
0.00969464
0.00909387
0.00849278
0.0093521
0.0102555
0.011154
0.0112503
0.0108766
0.0105408
0.0102514
0.0100723
0.00988481
0.00969825
0.0102025
0.0107279
0.0112508
0.0117444
0.0122203
0.0126969
0.0134444
0.0148029
0.0161111
0.0174213
0.0151958
0.0132516
0.0112883
0.0104379
0.0102399
0.00999112
0.0101835
0.0113593
0.0124565
0.0135581
0.0127389
0.0120707
0.0113918
0.0114615
0.0119703
0.0124442
0.0124866
0.0115517
0.0106941
0.00983189
0.00985605
0.00990983
0.00996125
0.0110447
0.0127343
0.0143745
0.0150079
0.0133672
0.0119039
0.0104293
0.0105507
0.0107263
0.0108975
0.0110715
0.011247
0.011422
0.0118278
0.0127539
0.0136389
0.0145257
0.0134438
0.0122951
0.0111532
0.0108117
0.0109422
0.0110368
0.0110566
0.010902
0.0107608
0.0106188
0.0105926
0.0105577
0.0105235
0.010674
0.0109334
0.0111842
0.0113778
0.0114413
0.0115145
0.0115869
0.0113696
0.0111744
0.0109778
0.0109795
0.0110982
0.0112079
0.0112273
0.0110418
0.0108718
0.0107009
0.010363
0.0100194
0.00967676
0.0104228
0.0118117
0.0131509
0.0134506
0.0113995
0.00952555
0.00764127
0.00688769
0.00617681
0.00546381
0.00519349
0.00518502
0.00515726
0.00609539
0.00920977
0.0121596
0.0151171
0.0128501
0.0103902
0.0079481
0.00691084
0.00670664
0.00644179
0.00597709
0.00505043
0.00415884
0.003266
0.00341873
0.00349508
0.00357689
0.00347733
0.00327062
0.003072
0.0025155
0.00115205
-0.000150948
-0.00145644
-0.00223348
-0.00304762
-0.00385789
-0.00436279
-0.00468615
-0.00502213
-0.00529313
-0.00542015
-0.00555735
-0.00569362
-0.00605916
-0.00643319
-0.00680607
-0.00699864
-0.00708403
-0.00717696
-0.00719446
-0.00704301
-0.00690384
-0.00676399
-0.00716512
-0.00758715
-0.0080071
-0.00818331
-0.00821452
-0.008256
-0.00825552
-0.00816203
-0.00807526
-0.00798814
-0.00825031
-0.00852616
-0.00880065
-0.00889239
-0.00887535
-0.00886602
-0.00894654
-0.0092314
-0.00950147
-0.0097722
-0.00976283
-0.00977316
-0.0097821
-0.0099037
-0.0100922
-0.0102758
-0.0104595
-0.0106429
-0.010826
-0.011009
-0.0106804
-0.010388
-0.0100935
-0.00990674
-0.00978413
-0.00965721
-0.0097117
-0.0101753
-0.0106099
-0.0110459
-0.0113126
-0.0115719
-0.0118313
-0.011811
-0.011624
-0.0114488
-0.0113075
-0.0112445
-0.0111762
-0.0111084
-0.0113393
-0.0115826
-0.0118246
-0.0119003
-0.0118765
-0.0118596
-0.011783
-0.0115725
-0.0113715
-0.0111701
-0.0111145
-0.0110652
-0.0110154
-0.0111098
-0.0112901
-0.0114642
-0.011537
-0.0113798
-0.0112385
-0.0110963
-0.0111044
-0.0111023
-0.0111009
-0.0115075
-0.0121579
-0.0127909
-0.0129537
-0.0120508
-0.0112212
-0.0103878
-0.0100341
-0.00964862
-0.00926577
-0.00872901
-0.00810059
-0.00747917
-0.00679395
-0.00596431
-0.00514548
-0.00432702
-0.00492999
-0.00559466
-0.00625431
-0.00712381
-0.00811829
-0.0091031
-0.00967385
-0.00930753
-0.00900418
-0.00869704
-0.0090845
-0.00950228
-0.00991749
-0.00874368
-0.00661854
-0.00455935
-0.00279816
-0.00171822
-0.000594602
0.000524639
0.000971747
0.00138819
0.0018061
0.00236619
0.0030113
0.00364995
0.00424567
0.00474429
0.00524863
0.00575194
0.00570156
0.00568761
0.00567128
0.005823
0.00607533
0.00632075
0.00663888
0.0071211
0.00759196
0.00806294
0.00954168
0.0109528
0.0123664
0.0125085
0.0118874
0.0113168
0.011096
0.0116746
0.0122005
0.0127291
0.0133167
0.0139063
0.014495
0.0147982
0.0149297
0.0150722
0.0149148
0.0140799
0.0132897
0.0124977
0.0126419
0.0128293
0.0130137
0.0129245
0.0126707
0.0124278
0.012334
0.0125792
0.0128024
0.0130268
0.0119899
0.010895
0.00980517
0.00912655
0.00869577
0.00824973
0.00818904
0.00899886
0.0097522
0.0105082
0.00934017
0.00829596
0.00724521
0.00644037
0.00578362
0.0051183
0.0043743
0.00344949
0.00253729
0.00162545
0.00112246
0.00059427
6.83423e-05
-0.000553254
-0.00123212
-0.00190652
-0.00238788
-0.00243198
-0.00250352
-0.00257324
-0.00280438
-0.00304301
-0.00328087
-0.00362108
-0.0040228
-0.00442017
-0.0047103
-0.00475727
-0.00481938
-0.00488046
-0.0052379
-0.00560932
-0.0059794
-0.00618031
-0.00627906
-0.00638403
-0.00653315
-0.00678349
-0.00702723
-0.00727108
-0.00717481
-0.00709975
-0.00702347
-0.00719364
-0.00751244
-0.00782166
-0.00797769
-0.00778531
-0.00761468
-0.00744292
-0.00758129
-0.00770038
-0.00782051
-0.00792606
-0.00802278
-0.00811993
-0.0081943
-0.00821721
-0.00824324
-0.00826905
-0.00820883
-0.00814439
-0.0080803
-0.00794954
-0.00777856
-0.00761025
-0.00759183
-0.00791372
-0.00821447
-0.00851614
-0.00870036
-0.00889151
-0.009082
-0.00911139
-0.00904332
-0.00898124
-0.00900829
-0.00923841
-0.00945594
-0.00967397
-0.00958615
-0.009483
-0.0093809
-0.00924042
-0.0090768
-0.00891478
-0.00878137
-0.00871288
-0.00864056
-0.00856856
-0.00840493
-0.008247
-0.00808893
-0.0078178
-0.00747833
-0.00714337
-0.00710503
-0.00774036
-0.00833459
-0.00893057
-0.00885968
-0.00882873
-0.00879544
-0.00893763
-0.00918598
-0.00942771
-0.00950369
-0.00920272
-0.00892454
-0.00864533
-0.00855642
-0.0084774
-0.00839788
-0.00840265
-0.00845849
-0.00851124
-0.00845209
-0.00813841
-0.00784016
-0.00754135
-0.00781356
-0.00805171
-0.0082916
-0.00833521
-0.00825983
-0.00819155
-0.00812873
-0.00807917
-0.00802889
-0.00797871
-0.00820448
-0.00844441
-0.00868324
-0.00864032
-0.0084264
-0.00822274
-0.00792345
-0.00740793
-0.00690566
-0.0064032
-0.00514376
-0.00392998
-0.00271496
-0.00214494
-0.00196677
-0.00176598
-0.00144662
-0.000854418
-0.000278767
0.000297176
0.000278929
0.00029519
0.000309429
0.00105554
0.00224594
0.00340924
0.00426215
0.00440768
0.00459393
0.00477762
0.00492882
0.00507812
0.00522736
0.00563527
0.00620027
0.00675558
0.00716749
0.00725295
0.00735707
0.00746
0.0077706
0.00806893
0.00836763
0.00869783
0.00904708
0.00939485
0.00978848
0.0102867
0.0107784
0.0112699
0.0113907
0.0114914
0.0115932
0.0117289
0.0118853
0.0120404
0.0122047
0.01239
0.0125739
0.0127576
0.0129519
0.0131454
0.0133388
0.013339
0.0132216
0.013111
0.0129205
0.0125488
0.0121878
0.0118265
0.0115581
0.0112847
0.0110119
0.011101
0.0114105
0.0117072
0.0117202
0.0110862
0.0104894
0.00989113
0.00914952
0.00840079
0.0076533
0.00813703
0.00937113
0.0105619
0.0111273
0.0102662
0.00948585
0.00870183
0.00827624
0.00783114
0.00738762
0.00672032
0.00591686
0.00512187
0.00433565
0.0035693
0.0028027
0.00203697
0.00155426
0.00108772
0.000620811
0.000142347
-0.000343001
-0.00082743
-0.00124802
-0.00152393
-0.00180752
-0.00209038
-0.00208823
-0.0021018
-0.00211448
-0.00223065
-0.00240991
-0.00258551
-0.00269961
-0.00267353
-0.00265517
-0.00263642
-0.00289105
-0.00313041
-0.00337035
-0.00352396
-0.0036248
-0.00372843
-0.0039732
-0.00453977
-0.00508813
-0.00563689
-0.00536127
-0.00503943
-0.00472047
-0.00450475
-0.00435229
-0.00419656
-0.00421578
-0.00463263
-0.00502742
-0.00542297
-0.00555983
-0.00571057
-0.00586039
-0.00596375
-0.00603864
-0.00611499
-0.00619378
-0.00627843
-0.00636267
-0.00644685
-0.00633464
-0.00621135
-0.0060888
-0.006131
-0.006274
-0.00641142
-0.00626178
-0.00545794
-0.00469015
-0.00392124
-0.0045117
-0.00502856
-0.00554882
-0.00585606
-0.00603296
-0.00621664
-0.00639247
-0.00655151
-0.00671127
-0.00687082
-0.00676907
-0.00668139
-0.00659304
-0.00649641
-0.00639472
-0.00629341
-0.00626967
-0.00642256
-0.0065659
-0.00670958
-0.00664285
-0.00656401
-0.0064859
-0.00652261
-0.00662968
-0.0067329
-0.00680733
-0.00681583
-0.0068278
-0.00683959
-0.00674518
-0.00665649
-0.00656759
-0.00665946
-0.00686207
-0.00705863
-0.00686527
-0.00578303
-0.00474871
-0.00371296
-0.00356355
-0.00346602
-0.00336587
-0.00255683
-0.00131331
-9.3888e-05
0.000685748
0.000462
0.00029102
0.000117458
0.000709479
0.00126086
0.00181379
0.00258172
0.00348134
0.00437314
0.00521794
0.00595592
0.0066987
0.00744045
0.00710598
0.00670839
0.00631449
0.00645163
0.00691474
0.00736046
0.00788665
0.00859477
0.00929273
0.00999049
0.0101261
0.0102283
0.0103321
0.0108131
0.0115255
0.0122253
0.0127797
0.0127602
0.0127702
0.0127787
0.0124292
0.0120587
0.0116896
0.0117472
0.0120667
0.0123725
0.0125345
0.0123673
0.0122172
0.0120664
0.0123783
0.0127175
0.013055
0.0131177
0.0130116
0.0129142
0.0128573
0.0129619
0.0130582
0.0131548
0.0128662
0.0125548
0.0122449
0.0117983
0.0112678
0.0107422
0.010513
0.01096
0.0113722
0.0117857
0.0109522
0.0100443
0.00914113
0.00837855
0.00770286
0.00702347
0.00639358
0.00587526
0.00535183
0.00482919
0.00403207
0.00321906
0.00240767
0.00201919
0.00189112
0.00175007
0.00154644
0.00109274
0.000652072
0.000211189
-7.17921e-05
-0.000344927
-0.000618281
-0.000863098
-0.00109027
-0.00131811
-0.00154577
-0.00177343
-0.00200087
-0.00222809
-0.016045
-0.0306788
-0.0452573
-0.0598239
-0.000112291
-0.00317288
-0.00320252
-0.00377565
-0.00432116
-0.00486751
-0.00456337
-0.0042074
-0.00385435
-0.00370002
-0.00366826
-0.00363046
-0.0036541
-0.00381719
-0.00397321
-0.00412943
-0.00459619
-0.00508164
-0.00556568
-0.00595774
-0.00629292
-0.00663057
-0.0067523
-0.00638203
-0.00603637
-0.00568983
-0.00568683
-0.00570505
-0.0057222
-0.00585957
-0.00607096
-0.00627852
-0.00639491
-0.00615125
-0.00592548
-0.00569905
-0.00573065
-0.00577821
-0.00582495
-0.00596236
-0.00615564
-0.006346
-0.00649576
-0.00655274
-0.0066142
-0.00667537
-0.00659347
-0.00650274
-0.00641252
-0.00635232
-0.00631067
-0.00626816
-0.00625788
-0.00637455
-0.00648494
-0.00659553
-0.00668617
-0.00677548
-0.00686477
-0.00682278
-0.00669977
-0.0065808
-0.00652384
-0.00660873
-0.00668669
-0.00676491
-0.00666766
-0.0065595
-0.00645197
-0.00642338
-0.00644356
-0.00646137
-0.00641964
-0.00624172
-0.00607052
-0.00589916
-0.00619342
-0.00651674
-0.00683835
-0.00673732
-0.00637516
-0.00602586
-0.00575971
-0.00582337
-0.00587118
-0.00591971
-0.00526156
-0.00455934
-0.0038599
-0.00325385
-0.0027058
-0.00215551
-0.00147508
-0.000496505
0.000466937
0.00143018
0.00246285
0.00349904
0.00453409
0.00509886
0.00537268
0.00566004
0.00615131
0.0074513
0.00871174
0.00997285
0.0102604
0.0104857
0.0107138
0.0114238
0.0124317
0.0134246
0.0143005
0.0149089
0.0155294
0.0161488
0.0163459
0.0165159
0.016687
0.0168365
0.0169726
0.0171093
0.0171118
0.016808
0.0165188
0.0162293
0.0161021
0.0159855
0.0158684
0.0157758
0.0156984
0.0156204
0.0154697
0.0150318
0.0146077
0.0141833
0.014396
0.0146494
0.0149007
0.0148857
0.0147058
0.0145337
0.0142607
0.0137576
0.0132657
0.0127738
0.0123432
0.0119169
0.0114908
0.0114291
0.0115931
0.0117465
0.0117218
0.0109918
0.0102952
0.00959774
0.00869404
0.00777774
0.00686287
0.0062553
0.00583837
0.00541303
0.00505707
0.00485826
0.00465239
0.00444703
0.00359315
0.00269785
0.00180528
0.00133891
0.00113691
0.000922952
0.000723858
0.000557191
0.000389189
0.000221403
0.000173971
0.00013442
9.45445e-05
-9.31524e-05
-0.000372452
-0.000647308
-0.000888404
-0.000996036
-0.00110966
-0.00122292
-0.00151525
-0.00181904
-0.00212203
-0.00228397
-0.00235836
-0.00243665
-0.00255933
-0.00278398
-0.00300379
-0.00322361
-0.00337028
-0.00351202
-0.00365386
-0.00375451
-0.00382958
-0.00390573
-0.00400093
-0.00417177
-0.00433903
-0.00450631
-0.00453904
-0.00456289
-0.00458713
-0.00453909
-0.00444622
-0.00435546
-0.00437292
-0.0046379
-0.00489149
-0.00514537
-0.00518783
-0.0052163
-0.00524538
-0.00523191
-0.00519204
-0.0051534
-0.00505963
-0.00483989
-0.004626
-0.00441203
-0.00486794
-0.00536781
-0.00586526
-0.00597496
-0.00584373
-0.0057234
-0.00566097
-0.00582905
-0.0059867
-0.00614466
-0.00621976
-0.00628929
-0.00635901
-0.00642057
-0.00647703
-0.00653367
-0.0065269
-0.00637522
-0.00623011
-0.00608483
-0.00632559
-0.00659186
-0.00685676
-0.00699838
-0.00706331
-0.00713159
-0.00716923
-0.00708659
-0.00700934
-0.00693192
-0.00701132
-0.00710113
-0.00719039
-0.00723465
-0.0072509
-0.00726838
-0.00730271
-0.00737575
-0.00744702
-0.00751831
-0.0074164
-0.00730297
-0.00719014
-0.0071629
-0.00718891
-0.00721256
-0.00726277
-0.00737353
-0.00748154
-0.00758957
-0.00770426
-0.0078193
-0.00793423
-0.00791637
-0.0078159
-0.00771914
-0.0076776
-0.00785478
-0.00802225
-0.00819001
-0.00804465
-0.00787833
-0.00771306
-0.00772614
-0.00785023
-0.00796938
-0.00802569
-0.00793787
-0.00785639
-0.00777472
-0.00780818
-0.00784939
-0.00789022
-0.00796392
-0.00805803
-0.00815117
-0.00817477
-0.00792348
-0.00768431
-0.00744482
-0.00741788
-0.00740536
-0.00739222
-0.00741682
-0.00746489
-0.00751191
-0.00753868
-0.00751905
-0.00750145
-0.00748377
-0.00619367
-0.00481813
-0.00344746
-0.00306544
-0.00329941
-0.00350672
-0.00367743
-0.00376197
-0.00385014
-0.00393808
-0.00357005
-0.00317125
-0.00277411
-0.00220238
-0.00152209
-0.000847035
-0.00023106
0.000152099
0.00054488
0.000936915
0.00298341
0.00514133
0.00729265
0.00818094
0.00828167
0.00841588
0.00846762
0.0083341
0.00820858
0.00808282
0.00900657
0.0100015
0.0109925
0.012068
0.0131957
0.0143202
0.0150684
0.0143302
0.0136556
0.0129789
0.0126746
0.0123962
0.0121169
0.0128388
0.0141848
0.0155033
0.0162124
0.015525
0.0148972
0.0142674
0.0141344
0.0140357
0.0139357
0.0136658
0.0132901
0.0129191
0.012506
0.0119964
0.0114913
0.0109864
0.0107986
0.0106328
0.0104662
0.0101867
0.00983663
0.00948984
0.00913927
0.00877339
0.00840846
0.0080438
0.00771249
0.00738374
0.00705515
0.00667749
0.00626931
0.00586274
0.00535787
0.00462759
0.00390732
0.00318723
0.00295259
0.00275179
0.00254975
0.00232667
0.00209049
0.00185505
0.00162307
0.00140435
0.00118525
0.000966357
0.000714843
0.000461247
0.000207947
-3.76263e-05
-0.000278299
-0.000518976
-0.000715642
-0.00081178
-0.000911993
-0.00101195
-0.00117437
-0.00134102
-0.00150736
-0.00165708
-0.00179637
-0.00193598
-0.00209706
-0.00230752
-0.00251577
-0.00272395
-0.00271137
-0.00268337
-0.00265603
-0.00282411
-0.00311428
-0.00339919
-0.00365631
-0.0038033
-0.00395469
-0.00410577
-0.00396413
-0.00380209
-0.00364102
-0.00362877
-0.00370955
-0.00378647
-0.00385338
-0.00389712
-0.00394176
-0.00398633
-0.00416676
-0.0043566
-0.00454589
-0.00465248
-0.00470732
-0.00476423
-0.00485959
-0.00510759
-0.00534919
-0.00559085
-0.00549224
-0.00536975
-0.00524833
-0.0052435
-0.00531162
-0.00537672
-0.00542983
-0.00545526
-0.00548179
-0.00550826
-0.00545498
-0.00539611
-0.00533751
-0.00535315
-0.00541522
-0.00547537
-0.00552572
-0.00555349
-0.00558215
-0.00561075
-0.00566438
-0.00571974
-0.00577499
-0.00580499
-0.0058192
-0.00583403
-0.00587596
-0.00602532
-0.00617024
-0.00631523
-0.00639114
-0.00646211
-0.00653322
-0.00657148
-0.00658917
-0.00660766
-0.00658177
-0.00645424
-0.00633088
-0.00620744
-0.00623874
-0.006281
-0.00632279
-0.00627993
-0.00618407
-0.00609039
-0.00604036
-0.00616314
-0.00627893
-0.00639492
-0.0064348
-0.00646924
-0.00650387
-0.00657244
-0.00666225
-0.00675115
-0.00680658
-0.00678533
-0.00676714
-0.00674885
-0.00675608
-0.00676512
-0.00677409
-0.00665416
-0.00645353
-0.00625626
-0.00614701
-0.00623961
-0.00632416
-0.00640896
-0.00648539
-0.00656116
-0.0066369
-0.00676335
-0.00692155
-0.00707836
-0.00689488
-0.00536455
-0.00388844
-0.00241137
-0.00226265
-0.00220922
-0.00215209
-0.0022293
-0.00239059
-0.00254845
-0.00248183
-0.00152647
-0.000606715
0.000313718
0.00100898
0.00168759
0.00236632
0.0027924
0.00306001
0.00333361
0.00346775
0.00305143
0.00265694
0.0022619
0.00380992
0.00549669
0.00717674
0.00818645
0.00877547
0.00938042
0.00970042
0.00889624
0.00813642
0.00737547
0.00787488
0.00846483
0.00905081
0.00955646
0.0100115
0.0104682
0.0108846
0.0111427
0.0114067
0.0116703
0.01162
0.0115471
0.0114751
0.011648
0.0119746
0.012295
0.0124496
0.0119472
0.0114706
0.0109934
0.0113604
0.0117882
0.0122135
0.0117907
0.010836
0.00990259
0.0091757
0.00926776
0.00932825
0.00938991
0.00968941
0.010006
0.0103216
0.0100297
0.00935647
0.0086984
0.00802755
0.00730684
0.00658859
0.00587079
0.00579254
0.00576085
0.0057274
0.00584105
0.00604697
0.0062492
0.00614898
0.0048511
0.00359992
0.00234791
0.0021152
0.0019569
0.00179589
0.00157081
0.0013055
0.00104192
0.000804036
0.000667546
0.000527304
0.000387311
0.000135506
-0.000124292
-0.000383588
-0.000465171
-0.000435121
-0.000409327
-0.000449395
-0.000750851
-0.00104218
-0.00133367
-0.00149693
-0.0016507
-0.00180472
-0.00194243
-0.00206988
-0.00219762
-0.00234574
-0.00257492
-0.00280086
-0.00302675
-0.00304166
-0.0030411
-0.00304111
-0.00308894
-0.00316682
-0.0032435
-0.00333571
-0.0034894
-0.00364066
-0.0037919
-0.0039502
-0.00410891
-0.00426748
-0.00436673
-0.00442867
-0.00449195
-0.00453374
-0.00449074
-0.00445095
-0.00441106
-0.00464373
-0.0048963
-0.00514794
-0.0052259
-0.00519466
-0.00516752
-0.0051299
-0.00505134
-0.00497437
-0.00489739
-0.00495979
-0.00503242
-0.00510461
-0.00516095
-0.0052073
-0.00525399
-0.00529507
-0.00531412
-0.00533396
-0.00535376
-0.00535633
-0.00535762
-0.00535896
-0.00541066
-0.00549401
-0.00557612
-0.00561877
-0.00550507
-0.00539726
-0.0052893
-0.00536211
-0.00544824
-0.00553381
-0.00562035
-0.00570747
-0.00579449
-0.00587195
-0.00591166
-0.00595274
-0.00599374
-0.00597438
-0.00595055
-0.00592691
-0.00591277
-0.00590461
-0.00589624
-0.00589186
-0.00590323
-0.00591401
-0.00592481
-0.00579833
-0.00566174
-0.00552562
-0.00548593
-0.00550696
-0.00552574
-0.00554938
-0.00559201
-0.00563391
-0.0056758
-0.005527
-0.00536411
-0.00520184
-0.00502326
-0.00483445
-0.00464615
-0.0043479
-0.00361373
-0.00289601
-0.00217821
-0.00174043
-0.0013238
-0.000906704
-0.000694911
-0.0006124
-0.000525243
-0.000349556
0.000177708
0.000691803
0.001206
0.00167226
0.00213463
0.00259681
0.00408532
0.0062197
0.00832911
0.00976313
0.00852251
0.0073797
0.00623418
0.00684424
0.00758521
0.00832091
0.00925848
0.0103229
0.0113819
0.0119607
0.0106386
0.00938617
0.0081321
0.00883392
0.00968184
0.0105239
0.0109628
0.0111475
0.0113413
0.0113471
0.01061
0.0099002
0.00918992
0.0103134
0.0115738
0.0128283
0.0126652
0.0116087
0.010585
0.00973618
0.00958276
0.00940452
0.00922731
0.00842502
0.00757625
0.00672975
0.00652741
0.00673113
0.00692018
0.00705862
0.00699486
0.00693836
0.00688164
0.00653006
0.00615648
0.00578396
0.00551154
0.00530231
0.00509098
0.00501044
0.00544735
0.00586554
0.00628409
0.00501476
0.0036189
0.00222852
0.00210808
0.00278841
0.00343984
0.00378364
0.00290584
0.00207198
0.00123715
0.00097701
0.000760458
0.000542515
0.000346243
0.000163648
-1.93017e-05
-0.000217829
-0.000478524
-0.000736838
-0.000995053
-0.00109612
-0.00118522
-0.00127469
-0.0014197
-0.00159972
-0.00177839
-0.00193375
-0.00199698
-0.00206341
-0.00212967
-0.00215943
-0.0021864
-0.00221346
-0.00228836
-0.00239344
-0.00249738
-0.00257662
-0.00255804
-0.00254291
-0.00252767
-0.00280315
-0.00310053
-0.00339694
-0.00349427
-0.00346596
-0.00344206
-0.00343357
-0.00348672
-0.00353768
-0.00358868
-0.00360057
-0.00360948
-0.00361849
-0.00370061
-0.00382883
-0.00395536
-0.00406153
-0.00408705
-0.00411535
-0.00414354
-0.00420495
-0.00426886
-0.00433263
-0.00438351
-0.00442623
-0.00446921
-0.00450612
-0.00451906
-0.00453282
-0.00454655
-0.00458298
-0.00462112
-0.00465917
-0.00469281
-0.00472365
-0.00475456
-0.00478944
-0.00484006
-0.00489011
-0.00494015
-0.00492319
-0.00490113
-0.00487926
-0.00487239
-0.00487501
-0.0048773
-0.00491266
-0.00507908
-0.00524087
-0.00540271
-0.00534828
-0.00527733
-0.005207
-0.00517743
-0.00517363
-0.00516895
-0.00517658
-0.00523287
-0.00528745
-0.00534205
-0.00524209
-0.00513033
-0.00501905
-0.00499157
-0.00501702
-0.00504064
-0.00509313
-0.00525984
-0.00542253
-0.00558524
-0.00560784
-0.00561966
-0.00563184
-0.0056353
-0.00563326
-0.0056314
-0.00553805
-0.00508206
-0.00463876
-0.00419533
-0.00294388
-0.00163105
-0.000321207
-0.000156797
-0.000716318
-0.00125081
-0.00151458
-0.000702922
7.16063e-05
0.00084687
0.00124521
0.00161429
0.00198411
0.00333981
0.00531834
0.00727438
0.00866918
0.00784004
0.00708686
0.00633161
0.00636131
0.00645153
0.00653964
0.0069504
0.00756497
0.00817224
0.00864138
0.0085632
0.00850357
0.00844336
0.00886015
0.00931354
0.0097654
0.0101891
0.0105948
0.0110008
0.0115543
0.0126933
0.0138118
0.0149302
0.0131875
0.0112245
0.00927031
0.00909009
0.010032
0.0109355
0.0115689
0.0111277
0.0107229
0.0103171
0.00914976
0.00792413
0.00670128
0.00642839
0.00675648
0.00706423
0.00719368
0.00661414
0.00605869
0.00550281
0.00512871
0.00476893
0.00440892
-0.00646011
-0.023975
-0.0412564
0.00676637
0.0042898
0.00349819
0.00265097
0.00351502
0.00451133
0.00550256
0.00517033
0.00400065
0.00285959
0.0018873
0.00158564
0.0012619
0.000939115
0.000749613
0.000570597
0.000391352
0.000204961
1.40846e-05
-0.000176517
-0.000341686
-0.000406364
-0.000474327
-0.000542136
-0.000706469
-0.000878227
-0.00104963
-0.0010667
-0.000986082
-0.000908744
-0.000881305
-0.00105199
-0.00121603
-0.00138018
-0.00143537
-0.00148204
-0.00152895
-0.00168718
-0.00191586
-0.00214206
-0.00232373
-0.00232896
-0.00233998
-0.00235081
-0.00249522
-0.00264998
-0.0028043
-0.00282879
-0.00277105
-0.00271605
-0.00269943
-0.00283525
-0.00296598
-0.0030968
-0.00325433
-0.00341386
-0.00357322
-0.00362848
-0.00361778
-0.00360925
-0.0036123
-0.00366154
-0.00370924
-0.00375696
-0.00377436
-0.00378938
-0.00380447
-0.00384228
-0.00389447
-0.00394616
-0.00397485
-0.00391239
-0.00385294
-0.00379343
-0.0039568
-0.00413755
-0.00431762
-0.00434222
-0.00426829
-0.00419762
-0.00416249
-0.00426857
-0.00436999
-0.00447151
-0.00444287
-0.00440402
-0.00436553
-0.00441468
-0.00451936
-0.00462216
-0.00469677
-0.00465948
-0.00462583
-0.00459209
-0.00455397
-0.00451552
-0.0044771
-0.00455057
-0.00469493
-0.0048369
-0.00491442
-0.00473628
-0.0045665
-0.00439656
-0.00333786
-0.00220976
-0.00108462
-0.000902445
-0.00131804
-0.00171413
-0.00200895
-0.00190038
-0.00180484
-0.00170895
-0.00131868
-0.000905399
-0.000493126
-0.000227384
-5.46112e-05
0.000121033
0.00034733
0.000775223
0.00119638
0.00161748
0.00294421
0.0043417
0.00573604
0.00620629
0.00609047
0.00599347
0.00585154
0.00553364
0.00522158
0.00490952
0.00517847
0.00549322
0.00580631
0.00635613
0.00705592
0.00775048
0.00832784
0.00844098
0.00856883
0.00869613
0.00768542
0.00658516
0.00548844
0.00501375
0.00493376
0.00484127
0.00474097
0.00460793
0.00447601
0.00434414
0.00441395
0.00449972
0.00458493
0.00412708
0.00332484
0.00253402
0.00196984
0.00230459
0.00261069
0.00291749
0.00217699
0.00135375
0.000533657
9.02028e-05
-0.000114131
-0.000325886
-0.000536874
-0.000746156
-0.000955359
-0.00116443
-0.00121346
-0.00124973
-0.00128638
-0.0014296
-0.00164041
-0.00184896
-0.00205266
-0.00223721
-0.00242224
-0.00260714
-0.0026685
-0.00272
-0.00277178
-0.00282865
-0.00288875
-0.00294872
-0.00302671
-0.0031763
-0.00332355
-0.00347079
-0.00351626
-0.00355359
-0.00359116
-0.00367218
-0.00378077
-0.00388843
-0.00398005
-0.00400815
-0.00403822
-0.0040682
-0.0041382
-0.00421136
-0.00428437
-0.00431359
-0.004315
-0.00431728
-0.00434128
-0.00445155
-0.00455907
-0.00466661
-0.0046552
-0.0046343
-0.00461371
-0.00458798
-0.004559
-0.00453015
-0.00452618
-0.00462092
-0.00471253
-0.00480418
-0.00491525
-0.0050278
-0.00514024
-0.00516026
-0.00512157
-0.00508472
-0.00506471
-0.00511162
-0.00515643
-0.00520128
-0.00520644
-0.00520842
-0.0052105
-0.00518795
-0.00514978
-0.00511212
-0.00508715
-0.00511255
-0.00513637
-0.00516023
-0.00513192
-0.00509944
-0.00506711
-0.00509716
-0.00516684
-0.00523526
-0.00529117
-0.00523495
-0.00518221
-0.00512939
-0.00510689
-0.00520457
-0.00529849
-0.00539246
-0.00538379
-0.00535263
-0.00532218
-0.00530181
-0.00529122
-0.00528034
-0.00526947
-0.00525862
-0.00524776
-0.00523692
-0.00522608
-0.00523893
-0.00527474
-0.00530982
-0.00533713
-0.00529483
-0.00525468
-0.00521449
-0.00521875
-0.00523276
-0.00524646
-0.00522493
-0.00516926
-0.00511466
-0.00506877
-0.00510095
-0.00513073
-0.00516057
-0.00519482
-0.00523001
-0.00526516
-0.00530689
-0.00535499
-0.00540287
-0.00543385
-0.0053134
-0.00519762
-0.00508176
-0.00503664
-0.00500705
-0.00497701
-0.00498311
-0.00502422
-0.00506425
