0
0.0151828
0.0138719
0.0139366
0.013887
0.0136794
0.0133737
0.0130766
0.0129464
0.0131922
0.0134065
0.013623
0.0132179
0.0127957
0.0123756
0.0122658
0.012337
0.0123933
0.0124096
0.0123334
0.012265
0.012196
0.0118812
0.011587
0.0112916
0.0110861
0.0109332
0.0107762
0.0107516
0.0110234
0.0112708
0.0115197
0.0110914
0.0107188
0.0103423
0.0100714
0.00986202
0.00964805
0.0096463
0.0101205
0.0105556
0.0109932
0.010872
0.010734
0.0105977
0.0102511
0.00978182
0.00932316
0.00910979
0.00944926
0.00974395
0.0100418
0.00982718
0.00959704
0.0093685
0.00939084
0.00956012
0.00971744
0.00982199
0.00980588
0.00979938
0.00979212
0.00985625
0.00992255
0.00998857
0.0100603
0.0101352
0.0102098
0.0102491
0.0102093
0.0101758
0.0101418
0.0100186
0.00990255
0.00978615
0.00986175
0.01005
0.0102291
0.0102187
0.00978027
0.00937601
0.00896971
0.00884987
0.00870789
0.00856786
0.00838565
0.00817887
0.00797432
0.00780948
0.00773406
0.00765184
0.00757026
0.00741898
0.00726558
0.00711257
0.00716336
0.00733395
0.00749505
0.00750685
0.00718091
0.00688145
0.00658042
0.00669651
0.00682665
0.00695551
0.0072654
0.0076816
0.00808904
0.00835903
0.00831853
0.0083018
0.00828329
0.00805877
0.0078274
0.00759691
0.00756994
0.00766295
0.00774671
0.00770413
0.00737528
0.00706862
0.00676074
0.00687903
0.00696493
0.00705315
0.00719776
0.00737568
0.00755082
0.00749726
0.00692789
0.00639817
0.00586626
0.00608064
0.00623872
0.00640078
0.00655873
0.00671438
0.00686997
0.00695523
0.00688217
0.00682103
0.00675909
0.0065554
0.00634682
0.00613891
0.00600156
0.00590599
0.00580747
0.00566831
0.00543677
0.00521243
0.00498788
0.00488833
0.00479352
0.00469851
0.00501426
0.00557277
0.00611258
0.00636582
0.00597025
0.00562298
0.00527266
0.00521332
0.00516493
0.00511582
0.0051947
0.00534928
0.0054981
0.00568301
0.00594868
0.00620807
0.00646754
0.00636031
0.00627994
0.00619774
0.0059913
0.00571125
0.00543695
0.00517517
0.00494209
0.00470726
0.0044729
0.00476967
0.00502761
0.00528799
0.00542429
0.00548707
0.00555505
0.00557803
0.00550036
0.00543005
0.00535931
0.00541605
0.0054777
0.00553891
0.00563526
0.00575239
0.00586787
0.00589065
0.00570401
0.0055326
0.00536034
0.00511733
0.00487182
0.00462684
0.00446628
0.00435598
0.00424227
0.00432678
0.00485835
0.00535747
0.00585817
0.00565812
0.00543022
0.00520462
0.00495347
0.00468736
0.00442269
0.00421919
0.00415368
0.00407854
0.00400419
0.00457539
0.00510043
0.00562797
0.00560096
0.00524405
0.00491075
0.00450178
0.00392501
0.00336078
0.00279645
0.0026696
0.00251239
0.00235752
0.00244045
0.00266511
0.00287958
0.00304518
0.003099
0.00316051
0.00322141
0.00330112
0.0033815
0.00346173
0.0031279
0.00254737
0.0019847
0.0015853
0.00155696
0.00150308
0.00145103
0.00165663
0.00187284
0.00208802
0.00263162
0.00337086
0.00409567
0.00455943
0.00443179
0.00434483
0.0042552
0.00373804
0.0032033
0.00267049
0.00238277
0.00224161
0.00209065
0.00197957
0.00195691
0.00192826
0.00190005
0.00168289
0.00147885
0.00127419
0.00159841
0.0022385
0.00285633
0.00331861
0.00342648
0.00355815
0.00368804
0.00314888
0.00265557
0.00215983
0.00170187
0.0012666
0.000830384
0.000495573
0.000389334
0.000267896
0.000147641
7.14992e-05
-2.60607e-06
-7.67484e-05
0.000369734
0.0011276
0.00186366
0.00240947
0.00252253
0.00266429
0.00280395
0.00221411
0.00159259
0.000974009
0.00063633
0.000467175
0.000287062
0.000195025
0.000300399
0.000392559
0.000485472
0.00093265
0.00139518
0.00185608
0.0024605
0.00315059
0.00383413
0.00417525
0.00374108
0.00335849
0.00297301
0.0025268
0.00208517
0.00164381
0.00132326
0.00107532
0.000822945
0.000603915
0.000459295
0.00031
0.000161205
0.00113841
0.00204088
0.00294705
0.0035377
0.00393886
0.00435183
0.00454619
0.00424776
0.00398172
0.00371393
0.00338937
0.00306256
0.00273632
0.00241047
0.00208501
0.00175995
0.00145314
0.00118719
0.000918954
0.00065121
0.00114219
0.0016679
0.0021907
0.00279486
0.00344754
0.00409627
0.00445685
0.00416485
0.00391506
0.00366289
0.0031403
0.00260561
0.00207237
0.00161988
0.00121622
0.000809963
0.000489616
0.000362938
0.000224085
8.61846e-05
0.000714196
0.00129272
0.00187365
0.00257921
0.0033596
0.00413426
0.00457934
0.00427765
0.00402362
0.00376688
0.00315606
0.00256837
0.00197996
0.00151981
0.00113707
0.000749942
0.000405533
0.000156712
-9.78074e-05
-0.000351649
-0.000201424
-3.19152e-05
0.000136171
0.000906017
0.0020382
0.00314627
0.00384153
0.00359883
0.00341506
0.00322784
0.00276502
0.00228932
0.00181502
0.00144205
0.0011304
0.00081532
0.000534204
0.000329109
0.000119546
-8.94787e-05
-0.000149438
-0.000218565
-0.000287039
0.000388494
0.00151282
0.002608
0.00337212
0.00338274
0.00343985
0.00349403
0.00320022
0.00292821
0.0026552
0.00228336
0.00185196
0.00142475
0.00111778
0.00108358
0.00103268
0.000982873
0.000978425
0.000976243
0.000973924
0.00116845
0.00148184
0.00178759
0.00217391
0.0027425
0.00329928
0.00385611
0.00348131
0.00316367
0.00284294
0.00239838
0.00187899
0.00136477
0.000934914
0.000696441
0.000446657
0.000197861
0.000110511
3.14004e-05
-4.81124e-05
-3.4124e-05
3.64178e-05
0.000103461
0.000418469
0.00129608
0.00213875
0.0029825
0.00305558
0.00317492
0.00329134
0.00313051
0.00280179
0.00248353
0.00213941
0.00173752
0.00133957
0.00094186
0.000771584
0.000587918
0.000405271
0.000115064
-0.000240149
-0.000591062
-0.000845457
-0.000880603
-0.000928757
-0.00097608
4.21326e-05
0.00111415
0.00218169
0.00268929
0.00285709
0.00304484
0.00307984
0.00277094
0.00248276
0.00219369
0.00187573
0.00155985
0.00124422
0.000877834
0.000480823
8.60848e-05
-0.000259429
-0.000493415
-0.000733686
-0.000973305
-0.000969635
-0.000953267
-0.000937663
-0.000240614
0.000869686
0.00195448
0.00276697
0.00295896
0.00318701
0.00341268
0.00306938
0.00275968
0.00244839
0.00207011
0.00165124
0.00123521
0.000869781
0.000619057
0.000361957
0.000105525
0.000151099
0.000179093
0.000208074
0.000809853
0.00175945
0.00268782
0.00342179
0.00371247
0.00402844
0.00434259
0.00386253
0.0033407
0.00282187
0.00224688
0.00163809
0.00103194
0.000503228
0.00014998
-0.000212946
-0.0005749
-0.000778348
-0.000990656
-0.00120221
-0.00129261
-0.00130926
-0.00133011
-0.00105317
-9.97856e-05
0.000813859
0.00172873
0.00215205
0.00254846
0.00294595
0.00284772
0.00244789
0.00206567
0.00165031
0.00116133
0.000677086
0.000193127
-2.6562e-05
-0.000260991
-0.000494319
-0.000707206
-0.000907524
-0.00110833
-0.00121941
-0.00112679
-0.00104578
-0.000964211
-0.000159944
0.000602654
0.00136674
0.00167849
0.00171459
0.00176616
0.00168829
0.00131808
0.000964704
0.000610783
0.000294561
-1.92815e-05
-0.000332906
-0.000642116
-0.000948513
-0.00125472
-0.00149501
-0.00158577
-0.00168477
-0.0017832
-0.00176851
-0.00176014
-0.00175143
-0.00132224
-0.000636753
3.37066e-05
0.000512019
0.000552177
0.000616633
0.000679668
0.000419141
0.000140916
-0.000136019
-0.000463084
-0.000820569
-0.00117598
-0.0015311
-0.00188585
-0.00224023
-0.00259424
-0.002484
-0.00239948
-0.00231365
-0.00221934
-0.00211985
-0.00202076
-0.00176974
-0.00117284
-0.000595606
-1.79214e-05
-4.41845e-06
4.00177e-05
8.27092e-05
-4.90725e-05
-0.000287439
-0.000519711
-0.000746519
-0.000960449
-0.00117485
-0.00138899
-0.00148106
-0.00156615
-0.00165153
-0.00151288
-0.00123737
-0.000969616
-0.000553347
0.000200432
0.000935048
0.00166991
0.00142632
0.00123609
0.00104317
0.000733598
0.000352715
-2.38948e-05
-0.000358629
-0.000598023
-0.000842311
-0.00108607
-0.000975823
-0.000845512
-0.000716424
-0.000502136
-0.000235851
2.73471e-05
0.000437703
0.00118316
0.00190979
0.00263666
0.0024114
0.00223748
0.002061
0.00174013
0.00133092
0.000926872
0.000559485
0.00027565
-1.23496e-05
-0.000299819
-0.000491693
-0.000688466
-0.000884768
-0.000888771
-0.000775013
-0.00066765
-0.000492461
-0.00016342
0.000157087
0.000477707
0.00105209
0.00164061
0.00222775
0.00238222
0.00227154
0.00217503
0.00199313
0.0016183
0.00125408
0.000889686
0.000610005
0.000326145
4.28048e-05
-0.000115195
-0.000196303
-0.00028138
-0.00035793
-0.000415663
-0.000474325
-0.000532877
-0.000227415
9.90146e-05
0.000424001
0.000912882
0.00150204
0.00208531
0.00245817
0.00235163
0.0022703
0.00218774
0.00194172
0.00170449
0.00146706
0.00126428
0.00108283
0.000900463
0.000737959
0.000620364
0.000500553
0.000380982
0.000385809
0.000397964
0.000409725
0.000896583
0.00167483
0.00243715
0.00295764
0.00292607
0.00292314
0.00291874
0.00266305
0.00239272
0.00212343
0.00180918
0.00146746
0.00112752
0.000803183
0.000539751
0.000273452
7.57433e-06
-0.000175193
-0.000352849
-0.000530584
-0.000710003
-0.000890396
-0.00107055
-0.000973921
-0.000246481
0.000447864
0.00114319
0.00143714
0.00170685
0.00197753
0.0018908
0.00158452
0.00128976
0.000990054
0.000672272
0.000355737
3.94607e-05
-0.000333498
-0.000709519
-0.001085
-0.00137223
-0.00160508
-0.00184045
-0.00203651
-0.00214353
-0.00225495
-0.00236604
-0.00233227
-0.00228979
-0.0022478
-0.00175749
-0.000991638
-0.000240494
0.0002842
0.000291726
0.000325364
0.000357649
5.10245e-05
-0.000275842
-0.000601359
-0.000936584
-0.00127762
-0.00161803
-0.0019292
-0.00212588
-0.00232811
-0.00252986
-0.00265203
-0.00276925
-0.0028866
-0.00297192
-0.00303752
-0.00310403
-0.00300949
-0.00254778
-0.00210489
-0.00166149
-0.0145385
-0.0282168
-0.0418416
-0.0554554
0.0026704
-0.000291714
-0.000271487
-0.000650958
-0.00101017
-0.00137002
-0.00161563
-0.00185402
-0.00209254
-0.00223426
-0.00231631
-0.00240124
-0.00238807
-0.00215155
-0.00192632
-0.00170075
-0.00104952
-0.00037267
0.000302242
0.000681184
0.000877526
0.00108268
0.00116087
0.000950604
0.000754757
0.000558392
0.00021974
-0.000127407
-0.000473794
-0.000636562
-0.000686039
-0.000741028
-0.000726456
-0.000438497
-0.000164222
0.000110455
0.000669324
0.00124533
0.00181993
0.00210775
0.00221855
0.00233788
0.00235217
0.00212784
0.00191536
0.00170251
0.00135491
0.000999223
0.000644273
0.000345138
8.0566e-05
-0.00018543
-0.000422748
-0.000547889
-0.000678353
-0.000808432
-0.000620971
-0.000413832
-0.000207846
0.000268302
0.000911029
0.00154508
0.00203311
0.00218765
0.00235816
0.00252773
0.00247961
0.00241788
0.00235686
0.00198744
0.0014277
0.000877666
0.000414302
0.000149205
-0.000125169
-0.000398834
-0.000572676
-0.000740084
-0.000907639
-0.000865407
-0.000693591
-0.00052815
-0.000344966
-9.24621e-05
0.000156484
0.000405361
0.00089779
0.00140519
0.00191138
0.002116
0.00213415
0.00216117
0.00217739
0.00216997
0.00216369
0.00215736
0.00192772
0.00168412
0.00144141
0.0012436
0.00107364
0.000902523
0.000755552
0.000703252
0.000646515
0.000590041
0.000782834
0.000991326
0.00119888
0.00165902
0.0022752
0.00288343
0.00332919
0.00340374
0.00349574
0.00358682
0.00327823
0.00294437
0.00261201
0.00228503
0.00196153
0.00163817
0.0013044
0.000946459
0.000589994
0.000233795
7.96316e-07
-0.000224113
-0.00044919
-0.00067733
-0.0009073
-0.00113697
-0.00132396
-0.00134293
-0.00136974
-0.00139615
-0.00121248
-0.00101545
-0.00081922
-0.000491757
-8.3166e-05
0.000321266
0.000608816
0.000629368
0.000662319
0.000694663
0.000545443
0.00038463
0.000224505
-3.8187e-05
-0.000364302
-0.000687175
-0.000974314
-0.00112057
-0.00127321
-0.00142542
-0.00153209
-0.00163573
-0.00173941
-0.00186398
-0.00200147
-0.00213824
-0.00226713
-0.00237811
-0.00248982
-0.00260139
-0.00271859
-0.00283606
-0.00295341
-0.00275634
-0.00236445
-0.00198187
-0.00156952
-0.00108966
-0.000613327
-0.000137273
-0.000185532
-0.000267913
-0.000348656
-6.12359e-05
0.00045441
0.000959148
0.00135938
0.00134601
0.00135154
0.0013562
0.00150025
0.00165329
0.00180577
0.00188194
0.00191073
0.00194166
0.00181039
0.00130862
0.000824145
0.000339328
0.000238733
0.00016341
8.70084e-05
3.53411e-05
-9.97369e-07
-3.79975e-05
-0.000137202
-0.000482457
-0.000816267
-0.00115029
-0.00129413
-0.00142535
-0.00155702
-0.00168116
-0.0018006
-0.00192015
-0.00203212
-0.00212689
-0.00222235
-0.0023177
-0.00234943
-0.00237693
-0.0024046
-0.00236278
-0.00227784
-0.0021949
-0.00214716
-0.00218001
-0.00220921
-0.00223855
-0.00183862
-0.00141059
-0.000984204
-0.000543076
-9.29731e-05
0.000356326
0.000743923
0.00088869
0.00104417
0.00119903
0.000638509
3.09443e-05
-0.000573983
-0.000997075
-0.001307
-0.00162168
-0.00188509
-0.00203208
-0.00218412
-0.00233581
-0.00243358
-0.0025277
-0.00262189
-0.00271815
-0.00281567
-0.00291305
-0.00300184
-0.00305695
-0.0031135
-0.00316993
-0.00316844
-0.00316309
-0.00315792
-0.0031118
-0.00304025
-0.00296988
-0.00293089
-0.00296373
-0.00299337
-0.00302312
-0.00301651
-0.00300748
-0.00299856
-0.00304478
-0.0031253
-0.00320423
-0.00327894
-0.00334391
-0.00340925
-0.00347452
-0.00352012
-0.00356437
-0.00360863
-0.0036497
-0.00368877
-0.00372788
-0.0037365
-0.00362461
-0.00351808
-0.00341141
-0.00336076
-0.00331393
-0.00326697
-0.00299507
-0.00258326
-0.00217791
-0.0020171
-0.00241597
-0.00279016
-0.0031651
-0.00296985
-0.00273625
-0.00250451
-0.00230393
-0.00212287
-0.00194111
-0.00153966
-0.000268929
0.000963072
0.00219568
0.00260029
0.00294851
0.00329886
0.00341948
0.0033971
0.0033809
0.00340723
0.00353145
0.00365135
0.00377133
0.00390875
0.00404726
0.00418559
0.00430818
0.00442091
0.00453398
0.00459091
0.00451956
0.00445378
0.00438782
0.00429671
0.00420396
0.00411135
0.00415502
0.00428357
0.00440838
0.00446924
0.00427687
0.00409549
0.0039138
0.00377885
0.00364719
0.00351551
0.00325834
0.00292303
0.00259134
0.00224966
0.00188511
0.00152185
0.00115884
0.00127169
0.00141703
0.00156087
0.00171248
0.00186886
0.0020249
0.00211421
0.00193997
0.00177704
0.00161377
0.00156149
0.00151688
0.00147198
0.00147325
0.00150331
0.00153214
0.00154916
0.0015391
0.00153019
0.00152123
0.00128095
0.00102492
0.00076977
0.000601305
0.000486981
0.000370476
0.000267473
0.000195039
0.000121382
4.78377e-05
0.000189803
0.000346535
0.000502517
0.000650349
0.000793035
0.000935817
0.000944868
0.000425301
-7.17123e-05
-0.000569253
-0.00067528
-0.000754144
-0.000834077
-0.000923009
-0.00101756
-0.0011118
-0.00122424
-0.00137842
-0.00153074
-0.001683
-0.00115937
-0.000589245
-2.15291e-05
0.00045027
0.000861993
0.00127587
0.00143797
0.00060546
-0.000185093
-0.000976731
-0.00116387
-0.00130884
-0.00145544
-0.0015228
-0.0015407
-0.00156064
-0.00155985
-0.00151182
-0.00146578
-0.0014197
-0.000719258
2.62772e-05
0.000769337
0.00118724
0.00140185
0.00162467
0.00152039
0.000667983
-0.000152939
-0.00097448
-0.00119626
-0.00137596
-0.00155725
-0.00170963
-0.00184393
-0.00197887
-0.00209986
-0.0021661
-0.00223453
-0.00230281
-0.00207621
-0.00182911
-0.00158305
-0.000920721
1.5601e-06
0.000912464
0.00156422
0.00162223
0.00170444
0.00178559
0.00107377
0.000306787
-0.000457322
-0.000842455
-0.000990495
-0.00114806
-0.00130118
-0.00143861
-0.00157656
-0.00171438
-0.00181997
-0.00192321
-0.00202646
-0.0018877
-0.00159764
-0.00131395
-0.000872309
-6.90777e-05
0.000718864
0.00150679
0.00172177
0.00189618
0.0020721
0.00223826
0.00239831
0.00255848
0.00269141
0.00276208
0.0028352
0.00290817
0.00292604
0.00294001
0.00295412
0.00303043
0.00314564
0.00325919
0.00331643
0.00315087
0.0029944
0.00283768
0.00268658
0.00253597
0.00238547
0.00204561
0.00158735
0.0011342
0.000842899
0.000922481
0.000987164
0.00105239
0.000940637
0.000816395
0.000692752
0.000772925
0.000980675
0.00118317
0.00143146
0.00186062
0.00228223
0.00270381
0.0025985
0.00245575
0.0023146
0.00178528
0.00101311
0.000251193
-0.000309404
-0.000408457
-0.000525746
-0.000642218
-0.000345603
-1.97211e-05
0.000304743
0.000737737
0.00123855
0.00173628
0.0021133
0.00221385
0.00232525
0.00243614
0.00168627
0.000875388
6.75512e-05
-0.000446506
-0.00077631
-0.00111312
-0.00139252
-0.00144661
-0.00150953
-0.00157205
-0.00163132
-0.00169031
-0.00174927
-0.00135013
-0.000664066
1.01986e-05
0.000593263
0.000815053
0.00105084
0.00128589
0.000672249
-1.9095e-06
-0.00067317
-0.000833727
-0.000674077
-0.000527074
-0.000331143
5.68442e-05
0.000437026
0.000817216
0.000322082
-0.000235701
-0.000790605
-0.00104399
-0.00110821
-0.00117976
-0.00124763
-0.0013023
-0.00135744
-0.00141253
-0.00128412
-0.00114257
-0.00100165
-0.000535797
0.000133667
0.00079471
0.00132996
0.00136744
0.00142418
0.00148014
0.000807256
8.21643e-05
-0.000640346
-0.00101328
-0.0011668
-0.00132867
-0.00146864
-0.00152353
-0.00158166
-0.00163963
-0.00131981
-0.000972865
-0.000627228
-0.000101123
0.000538036
0.00117235
0.00166105
0.00157399
0.00150913
0.00144347
0.00121543
0.000975758
0.000736717
0.000319979
-0.000208146
-0.000731593
-0.00116609
-0.00124887
-0.00134507
-0.00144068
-0.00142974
-0.00141106
-0.00139269
-0.00118704
-0.0008639
-0.000545499
-0.00022539
0.000101488
0.000427858
0.000753999
0.000569186
0.000347269
0.000126935
0.000427717
0.00105563
0.00167062
0.00209025
0.00173576
0.00141099
0.00108533
0.00141172
0.00178548
0.00215717
0.00236244
0.0024631
0.00256765
0.00260671
0.00238722
0.00217768
0.00196793
0.00164996
0.00132428
0.000999145
0.000793598
0.000663233
0.000530127
0.000394101
0.000245799
9.80722e-05
-4.95649e-05
0.00033458
0.000757444
0.00117853
0.0012972
0.0012258
0.00116161
0.00102132
0.000580615
0.000151532
-0.000277664
-0.000334633
-0.00036423
-0.000394832
-0.000442691
-0.000501407
-0.000559671
-0.000464263
0.000239672
0.000920289
0.00160127
0.00158664
0.00152084
0.001457
0.00101827
0.000344052
-0.000320864
-0.000863756
-0.00092348
-0.00100119
-0.00107817
-0.00115918
-0.00124044
-0.00132163
-0.00135065
-0.00134688
-0.00134433
-0.00122831
-0.000663072
-0.000114952
0.000433396
-0.000134097
-0.000783625
-0.00142962
-0.00171837
-0.00178229
-0.00185451
-0.00176778
-0.0010529
-0.000361817
0.000329637
0.000409907
0.000444902
0.000481547
0.000199718
-0.00028231
-0.000756587
-0.00117604
-0.00137825
-0.00158833
-0.00179796
-0.00191795
-0.00203122
-0.00214465
-0.00172812
-0.000978288
-0.000241275
0.000286906
-1.23624e-05
-0.00028099
-0.000550546
-0.000771777
-0.000989279
-0.00120676
-0.00138771
-0.00154564
-0.0017043
-0.00169075
-0.000995514
-0.000325755
0.000344446
0.000171601
-6.38519e-05
-0.000296843
-0.000484196
-0.00064272
-0.000802181
-0.000969578
-0.00116889
-0.0013669
-0.00156481
-0.00157758
-0.00157654
-0.001576
-0.00136394
-0.00101878
-0.000678717
-0.000282108
0.000338509
0.000950529
0.00156242
0.000971762
0.000291701
-0.00038462
-0.00028405
0.000305762
0.0008774
0.00130806
0.00117885
0.00107002
0.000960527
0.00108318
0.00122312
0.00136233
0.00136744
0.00128808
0.00121182
0.0011497
0.00114387
0.00113601
0.00112823
0.00102206
0.000908596
0.000795473
0.000650776
0.000486234
0.000322525
0.00019322
0.000199984
0.000201849
0.000203888
0.000209842
0.000216085
0.000222314
0.000642829
0.00132427
0.00199585
0.00245654
0.00208167
0.00173703
0.00139154
0.000758178
0.000103566
-0.000549817
-0.000724248
-0.000596779
-0.000480195
-0.000421706
-0.000594702
-0.000759307
-0.000924094
-0.000376278
0.000224859
0.000823667
0.0011394
0.00127659
0.00142003
0.00145808
0.00107971
0.000716429
0.000352871
-0.000123895
-0.0006089
-0.00109327
-0.00134341
-0.0014458
-0.00155337
-0.00163727
-0.00162834
-0.00162271
-0.00161696
-0.0011541
-0.000656984
-0.000161435
0.000157358
0.00036458
0.000575603
0.000682869
0.000379983
9.18043e-05
-0.00019669
-0.000611126
-0.00103484
-0.00145792
-0.00169497
-0.00181461
-0.0019383
-0.00200916
-0.00187147
-0.00174121
-0.00161079
-0.000956506
-0.00026291
0.000428815
0.000691899
0.000684479
0.000686565
0.000581928
5.57047e-05
-0.000455356
-0.000966591
-0.00126899
-0.00155535
-0.00184207
-0.00196324
-0.00197994
-0.00200028
-0.00198774
-0.00184545
-0.0017078
-0.00157009
-0.0011161
-0.000638336
-0.000161735
-7.35525e-05
-0.000230538
-0.000378863
-0.000550507
-0.000813669
-0.00107346
-0.00133319
-0.00147498
-0.00160771
-0.00174065
-0.00167894
-0.00149438
-0.00131421
-0.00109667
-0.000731245
-0.000371205
-1.12279e-05
-0.000448293
-0.000945912
-0.00144109
-0.00168473
-0.00176946
-0.00185964
-0.00194804
-0.00203031
-0.00211274
-0.00219511
-0.00195774
-0.00169607
-0.00143542
-0.00110408
-0.000728193
-0.000354107
-0.0001686
-0.000729991
-0.00126524
-0.00180102
-0.00197929
-0.00213009
-0.00228173
-0.0022221
-0.00202906
-0.00184075
-0.00159995
-0.00115142
-0.000710328
-0.000269285
3.84635e-05
0.000335805
0.0006333
0.000709637
0.000646258
0.000587712
0.000460549
6.19529e-05
-0.000327074
-0.000716163
-0.000752174
-0.000761052
-0.000770851
-0.000671833
-0.000504105
-0.00033884
-0.000122478
0.000296427
0.000708133
0.0011198
0.00081961
0.000464855
0.000112201
-0.00031382
-0.00078606
-0.0012564
-0.00160361
-0.0014634
-0.00133986
-0.00121584
-0.0010502
-0.000881463
-0.000712941
-0.000395392
1.62702e-05
0.00042446
0.000686411
0.000369025
7.14922e-05
-0.000226512
-0.000639782
-0.0010617
-0.00148303
-0.00171546
-0.00182841
-0.00194531
-0.00197096
-0.00163557
-0.0013126
-0.000989437
-0.000608488
-0.000223304
0.000161478
0.000297355
0.000275816
0.000259597
0.000156323
-0.000291378
-0.00072718
-0.00116309
-0.00137938
-0.00157856
-0.00177817
-0.00172782
-0.00151941
-0.00131645
-0.0010379
-0.000459961
0.000107539
0.000675009
0.000229661
-0.000293891
-0.000814471
-0.00108706
-0.00120266
-0.00132344
-0.00144087
-0.00154595
-0.00165137
-0.00175671
-0.00130231
-0.000804755
-0.000308969
-0.00916857
-0.0239447
-0.0385135
0.00154378
-0.000377468
-0.00089815
-0.00146515
-0.00158508
-0.00167037
-0.00175675
-0.00181386
-0.00185245
-0.00189163
-0.00192356
-0.00192689
-0.00193118
-0.00193542
-0.00121439
-0.000437347
0.000337323
0.000262203
-0.000350739
-0.000945448
-0.00137983
-0.00117728
-0.00099596
-0.000814057
-0.000777591
-0.000752477
-0.000727005
-0.00050134
-0.000149004
0.000198915
0.000381201
-9.31442e-05
-0.000545505
-0.000998293
-0.00122949
-0.00144327
-0.00165747
-0.001542
-0.00121785
-0.000900792
-0.000580125
-0.000245476
8.8493e-05
0.000422265
0.00052362
0.000606754
0.000690432
0.000380159
-0.000179475
-0.000730559
-0.00119931
-0.00134157
-0.00149444
-0.00164686
-0.00170001
-0.00174535
-0.00179092
-0.00176514
-0.00169419
-0.00162476
-0.00144966
-0.000855583
-0.000275589
0.000304486
0.000113738
-0.000137296
-0.000386199
-0.000678261
-0.00099755
-0.00131574
-0.00157886
-0.00162408
-0.00167637
-0.00172839
-0.00184076
-0.00195779
-0.0020746
-0.00175764
-0.00116594
-0.000583556
-9.84181e-05
1.0071e-06
0.000112891
0.000224298
-0.000269627
-0.000810827
-0.00135014
-0.00163165
-0.00174971
-0.00187299
-0.00197069
-0.00196787
-0.00196831
-0.00196864
-0.00165849
-0.0013241
-0.000990705
-0.000728559
-0.000511643
-0.000293406
-0.000238514
-0.000830819
-0.00140186
-0.00197323
-0.00203779
-0.0020624
-0.00208828
-0.00209316
-0.00208475
-0.00207678
-0.00200459
-0.0016778
-0.0013594
-0.00104094
-0.00109252
-0.00117325
-0.001253
-0.00146836
-0.00176963
-0.00206796
-0.00231363
-0.00235067
-0.00239438
-0.00243785
-0.00234764
-0.00224692
-0.0021466
-0.00207018
-0.00200892
-0.00194722
-0.00194796
-0.00219621
-0.00243639
-0.00267668
-0.00273743
-0.00278394
-0.00283088
-0.00275363
-0.00259765
-0.00244429
-0.00231373
-0.00227371
-0.00223084
-0.00218808
-0.00239533
-0.00262226
-0.00284842
-0.00296315
-0.00300718
-0.00305342
-0.00309004
-0.00308886
-0.00308888
-0.00308886
-0.00294694
-0.00279385
-0.00264121
-0.0026911
-0.00286946
-0.00304364
-0.00319111
-0.00323244
-0.00327709
-0.00332162
-0.00335836
-0.00339446
-0.00343055
-0.00339681
-0.00331877
-0.00324217
-0.00318845
-0.00322548
-0.00325962
-0.00329382
-0.00335466
-0.00341759
-0.0034804
-0.00348588
-0.00345498
-0.00342524
-0.00339321
-0.00335216
-0.00331142
-0.0032707
-0.00340056
-0.00354393
-0.00368678
-0.00371724
-0.00367634
-0.00363771
-0.00361001
-0.00362591
-0.00364042
-0.00365497
-0.00363704
-0.00361653
-0.00359612
-0.0036081
-0.00364065
-0.00367253
-0.00370367
-0.00373185
-0.00376011
-0.00378834
-0.00381401
-0.00383945
-0.00386489
-0.00386945
-0.00386076
-0.00385249
-0.00384568
-0.0038447
-0.00384353
-0.00384237
-0.00385564
-0.00387006
-0.00388444
-0.00391719
-0.00396159
-0.00400561
-0.00403915
-0.00403121
-0.00402456
-0.00401787
-0.00401203
-0.00400627
-0.00400051
-0.00400139
-0.00400651
-0.00401149
-0.0040289
-0.00409562
-0.00416077
-0.00422594
-0.00428684
-0.00434736
-0.00440786
-0.00443011
-0.00442805
-0.00442675
-0.0044258
-0.00442633
-0.00442682
-0.00442731
-0.00442611
-0.00442479
-0.00442346
-0.00443957
-0.00446676
-0.00449358
-0.00451931
-0.00453528
-0.00455154
-0.00456778
-0.00458039
-0.00457859
-0.00457724
-0.00457587
-0.00457451
-0.00457315
-0.00457179
-0.00457119
-0.00457134
-0.00457147
-0.0045716
-0.00457172
-0.00457185
-0.00457198
-0.00457211
-0.00456787
-0.0045594
-0.00455107
-0.0045441
-0.00454941
-0.00455434
-0.00455928
-0.0045694
-0.00458065
-0.00459186
-0.00459703
-0.00459637
-0.00459589
-0.0045954
-0.00459494
-0.00459447
-0.00459401
-0.00459503
-0.00459636
-0.00459769
-0.00459764
-0.00459624
-0.00459488
-0.00459362
-0.00459318
-0.00459272
-0.00459226
-0.00459401
-0.00459624
-0.00459846
-0.00461489
-0.0046451
-0.00467487
