0
0.0142561
0.0127041
0.012417
0.0120253
0.0118814
0.0118759
0.011859
0.0118475
0.011846
0.0118436
0.0118413
0.0118032
0.0117641
0.0117252
0.0114499
0.011037
0.0106361
0.0104348
0.0106839
0.0108957
0.0111102
0.0106214
0.0101909
0.00975642
0.00941103
0.00911762
0.00882046
0.00874987
0.00918738
0.00958287
0.00998114
0.00913141
0.00838427
0.00763003
0.00727661
0.00715711
0.00701891
0.00719158
0.00805965
0.00887024
0.00968416
0.00938978
0.00906216
0.00873775
0.00815657
0.00742571
0.00670803
0.00651619
0.00750829
0.0084041
0.00930616
0.00882145
0.00829443
0.00777163
0.0073348
0.00694876
0.0065593
0.00642829
0.00687745
0.00727985
0.00768533
0.00843696
0.00919852
0.0099581
0.00977088
0.00902875
0.00833159
0.00798544
0.00843626
0.00882361
0.00921535
0.00960045
0.00998546
0.0103699
0.0105304
0.0105594
0.0105987
0.0105945
0.0104941
0.0104014
0.0103083
0.01014
0.0099779
0.00981554
0.00981313
0.00990466
0.00998874
0.0100868
0.0102151
0.0103409
0.0104667
0.0102436
0.0100092
0.00977605
0.00961334
0.00949222
0.00936807
0.00934131
0.00953317
0.00970791
0.0098837
0.0100142
0.010143
0.0102718
0.0105633
0.0109506
0.0113299
0.0114209
0.0108615
0.0103526
0.00984057
0.00920254
0.00856098
0.00792067
0.00769326
0.0077093
0.00770683
0.00768508
0.00761657
0.00755171
0.00748667
0.00700093
0.00654771
0.00609272
0.00640231
0.00716257
0.00788771
0.00808867
0.00710296
0.00620796
0.00530749
0.00518784
0.00500979
0.00483638
0.00457785
0.00426942
0.00396519
0.00403985
0.00496918
0.00583334
0.00670108
0.00588772
0.00501428
0.0041466
0.00370155
0.00350673
0.00329363
0.00308941
0.00290168
0.002713
0.00252467
0.00237349
0.00222389
0.0020744
0.00200965
0.00199507
0.00197681
0.00195381
0.00191943
0.00188595
0.00185245
0.00175598
0.00165727
0.00155888
0.00140066
0.00120713
0.00101646
0.00103852
0.00154083
0.00200735
0.00247581
0.00224692
0.00206916
0.00188794
0.00160721
0.00126747
0.000932518
0.000632667
0.000412231
0.00018636
-3.87901e-05
0.000373375
0.000738863
0.00110719
0.0010527
0.000747591
0.000460994
0.000268369
0.000290514
0.000297176
0.000304941
0.000293254
0.00028083
0.000268477
0.000819186
0.00170387
0.00256338
0.00287063
0.00192789
0.00107579
0.000218428
-6.1246e-05
-0.000317732
-0.000575505
-0.00062706
-0.000556134
-0.000494014
-2.52356e-05
0.00136096
0.00268012
0.00400216
0.0033945
0.00271023
0.00203235
0.00143464
0.000885184
0.0003331
-9.04395e-05
-0.000224963
-0.00037965
-0.000532701
0.00123032
0.00285621
0.00448945
0.00532615
0.00568874
0.00608406
0.00595132
0.00463108
0.00339573
0.00215618
0.00179554
0.00137407
0.00095743
0.00140846
0.00237632
0.00330688
0.00398754
0.00409894
0.00424971
0.00439754
0.00339796
0.00235188
0.00131046
0.000670288
0.00026982
-0.000146661
-0.000425314
-0.000395641
-0.000387273
-0.000377448
0.00126853
0.00298131
0.00468715
0.00522398
0.00506281
0.00494977
0.00458168
0.00364421
0.00274702
0.0018483
0.00143033
0.00103331
0.000635397
0.000667502
0.000956312
0.00122723
0.001769
0.00292117
0.00403025
0.00514075
0.00408076
0.00316956
0.0022495
0.00159823
0.00110748
0.000606523
0.000190587
-3.54812e-05
-0.000274073
-0.000511496
0.00103896
0.00246678
0.00390093
0.0039305
0.00312037
0.00236779
0.00163429
0.0009516
0.00026642
-0.000417674
-0.000788132
-0.00114437
-0.00150108
-0.00164567
-0.00166327
-0.00168932
-0.00124389
0.000267463
0.00170574
0.00314698
0.00245092
0.0016609
0.000878188
0.000283282
-0.000198552
-0.000687249
-0.00108073
-0.00126054
-0.00145426
-0.00164681
-0.00167345
-0.00169261
-0.00171224
-0.000570105
0.00126786
0.00305754
0.00383773
0.00232754
0.000970022
-0.00039575
-0.000742486
-0.00115568
-0.00156397
-0.00179636
-0.00192293
-0.00205626
-0.00217589
-0.00226574
-0.00235741
-0.00244885
-0.00190757
-0.00140827
-0.000906887
-0.000369363
0.000189712
0.000746656
0.000958725
0.000390104
-0.000127083
-0.000646938
-0.000986478
-0.00131734
-0.00164833
-0.00183649
-0.00193877
-0.00204648
-0.00215952
-0.00228564
-0.00241075
-0.00253577
-0.00176282
-0.000949003
-0.000138861
-1.47043e-05
-0.000303113
-0.000564655
-0.000834741
-0.00112062
-0.00140512
-0.00168935
-0.00189768
-0.00210222
-0.00230674
-0.0024959
-0.00267573
-0.00285593
-0.00298311
-0.00299049
-0.00300549
-0.00301998
-0.00315746
-0.00328694
-0.00341677
-0.00264045
-0.00131901
-3.38204e-05
0.000678819
9.01434e-05
-0.000415425
-0.000925611
-0.00132968
-0.00173994
-0.00214929
-0.00244451
-0.00267083
-0.00290121
-0.00308052
-0.00314504
-0.0032167
-0.00328781
-0.00319311
-0.00309052
-0.00298856
-0.00186759
-0.000132903
0.00156118
0.00236848
0.00116138
8.16836e-05
-0.00100462
-0.00136813
-0.00169621
-0.0020261
-0.00221159
-0.00230998
-0.00241368
-0.0022235
-0.0013676
-0.000554107
0.000261004
0.000952869
0.00165152
0.00234888
0.00238908
0.00203258
0.00170105
0.00133692
0.000901891
0.000471773
4.18813e-05
-0.000350514
-0.000744735
-0.00113836
-0.00135116
-0.00145466
-0.00156474
-0.00109657
0.000682675
0.00237931
0.00407892
0.00418443
0.00421067
0.00424172
0.0040011
0.00359661
0.00320261
0.00287395
0.00269442
0.00250602
0.00231838
0.00272246
0.00309004
0.00345939
0.00298317
0.00199589
0.00104084
0.000312918
0.000103598
-0.000136898
-0.000375214
-0.000303298
-0.000215804
-0.000129358
0.00102379
0.00282185
0.00457883
0.00563653
0.0051036
0.00466713
0.00422538
0.00369905
0.00317844
0.00265812
0.00217536
0.00171557
0.00125495
0.000899024
0.000780007
0.000646946
0.000514885
0.00244515
0.00424983
0.00605986
0.00652482
0.00617497
0.00587412
0.0052822
0.00403554
0.00282933
0.00162215
0.00139019
0.00120869
0.00102441
0.000813536
0.000586515
0.000360721
0.000864333
0.00302465
0.00508438
0.00714762
0.00633136
0.00568614
0.00503159
0.00423282
0.00334654
0.00246645
0.00173814
0.00135413
0.000950315
0.000548141
0.000325434
0.000112338
-0.000101073
0.000842811
0.00248865
0.00409144
0.00499921
0.00432434
0.00374281
0.00315651
0.00255326
0.0019517
0.00135075
0.000984888
0.000761939
0.000530926
0.00030171
7.51241e-05
-0.000151351
-0.00037757
0.00131646
0.00289707
0.00448243
0.00459842
0.00382181
0.00309777
0.00247072
0.00207008
0.00165682
0.00124476
0.00091888
0.000597928
0.000277062
-3.92472e-05
-0.000352662
-0.000665882
-0.000943707
-0.00114152
-0.00134371
-0.00154541
-0.0015971
-0.00165734
-0.00171703
-0.00109432
-5.67796e-05
0.00095583
0.00146255
0.000817267
0.000238547
-0.000343313
-0.000522344
-0.000679511
-0.000837746
-0.00102682
-0.00123463
-0.00144114
-0.00163145
-0.00178509
-0.00194063
-0.00209589
-0.00213597
-0.00218253
-0.00222868
-0.00235811
-0.0025382
-0.00271521
-0.00282741
-0.00279206
-0.00276509
-0.00273768
-0.00266631
-0.0025975
-0.00252862
-0.00251896
-0.00254539
-0.00256976
-0.00263714
-0.00280216
-0.00296151
-0.00312099
-0.00317321
-0.00321948
-0.00326604
-0.00330846
-0.00334835
-0.00338833
-0.00341555
-0.00341382
-0.0034137
-0.00341349
-0.00340832
-0.00340342
-0.00339852
-0.00339559
-0.00339386
-0.00339207
-0.00343543
-0.00358152
-0.00372174
-0.00386213
-0.00390354
-0.00393941
-0.00397555
-0.00402877
-0.00409238
-0.00415535
-0.00419064
-0.00416292
-0.00413871
-0.00411434
-0.0039657
-0.00382409
-0.00368224
-0.00367813
-0.00375809
-0.00383334
-0.00386677
-0.0038045
-0.00374755
-0.00369038
-0.00377705
-0.00385573
-0.00393476
-0.00401026
-0.00408359
-0.00415695
-0.00396406
-0.00316518
-0.00240029
-0.00163438
-0.00182396
-0.00206721
-0.00230728
-0.00221631
-0.00192297
-0.00164097
-0.00140712
-0.00128395
-0.0011549
-0.00102631
-0.00118762
-0.00133302
-0.00147913
-0.00180326
-0.00223615
-0.00266269
-0.00297149
-0.00301204
-0.00306704
-0.0031212
-0.00205925
-0.000934722
0.000185214
0.000886645
0.00133166
0.00179
0.00204358
0.00183323
0.00164805
0.00146172
0.00143461
0.00139899
0.00136386
0.00158642
0.00196664
0.00233801
0.00250944
0.00222491
0.00196508
0.0017042
0.00142971
0.00115623
0.000882998
0.00141549
0.00244114
0.00343943
0.00414033
0.00416187
0.00421952
0.0042752
0.00391233
0.00352559
0.00314053
0.00262075
0.00201868
0.00142162
0.00135314
0.0024886
0.00355916
0.00463202
0.00452623
0.00448282
0.00443616
0.00411638
0.00362922
0.0031514
0.00269149
0.00227289
0.00185255
0.00143274
0.00121354
0.00100627
0.000798582
0.00159615
0.00300979
0.00438965
0.00513804
0.00444532
0.00382877
0.00320889
0.00279353
0.00236792
0.00194329
0.00162868
0.00138171
0.00113146
0.000975055
0.00103174
0.00107727
0.00112334
0.00212705
0.00318628
0.00424152
0.00431925
0.00379691
0.00330624
0.00281717
0.00233486
0.00185269
0.00137102
0.00109343
0.000828182
0.000562568
0.000949681
0.00173741
0.00250365
0.00323194
0.00380846
0.00439221
0.00497499
0.00398152
0.00289521
0.0018148
0.00119324
0.000853958
0.000500524
0.000229806
0.000145488
5.16985e-05
-4.15097e-05
0.000717744
0.00152723
0.00233332
0.00278169
0.00300996
0.00324925
0.00329239
0.00256458
0.00187684
0.00118776
0.000833064
0.000498743
0.000163725
-7.65377e-05
-0.000258489
-0.000443219
-0.000388283
0.000212596
0.000785151
0.00135856
0.0016698
0.00196496
0.00226064
0.00195945
0.00129127
0.000642326
0.000171272
0.000107302
2.28379e-05
-6.05068e-05
-0.000165476
-0.000271653
-0.000377663
-0.00014289
0.000301494
0.000734882
0.0011553
0.0015236
0.00189416
0.00226423
0.00154687
0.000764076
-1.46537e-05
-0.000457423
-0.000693103
-0.000938917
-0.00114814
-0.0012754
-0.00140664
-0.00153754
-0.0151916
-0.0296586
-0.0440707
-0.0584711
0.0027186
0.00124034
0.00244739
0.00177219
0.0011913
0.0006063
7.9017e-05
-0.000444287
-0.000967269
-0.00127319
-0.00144528
-0.00162382
-0.00177136
-0.00184913
-0.00193027
-0.00201116
-0.00130123
-0.000543279
0.000211553
0.000753896
0.001165
0.00158217
0.0016902
0.00109407
0.000533214
-2.88275e-05
-0.000320444
-0.00059511
-0.00087034
-0.0010786
-0.00124553
-0.00141432
-0.0015533
-0.00157544
-0.0016033
-0.00163084
-0.000939825
-0.000204859
0.000527238
0.000708414
0.000549623
0.000407595
0.000236909
2.53756e-06
-0.000228499
-0.000459472
-0.000660945
-0.000860406
-0.00105977
-0.0012209
-0.00135839
-0.00149689
-0.00163226
-0.00175587
-0.00187994
-0.00200387
-0.00137907
-0.000708028
-3.98799e-05
7.48229e-05
-0.000152244
-0.000362557
-0.000571525
-0.000775802
-0.000980108
-0.00118422
-0.00128342
-0.00137595
-0.00146872
-0.00159556
-0.00174341
-0.0018901
-0.00202303
-0.0021246
-0.00222757
-0.00233038
-0.00242821
-0.00252564
-0.00262299
-0.00228085
-0.00166732
-0.00106738
-0.000595328
-0.000629244
-0.00063892
-0.000649745
-0.000746547
-0.000848705
-0.000950509
-0.00109736
-0.001272
-0.00144514
-0.00156654
-0.00156982
-0.00157872
-0.00158734
-0.00169355
-0.00180585
-0.00191775
-0.00200737
-0.00208316
-0.00215954
-0.00206208
-0.00127833
-0.000527852
0.000223492
0.000280643
0.000293581
0.000308598
0.00015071
-0.000113996
-0.000373407
-0.000446705
-9.46469e-05
0.000237015
0.000569327
0.00104573
0.00153094
0.00201528
0.00264038
0.00335235
0.00405956
0.0046412
0.00493634
0.00524467
0.00555208
0.00593077
0.00631371
0.00669609
0.00668502
0.00643043
0.00618746
0.00597838
0.00590461
0.00582458
0.00574492
0.00559275
0.00543604
0.00527969
0.00496919
0.00456337
0.00416237
0.00370605
0.00312336
0.0025471
0.00197107
0.00172894
0.00150856
0.00128737
0.00139723
0.00171207
0.00201712
0.00246441
0.00347277
0.00445422
0.00543601
0.00501413
0.00450175
0.00399403
0.00329592
0.00248021
0.00167069
0.00101275
0.000700905
0.000373397
4.69115e-05
-0.000110324
-0.000256435
-0.000402924
-0.000535885
-0.000660433
-0.000785253
-0.00090069
-0.000994862
-0.00108992
-0.00118486
-0.00125868
-0.00133107
-0.00140346
-0.00107142
-0.000488737
8.19546e-05
0.000510315
0.000375613
0.000266745
0.000156798
-4.50706e-05
-0.000252789
-0.000460051
-0.000532127
-0.000520323
-0.000512348
-0.000586573
-0.000849094
-0.00110282
-0.00135671
-0.00158417
-0.00180972
-0.00203515
-0.00211135
-0.00209494
-0.00208274
-0.00208456
-0.00214253
-0.00219789
-0.00225333
-0.00234324
-0.00243534
-0.00252725
-0.00256656
-0.0025732
-0.00258131
-0.00261313
-0.00269932
-0.00278299
-0.00286669
-0.00279563
-0.00271442
-0.00263374
-0.00253431
-0.00242328
-0.00231288
-0.00225187
-0.00230374
-0.0023505
-0.00239745
-0.00250558
-0.00261768
-0.0027295
-0.00273177
-0.002666
-0.00260332
-0.00258188
-0.00272379
-0.00285828
-0.00299299
-0.00308742
-0.00317911
-0.00327083
-0.00334547
-0.00340947
-0.00347388
-0.00353918
-0.00360663
-0.00367392
-0.00374117
-0.00381152
-0.00388203
-0.00395246
-0.00399725
-0.00402609
-0.00405561
-0.0040697
-0.004023
-0.00397904
-0.003935
-0.00389461
-0.0038545
-0.00381442
-0.0037238
-0.00360178
-0.00348126
-0.00342102
-0.00349864
-0.00357013
-0.00364182
-0.0036663
-0.00368761
-0.00370904
-0.00375522
-0.00381678
-0.00387761
-0.0039452
-0.00402826
-0.00411057
-0.00419284
-0.00419258
-0.00418677
-0.00418121
-0.00421588
-0.00427556
-0.0043341
-0.00438798
-0.00442343
-0.00445965
-0.0044958
-0.00448314
-0.0044672
-0.00445142
-0.00441425
-0.00436379
-0.00431396
-0.00430375
-0.0043842
-0.00446063
-0.00453718
-0.00439552
-0.00423923
-0.00408372
-0.00392348
-0.00376037
-0.00359752
-0.00332875
-0.00264076
-0.00197151
-0.00130203
-0.00139753
-0.00154477
-0.00168965
-0.00160124
-0.00136754
-0.00114032
-0.000969531
-0.000928282
-0.000881485
-0.000834968
-0.000470041
-8.37691e-05
0.000301252
0.000422458
0.000379284
0.000343212
0.000393614
0.000642588
0.000882826
0.00112323
0.00210589
0.00313834
0.00416778
0.00475352
0.00506258
0.00538322
0.00569812
0.00599315
0.00628878
0.00658414
0.00638433
0.00615087
0.00591904
0.0058455
0.00587069
0.00589165
0.00596629
0.00616341
0.00635515
0.00654696
0.00650758
0.0064524
0.00639793
0.00647183
0.00662574
0.00677612
0.00686941
0.00673665
0.00661359
0.00649022
0.00649051
0.00649929
0.00650771
0.00618325
0.0056513
0.00512857
0.00476532
0.00476746
0.00475419
0.00474158
0.00439982
0.00403565
0.00367274
0.0034272
0.00325499
0.00307984
0.00295479
0.00294397
0.00292836
0.00291296
0.0028651
0.00281505
0.00276512
0.00305575
0.00355878
0.0040525
0.0042506
0.00327905
0.00235725
0.00143414
0.00149697
0.00162795
0.00175597
0.00185971
0.0019482
0.00203725
0.00192741
0.00136232
0.000816671
0.000270667
0.00019673
0.000155588
0.000113117
4.06956e-05
-5.04388e-05
-0.00014072
-0.000130354
0.000278091
0.000669678
0.00106164
0.000886776
0.00067263
0.000460289
0.000237509
8.32113e-06
-0.000220412
-0.000379365
-0.000378716
-0.000384663
-0.000390333
-0.00025542
-0.000110806
3.32891e-05
0.000106059
0.000134243
0.000164241
9.57439e-05
-0.000198136
-0.000482499
-0.00076702
-0.000384291
4.47803e-05
0.000471595
0.000239508
-0.000404255
-0.0010306
-0.00148609
-0.00126429
-0.00107043
-0.000875577
-0.000959018
-0.00106188
-0.00116387
-0.00114683
-0.00105538
-0.000967047
-0.000748628
-0.000232417
0.000271218
0.000774955
0.000432793
3.14888e-05
-0.000367078
-0.000596378
-0.000719727
-0.000847287
-0.00098524
-0.00116531
-0.00134352
-0.00152167
-0.00161659
-0.00170558
-0.00179475
-0.00167878
-0.00143457
-0.00119577
-0.00105244
-0.0011281
-0.00119483
-0.00126188
-0.0012756
-0.00128556
-0.00129566
-0.00129547
-0.00128883
-0.00128246
-0.00130854
-0.001409
-0.00150637
-0.00160379
-0.0010589
-0.000468988
0.000118636
8.50859e-05
-0.000337147
-0.000743412
-0.00110725
-0.00130159
-0.00150259
-0.00170315
-0.00152163
-0.00131315
-0.00110592
-0.00114512
-0.00133855
-0.00152566
-0.00144834
-0.000764698
-0.000105856
0.000553451
0.000253141
-0.000115112
-0.000480358
-0.000564688
-0.000473074
-0.000388551
-0.000397281
-0.000776016
-0.00113971
-0.00150371
-0.00112805
-0.000699999
-0.000274376
-0.000136723
-0.000179477
-0.000215029
-0.000321995
-0.000592006
-0.000855333
-0.00111872
-0.00103683
-0.000930365
-0.00082496
-0.000733278
-0.000650243
-0.000566932
-0.000484807
-0.000405291
-0.000325735
-0.000246243
-0.000374601
-0.000517731
-0.000660165
-0.000790152
-0.000912289
-0.00103464
-0.00113473
-0.00114705
-0.00116282
-0.00117844
-0.000868964
-0.000536413
-0.000205029
-0.000114996
-0.000176248
-0.000231512
-0.000273284
-0.000260839
-0.000250529
-0.000240144
8.65593e-05
0.000435751
0.000783788
0.000705967
0.000361226
2.7193e-05
-0.000196324
1.85332e-05
0.000216099
0.000414186
0.000832451
0.00126627
0.00169915
0.00170617
0.00144619
0.00119681
0.000967121
0.000816444
0.00066281
0.000509411
0.000949929
0.00143297
0.00191399
0.00219057
0.00233883
0.00249196
0.00257521
0.00238299
0.00220159
0.00201991
0.002094
0.00218652
0.00227826
0.00247134
0.00272792
0.00298185
0.0031949
0.0032463
0.0033039
0.00336122
0.00314494
0.00290898
0.00267397
0.0025318
0.00244793
0.00236188
0.00229457
0.00230094
0.00230448
0.00230811
0.00232328
0.00233926
0.00235521
0.00229902
0.00219759
0.00209798
0.00198125
0.0017968
0.00161509
0.00143342
0.00201096
0.00264332
0.0032731
0.00336254
0.00311274
0.00287609
0.00260014
0.00217
0.00174608
0.00132225
0.0016362
0.00200369
0.00236887
0.00224244
0.00180736
0.00138435
0.00115249
0.00167841
0.00217512
0.00267256
0.00214064
0.00153395
0.000930549
0.00100021
0.00149259
0.00196856
0.00232512
0.00220738
0.0021077
0.00200741
0.00165328
0.00128081
0.000909326
0.00103526
0.00147362
0.00189984
0.00218218
0.00189387
0.0016273
0.00136012
0.000977979
0.000587669
0.000197962
0.000535496
0.00132986
0.00210643
0.00260456
0.00199907
0.00143552
0.000870828
0.00130551
0.00181328
0.00231792
0.00219657
0.00168179
0.00118214
0.000774342
0.000731427
0.000674878
0.000618882
0.000735403
0.000864542
0.000993112
0.00076103
0.000302303
-0.000147614
-0.000349149
0.00043333
0.00117851
0.00192452
0.00169069
0.00138479
0.0010818
0.000759493
0.000425189
9.15807e-05
-5.83402e-05
0.000518608
0.00106811
0.00161822
0.00108084
0.000463496
-0.000150417
-0.000181123
0.000155002
0.000477276
0.000747717
0.000811521
0.000882931
0.000954007
0.00101798
0.00108138
0.00114475
0.00104708
0.000848139
0.000653085
0.000494853
0.000482613
0.000464996
0.00044759
0.000252192
4.37285e-05
-0.0001641
-4.65593e-06
0.000385819
0.000767504
0.00108206
0.00113028
0.00118825
0.00124582
0.00163
0.00203817
0.00244517
0.00225384
0.00168604
0.00113246
0.000743691
0.00100862
0.0012494
0.0014909
0.00131491
0.00110798
0.000902339
0.00083476
0.000854125
0.000870299
0.000923647
0.00112382
0.0013185
0.00151323
0.00139849
0.00126075
0.00112396
0.00116266
0.00131185
0.0014569
0.0014964
0.00111742
0.000753936
0.000390153
0.000849186
0.00136936
0.00188693
0.00177791
0.0012743
0.000785377
0.000445706
0.000698391
0.00092943
0.00116109
0.000923525
0.000651022
0.000379981
0.000514204
0.000903662
0.00128361
0.00156202
0.00143759
0.00132779
0.00121754
0.00132187
0.00144221
0.00156188
0.00148852
0.00129356
0.00110312
0.00103799
0.00146959
0.00188301
0.00229679
0.00215441
0.00197038
0.00178798
0.00174203
0.00178212
0.00181909
0.00181616
0.00165481
0.00149925
0.0013436
0.00163447
0.00195872
0.00228155
0.0019044
0.00108619
0.00028433
-0.000196797
0.000593466
0.00133776
0.00208316
0.00170866
0.00125005
0.000794774
0.000663836
0.000737445
0.000803715
0.000861769
0.000886365
0.000912134
0.000937843
0.00049412
1.52604e-05
-0.00046201
-0.000477661
-0.000202244
6.26439e-05
0.000218406
-5.91606e-05
-0.000321164
-0.000583534
-0.00061956
-0.000638459
-0.000657952
-0.000409065
8.98269e-06
0.000420751
0.000682662
0.000350744
4.00444e-05
-0.000271185
-0.000561953
-0.000850992
-0.00113989
-0.000887977
-0.000295037
0.000285465
0.000667192
0.000260714
-0.000117725
-0.000496883
-0.000550435
-0.000579268
-0.00060895
-0.000285716
0.000260052
0.000797621
0.00125271
0.00138096
0.00152057
0.0016597
0.000962963
0.000203182
-0.000553856
-0.000870141
-0.000908194
-0.000955958
-0.000962086
-0.000804667
-0.000653077
-0.000501389
-0.000162084
0.000191281
0.00054391
0.000404507
-4.53907e-05
-0.000484144
-0.000841629
-0.000876405
-0.000922402
-0.000967975
-0.0008483
-0.000716107
-0.000584442
-0.000482871
-0.000400331
-0.000317187
-0.000320362
-0.000665378
-0.000998285
-0.00133138
-0.00147214
-0.00159813
-0.00172455
-0.00146319
-0.000957084
-0.000459806
-4.96877e-05
1.4802e-05
9.12064e-05
0.000167146
-0.000218098
-0.000638355
-0.00105711
-0.00128816
-0.00140059
-0.00151704
-0.0016384
-0.00177999
-0.00192078
-0.00206151
-0.00134881
-0.000571214
0.000203609
0.000290777
-5.64387e-05
-0.000388472
-0.000698291
-0.000918658
-0.00114195
-0.00136498
-0.00139401
-0.00140813
-0.00142277
-0.00136142
-0.00125211
-0.00114451
-0.00102567
-0.000862251
-0.000700471
-0.000538745
-0.000872741
-0.0012446
-0.00161491
-0.00174718
-0.00172899
-0.00171596
-0.00171593
-0.00176811
-0.00181847
-0.00186886
-0.0017555
-0.00162962
-0.00150426
-0.00151531
-0.00161259
-0.00170687
-0.00181932
-0.00200356
-0.00218523
-0.00236687
-0.00236391
-0.00234673
-0.00233005
-0.00226451
-0.00216813
-0.00207286
-0.00200498
-0.00204565
-0.00208261
-0.00211967
-0.00220475
-0.00229348
-0.00238202
-0.00251129
-0.00266626
-0.00282025
-0.002927
-0.00284662
-0.00277261
-0.00269845
-0.0027026
-0.00271279
-0.00272278
-0.00265222
-0.00253074
-0.00241106
-0.00233803
-0.00244994
-0.00255554
-0.00266128
-0.00274125
-0.00281918
-0.00289712
-0.00297714
-0.00305844
-0.00313965
-0.00319405
-0.00314232
-0.00309419
-0.00304598
-0.00304993
-0.00305791
-0.00306576
-0.00306162
-0.0030499
-0.00303844
-0.00301961
-0.00297158
-0.00292456
-0.00287754
-0.003001
-0.00313762
-0.00327371
-0.0121609
-0.0265822
-0.0408092
-0.00194374
-0.00332796
-0.0033696
-0.00345595
-0.00341175
-0.00335759
-0.0033038
-0.00324572
-0.00318493
-0.00312427
-0.00308503
-0.00313063
-0.00317338
-0.00321619
-0.0031802
-0.0031381
-0.00309623
-0.00312594
-0.00320096
-0.00327443
-0.00333792
-0.00336182
-0.003387
-0.00341213
-0.00344988
-0.00348859
-0.00352724
-0.00345022
-0.0033
-0.00315229
-0.00303971
-0.00306644
-0.00308854
-0.00311079
-0.00312762
-0.00314402
-0.00316042
-0.00319801
-0.003249
-0.00329951
-0.00329587
-0.00307753
-0.0028664
-0.00265516
-0.00276055
-0.00289062
-0.00301979
-0.00298542
-0.00284749
-0.00271305
-0.00259584
-0.00254715
-0.00249625
-0.00244545
-0.00238396
-0.00232167
-0.00225944
-0.00197772
-0.00155705
-0.0011412
-0.000833253
-0.000953006
-0.0010587
-0.00116479
-0.00089582
-0.000597618
-0.000300564
-0.000347623
-0.000612657
-0.000870411
-0.000919269
-0.000139313
0.000613137
0.00136599
0.00105656
0.000663951
0.000274306
0.000464081
0.00102094
0.00156552
0.00201037
0.00205924
0.00212093
0.00218217
0.00230179
0.00242593
0.00254983
0.00267998
0.00281404
0.00294789
0.00307073
0.00315012
0.00323087
0.00331152
0.00324483
0.00316658
0.00308875
0.00310929
0.00319217
0.00327299
0.00328507
0.0030245
0.00277289
0.00252115
0.00257642
0.00265584
0.00273443
0.00275642
0.00274251
0.00272977
0.00272102
0.00272823
0.00273491
0.00274161
0.00260808
0.00246357
0.00231951
0.002177
0.00203551
0.00189409
0.00177986
0.00177323
0.00176317
0.00175321
0.00165329
0.00154631
0.00143963
0.00141908
0.00145316
0.00148546
0.00147229
0.00127854
0.0010907
0.00090278
0.000714115
0.000525497
0.000336999
0.000233666
0.000184366
0.000133374
0.000103203
0.000155296
0.000204736
0.000254229
0.000256816
0.000255688
0.000254679
8.98379e-05
-0.000178875
-0.000444116
-0.000704028
-0.000942863
-0.00118222
-0.0014214
-0.00097689
-0.000478419
1.80241e-05
-3.56951e-05
-0.00043844
-0.000829874
-0.00116418
-0.00127122
-0.00138538
-0.00149925
-0.00159407
-0.00168734
-0.00178059
-0.00171763
-0.00155557
-0.00139675
-0.00131575
-0.00154356
-0.00176149
-0.00197959
-0.00208405
-0.00217943
-0.00227503
-0.0023488
-0.00240871
-0.00246902
-0.00252927
-0.0025895
-0.00264968
-0.00270983
-0.00275966
-0.00280863
-0.00285761
-0.00290786
-0.00295891
-0.00300991
-0.00306025
-0.00310807
-0.00315594
-0.00320379
-0.00323707
-0.00326918
-0.00330131
-0.00333889
-0.00337992
-0.00342082
-0.00346025
-0.00349393
-0.00352777
-0.00356159
-0.00359708
-0.0036327
-0.00366828
-0.0036762
-0.00366655
-0.00365745
-0.00365793
-0.00369644
-0.00373374
-0.00377105
-0.00381003
-0.00384913
-0.0038882
-0.00392707
-0.00396579
-0.0040045
-0.00403119
-0.00401028
-0.00399086
-0.00397141
-0.00399006
-0.00401175
-0.00403333
-0.00406105
-0.00409267
-0.00412414
-0.0041498
-0.00415241
-0.00415574
-0.00415904
-0.00415727
-0.0041551
-0.00415295
-0.004189
-0.0042493
-0.00430882
-0.00435223
-0.00433177
-0.0043133
-0.00429477
-0.00432253
-0.00435398
-0.0043853
-0.00440805
-0.00442535
-0.00444282
-0.00445659
-0.00443743
-0.0044193
-0.00440115
-0.00438883
-0.00439961
-0.00440968
-0.00441976
-0.00445097
-0.00448679
-0.00452245
-0.0045373
-0.004532
-0.00452733
-0.00452263
-0.00451794
-0.00451325
-0.00450857
-0.00450389
-0.00450588
-0.00451434
-0.0045226
-0.00452987
-0.00452826
-0.00452693
-0.00452559
-0.00454053
-0.00455905
-0.00457744
-0.00457488
-0.00455203
-0.00452981
-0.0045102
-0.00451404
-0.00451717
-0.00452031
-0.00450278
-0.00448073
-0.00445883
-0.00446722
-0.00450497
-0.0045418
-0.00457571
-0.00458342
-0.00459192
-0.00460039
-0.00458457
-0.00456342
-0.00454245
-0.00456149
-0.00461928
-0.00467586
