0
0.0112248
0.0101537
0.0101058
0.00997304
0.00976303
0.00950349
0.00924848
0.00910326
0.00920506
0.00928626
0.00936904
0.00940919
0.00944809
0.00948702
0.00911138
0.00849433
0.00789812
0.00760273
0.00798615
0.0083133
0.00864453
0.00784256
0.00713456
0.00642005
0.00601241
0.0057837
0.00554078
0.00544081
0.00565903
0.00585102
0.00604484
0.00559926
0.00520626
0.00480963
0.0045932
0.00448196
0.0043624
0.00423482
0.0040874
0.00394182
0.00379632
0.0039938
0.00420143
0.0044079
0.0042578
0.00389919
0.00355788
0.00328331
0.00316137
0.00302742
0.00289465
0.00322649
0.00357229
0.00391642
0.00392113
0.00372703
0.00354906
0.00336055
0.00315092
0.0029433
0.00273585
0.00278201
0.00283613
0.00288954
0.00297886
0.00308913
0.00319757
0.00336908
0.00368245
0.00398415
0.0042863
0.00386147
0.00349441
0.0031234
0.00287441
0.00269693
0.00251413
0.00247501
0.00275808
0.00301553
0.00327459
0.00334818
0.00343612
0.0035228
0.00325463
0.00277811
0.00231852
0.00194833
0.00178159
0.00159933
0.00141856
0.00135933
0.00130427
0.00124898
0.00201512
0.00326384
0.00447343
0.00500509
0.00400482
0.00312393
0.00223522
0.00191946
0.00162361
0.00132669
0.00160013
0.00220909
0.00279145
0.00345506
0.00429823
0.00512641
0.00595447
0.00497432
0.00393276
0.00289746
0.00233889
0.00206179
0.00176374
0.00164845
0.00194082
0.00220186
0.00246488
0.00283469
0.00319586
0.00355714
0.00334727
0.00280067
0.00228028
0.00181551
0.00147973
0.00113476
0.000791001
0.00165087
0.00241916
0.00319316
0.00340189
0.00327712
0.00317747
0.00301439
0.00271241
0.00242125
0.00212971
0.00179763
0.00146451
0.00113197
0.00150146
0.00228563
0.00303785
0.0033888
0.00283047
0.00234032
0.00184585
0.00151754
0.00119577
0.000873994
0.00078483
0.000833286
0.00087153
0.001144
0.00194335
0.00270278
0.00346403
0.00348143
0.00347093
0.00346249
0.00303034
0.00234766
0.0016843
0.00117401
0.00101121
0.000823287
0.000637468
0.00197536
0.00320033
0.00443174
0.00447103
0.00380425
0.00318971
0.00248256
0.00157394
0.000681243
-0.000211315
-0.00049986
-0.000831661
-0.00115986
-0.00109385
-0.000793923
-0.000511289
0.000115327
0.00151637
0.00285968
0.00420521
0.00364443
0.00300988
0.00238153
0.00175885
0.00114013
0.000522015
-3.59168e-06
-0.000321315
-0.000653433
-0.000984049
-0.0011664
-0.00134264
-0.00151907
-0.00108183
-0.00028023
0.000494338
0.00111011
0.00136412
0.00164343
0.00192055
0.00142137
0.000891662
0.000364865
-0.000184521
-0.000746945
-0.00130765
-0.00172152
-0.00180433
-0.00191033
-0.00201455
-0.00189411
-0.00178963
-0.00168418
-0.000815192
0.000507841
0.0017972
0.00240084
0.00145143
0.000611954
-0.00023403
-0.000706748
-0.00120485
-0.0017005
-0.00190498
-0.00193584
-0.00197874
-0.0021228
-0.00249762
-0.00285588
-0.0032148
-0.00341158
-0.00360138
-0.0037914
-0.00394842
-0.00408572
-0.00422419
-0.0042142
-0.00386895
-0.00354729
-0.00322445
-0.00305997
-0.00290234
-0.00274446
-0.00241311
-0.00197842
-0.00155141
-0.00135966
-0.00170046
-0.00200432
-0.00231029
-0.00273656
-0.00316745
-0.00359744
-0.00380475
-0.00387896
-0.00396215
-0.00400993
-0.00397919
-0.00395384
-0.00392816
-0.00408908
-0.00423711
-0.00438582
-0.00445709
-0.00448209
-0.00451019
-0.00431415
-0.00361148
-0.00294399
-0.00227502
-0.00248136
-0.0026284
-0.00277924
-0.00310521
-0.00353593
-0.00395903
-0.00429268
-0.00442343
-0.00456763
-0.00471073
-0.0048013
-0.00488944
-0.00497763
-0.00506813
-0.00515997
-0.0052516
-0.00529629
-0.00523483
-0.00518054
-0.00512584
-0.00515327
-0.00518431
-0.00521506
-0.00512378
-0.00495943
-0.00480015
-0.00469663
-0.00471986
-0.00473468
-0.00475003
-0.00471174
-0.0046711
-0.00463067
-0.00463108
-0.00465598
-0.00467924
-0.00472593
-0.00482548
-0.00492141
-0.00501746
-0.005118
-0.00521812
-0.00531813
-0.00531271
-0.00524406
-0.00517963
-0.00506266
-0.00482719
-0.00459977
-0.00437213
-0.0043419
-0.00429883
-0.00425665
-0.0041533
-0.0040133
-0.00387588
-0.00358942
-0.00296548
-0.00236427
-0.00176236
-0.00164616
-0.00155246
-0.00145743
-0.00142498
-0.00143008
-0.00143274
-0.00136599
-0.00114156
-0.000927601
-0.000713241
-0.000535155
-0.000358956
-0.000182864
-6.19452e-05
2.57508e-05
0.000115468
0.000352479
0.000923777
0.00147291
0.00202276
0.00173404
0.0014063
0.00108147
0.00117977
0.00153266
0.00186885
0.00213031
0.00222044
0.00232137
0.00242149
0.00230319
0.00219893
0.00209391
0.00242459
0.00301736
0.00359275
0.00415067
0.00466733
0.00518595
0.0057038
0.00520267
0.00476655
0.00432687
0.00403325
0.00382758
0.00361664
0.0034977
0.00358627
0.00366169
0.00373783
0.00416729
0.00461328
0.00505768
0.00529871
0.00541699
0.00554281
0.00554201
0.00525533
0.00498688
0.00471762
0.00492452
0.00515429
0.00538235
0.00539726
0.00528354
0.00517796
0.00495554
0.00446908
0.00399962
0.00352969
0.00342529
0.00329835
0.00317297
0.00340889
0.00386286
0.00430278
0.00469133
0.00496203
0.00523968
0.00551655
0.00464927
0.00385355
0.00305441
0.00241451
0.00187092
0.00132208
0.000999947
0.00119063
0.00134962
0.00151036
0.00274498
0.00403161
0.00531348
0.00546313
0.00492831
0.00443595
0.00387
0.00314229
0.00242532
0.00170857
0.00118158
0.000643671
0.000107085
-0.000221526
-0.00042419
-0.000634254
-0.000507021
0.000384511
0.00122864
0.00207462
0.00205245
0.00198656
0.00192338
0.00161294
0.00115311
0.000702851
0.000312323
5.80336e-05
-0.000204156
-0.000465555
-0.000458395
-0.000467393
-0.000475409
0.000181394
0.00124048
0.00227417
0.00276421
0.00201783
0.00134638
0.000671251
0.000464957
0.000230886
-1.24541e-06
-0.000301729
-0.000643423
-0.000982253
-0.00128928
-0.00152423
-0.00176319
-0.00200163
-0.000928491
0.000211056
0.00134531
0.00135632
0.000686257
5.73581e-05
-0.000368043
-0.000326491
-0.000312619
-0.000297126
-0.000461265
-0.000614599
-0.000768391
-0.0009893
-0.00125085
-0.00150969
-0.00150771
-0.000913161
-0.000354172
0.000206251
0.000427967
0.000631782
0.000836409
0.000617394
0.000141398
-0.000318986
-0.000688729
-0.000851098
-0.0010254
-0.00119881
-0.00139585
-0.00159129
-0.00178659
-0.00189851
-0.00195976
-0.00202388
-0.00183853
-0.0010867
-0.000368676
0.000350474
0.000762836
0.00119252
0.00162071
0.00179007
0.00180204
0.00182311
0.00174284
0.00143348
0.00113771
0.000841504
0.000456835
6.785e-05
-0.000320437
-0.000593044
-0.000795195
-0.00100117
-0.000939399
-0.000269785
0.000364126
0.00099936
0.00128987
0.00159982
0.0019083
0.00158896
0.000887817
0.000209329
-0.000326551
-0.000536199
-0.000764249
-0.000990987
-0.0010622
-0.00112494
-0.0011881
-0.00111131
-0.000949383
-0.000792487
-0.000383131
0.000599896
0.00154921
0.00249936
0.00255085
0.00265325
0.00275265
0.00233898
0.00161294
0.000905406
0.000260352
-0.000241214
-0.00075032
-0.00125842
-0.00113277
-0.00104301
-0.000951317
-0.000919553
-0.000924236
-0.000926863
-0.000658614
0.000226059
0.00107511
0.0019252
0.00197998
0.00199109
0.00200464
0.00170431
0.00121286
0.000732655
0.000305743
8.27945e-07
-0.000310562
-0.000621243
-0.000846469
-0.00107621
-0.00130544
-0.00139908
-0.00140996
-0.00142543
-0.00147925
-0.00162094
-0.00175759
-0.00189437
-0.000943745
6.62564e-05
0.00107185
0.0012677
0.000969234
0.000698451
0.000404313
6.01973e-05
-0.000280777
-0.000621549
-0.000727383
-0.000846059
-0.000963896
-0.00114703
-0.00136993
-0.00159039
-0.00157772
-0.00103446
-0.000520953
-6.37384e-06
0.000607861
0.00121596
0.00182372
0.00184474
0.00150735
0.00118995
0.000839527
0.000416006
-3.05834e-06
-0.000421908
-0.000478693
-0.000515011
-0.000552405
-0.000620415
-0.00070715
-0.000792771
-0.000673097
-8.60307e-05
0.000474996
0.00103683
0.00156941
0.002103
0.00263596
0.00255283
0.00209303
0.00165413
0.00121769
0.000788884
0.000360126
-6.81714e-05
-0.000100419
-0.000110072
-0.000120933
-0.000184646
-0.000280709
-0.000374926
-0.000162849
0.000746821
0.00161801
0.00249033
0.0026538
0.00285515
0.00305426
0.0028262
0.00233673
0.00186179
0.0013783
0.000876493
0.000376202
-0.000123636
-0.000329398
-0.000550641
-0.000770822
-0.000875773
-0.000910094
-0.000948142
-0.000552405
0.000830891
0.00216019
0.00349094
0.00361942
0.00367827
0.00374074
0.00337663
0.00275145
0.00214077
0.00158631
0.00116084
0.000728989
0.000297937
6.71736e-05
-0.000173927
-0.000414226
-0.000634928
-0.000843513
-0.00105252
-0.00119146
-0.00117113
-0.0011592
-0.00114684
-0.000715477
-0.000260053
0.000193628
0.000721369
0.00129428
0.00186421
0.00205397
0.00137784
0.000747754
0.00011592
-0.000295656
-0.000718315
-0.00113995
-0.0013623
-0.00146227
-0.00156853
-0.00164759
-0.0016656
-0.00168678
-0.00170776
-0.00166551
-0.00161957
-0.00157386
-0.0013884
-0.00111725
-0.000850832
-0.00057501
-0.000277968
1.76657e-05
0.000313066
0.000133865
-7.32716e-05
-0.00027875
-0.000574223
-0.000924792
-0.00127215
-0.00155399
-0.00157773
-0.00161474
-0.00165103
-0.00178563
-0.00192594
-0.00206582
-0.00223269
-0.00241606
-0.00259839
-0.0026421
-0.00236988
-0.00211415
-0.00185784
-0.00125778
-0.000637737
-1.93486e-05
0.00016639
8.61363e-05
1.95567e-05
-0.000118344
-0.000535085
-0.000937174
-0.0013396
-0.00157757
-0.00180546
-0.00203364
-0.0022116
-0.00235864
-0.0025071
-0.00260105
-0.00257106
-0.00254739
-0.00252342
-0.00194426
-0.00133217
-0.000722361
-0.000415012
-0.000293869
-0.000163431
-0.000102156
-0.000197345
-0.000284535
-0.000372041
-0.000720644
-0.00108474
-0.00144768
-0.00167379
-0.00181558
-0.00196147
-0.00207776
-0.00207849
-0.00208502
-0.00209125
-0.00141431
-0.000696452
1.86335e-05
0.000203635
6.21825e-05
-6.27816e-05
-0.000267656
-0.000653059
-0.00102905
-0.00140514
-0.014688
-0.0287465
-0.0427524
-0.0567469
0.000848242
-0.00189472
-0.0016238
-0.0014781
-0.00132631
-0.00117498
-0.000565617
7.12696e-05
0.000706158
0.000852358
0.000697376
0.000557481
0.000369304
7.25242e-05
-0.000218586
-0.000509688
-0.000491865
-0.000455055
-0.000419219
4.67079e-05
0.000777524
0.00149455
0.00206089
0.00228274
0.00252134
0.00275888
0.0026541
0.00252827
0.0024036
0.00204107
0.00153205
0.00103071
0.000599466
0.000444954
0.000277027
0.000109923
0.00022208
0.000351458
0.000479867
0.00112476
0.00208798
0.00303471
0.00360289
0.00330641
0.0030524
0.00279657
0.00229191
0.0017722
0.00125372
0.000819973
0.000438691
5.52287e-05
-0.000288076
-0.000474363
-0.00066809
-0.000861269
-0.000488199
-8.00704e-05
0.000325964
0.000939499
0.00168086
0.00241531
0.00276499
0.00223642
0.00175079
0.00126355
0.00079455
0.000327089
-0.000139995
-0.000458564
-0.000685305
-0.00091625
-0.00113105
-0.00130974
-0.00149
-0.00167001
-0.00173975
-0.00180248
-0.0018655
-0.00162002
-0.00118405
-0.000757633
-0.000235574
0.00066358
0.00154383
0.00242414
0.00165187
0.000775843
-9.43887e-05
-0.000575261
-0.000815172
-0.00106634
-0.00125386
-0.00129758
-0.0013481
-0.00139825
-0.00149782
-0.00160045
-0.00170283
-0.00175459
-0.00177504
-0.00179696
-0.00183819
-0.00195606
-0.00207019
-0.00218438
-0.00209443
-0.00199158
-0.00188942
-0.00185181
-0.00185414
-0.00185459
-0.00189427
-0.00202336
-0.00214812
-0.00227296
-0.00229331
-0.00230697
-0.00232094
-0.00230065
-0.00225919
-0.00221876
-0.00218946
-0.00218567
-0.00218068
-0.00217575
-0.00220652
-0.00223956
-0.00227247
-0.00239564
-0.00257464
-0.00275086
-0.00288934
-0.00287868
-0.002875
-0.002871
-0.00285683
-0.00284202
-0.00282725
-0.00283284
-0.00285102
-0.00286861
-0.00290903
-0.0030016
-0.00309166
-0.00318175
-0.00315144
-0.00311338
-0.00307572
-0.00306249
-0.00306441
-0.00306563
-0.0030551
-0.00299803
-0.00294316
-0.00288825
-0.00297972
-0.00308059
-0.00318093
-0.00322997
-0.0032472
-0.00326588
-0.00328999
-0.00332669
-0.00336277
-0.00339885
-0.00341462
-0.00342905
-0.00344354
-0.0034647
-0.00348998
-0.00351506
-0.00355243
-0.00361793
-0.00368207
-0.00374622
-0.00376843
-0.0037879
-0.00380747
-0.00344704
-0.00285111
-0.0022665
-0.0018768
-0.00225783
-0.00260331
-0.0029501
-0.00276773
-0.00255094
-0.0023359
-0.00197354
-0.00151997
-0.00107097
-0.000686514
-0.000449559
-0.000206115
3.68137e-05
-0.000326613
-0.000729506
-0.00113024
-0.000694985
0.000258881
0.00118838
0.00185944
0.00150722
0.00120162
0.000894186
0.00152908
0.00222544
0.0029184
0.00313314
0.00305093
0.00298219
0.00324212
0.00425484
0.00523275
0.00621134
0.00657748
0.00690293
0.00722992
0.00744704
0.00759594
0.00774777
0.00781869
0.00770512
0.00759993
0.00749445
0.00717112
0.00683363
0.00649707
0.00634852
0.00631681
0.0062799
0.00619187
0.0059007
0.00561885
0.00533684
0.00535434
0.0053917
0.00542815
0.0054889
0.0055647
0.00563977
0.00562773
0.00541652
0.00521435
0.00501196
0.00498935
0.00497872
0.00496757
0.0048228
0.00459502
0.00437112
0.00422421
0.00438177
0.00452572
0.00467014
0.00502902
0.00540195
0.00577392
0.00572739
0.00542068
0.00512571
0.00486003
0.0046622
0.00446155
0.00426121
0.00427385
0.00430074
0.00432698
0.00383775
0.00302808
0.0022332
0.00163819
0.00150097
0.00134379
0.00118763
0.00137371
0.00158264
0.00179039
0.00158871
0.00113237
0.00068757
0.000305796
0.00017407
3.1539e-05
-0.000110396
9.64109e-05
0.00032655
0.00055547
0.000502209
0.000273342
5.23186e-05
-0.000186399
-0.000465063
-0.000741748
-0.00101828
-0.000996786
-0.000955181
-0.000914484
-0.000758155
-0.000529924
-0.000305007
-0.0001638
-0.000353579
-0.000528865
-0.000704626
-0.000720967
-0.000726499
-0.000732494
-0.000784802
-0.000865943
-0.00094577
-0.00102751
-0.00111359
-0.00119941
-0.00128517
-0.00133925
-0.00139113
-0.00144306
-0.00147071
-0.00148322
-0.00149637
-0.0015158
-0.00154967
-0.0015829
-0.00161612
-0.00159765
-0.00157568
-0.00155387
-0.00154683
-0.00154899
-0.00155075
-0.00157665
-0.00169794
-0.00181506
-0.00193225
-0.00199461
-0.00205318
-0.00211186
-0.00211776
-0.00209077
-0.00206521
-0.00207779
-0.00217779
-0.00227398
-0.00237026
-0.00239732
-0.00241962
-0.0024421
-0.00235098
-0.00218906
-0.00203029
-0.00190007
-0.00188295
-0.00186105
-0.00183937
-0.00189275
-0.00195124
-0.00200947
-0.00208304
-0.00216614
-0.00224877
-0.00230413
-0.0022971
-0.0022927
-0.0022882
-0.0022928
-0.00229802
-0.00230322
-0.00232449
-0.00235577
-0.00238661
-0.00241901
-0.00245495
-0.00249072
-0.00252646
-0.00240408
-0.00227087
-0.00213822
-0.00198737
-0.00182522
-0.00166367
-0.00156847
-0.00173543
-0.00189128
-0.00204746
-0.00207922
-0.00210235
-0.00212582
-0.00215534
-0.00218862
-0.00222171
-0.00228171
-0.00240331
-0.00252224
-0.00264118
-0.00250796
-0.00235735
-0.00220759
-0.00217513
-0.00221591
-0.00225362
-0.00228563
-0.00229467
-0.00230466
-0.0023146
-0.00238334
-0.0024561
-0.00252865
-0.00249197
-0.0023871
-0.00228514
-0.00216546
-0.00200537
-0.00184708
-0.00168885
-0.00144858
-0.00120276
-0.000957384
-0.000994099
-0.00120702
-0.00141251
-0.00139092
-0.000848773
-0.000328492
0.000192259
1.18792e-05
-0.000217357
-0.000444397
-0.000764282
-0.00114203
-0.00151709
-0.00178494
-0.00162911
-0.00149076
-0.00135181
-0.000971772
-0.000575117
-0.000179466
4.70976e-05
0.000167898
0.000292922
0.000514924
0.000959616
0.00139486
0.00183012
0.00193928
0.00202545
0.00211249
0.00241274
0.00284622
0.00327392
0.00364973
0.00382027
0.00399903
0.0041773
0.00413501
0.00407722
0.00402011
0.00417323
0.00445779
0.00473679
0.00491669
0.00486929
0.00483113
0.00479263
0.00506426
0.00535757
0.00564976
0.00560825
0.00535799
0.00511636
0.00501244
0.00522461
0.00542387
0.00562348
0.005588
0.00553592
0.00548455
0.00547386
0.00548865
0.00550241
0.00549632
0.00541157
0.00533004
0.00524845
0.00517459
0.00510133
0.00502811
0.00486531
0.00464649
0.0044301
0.00435103
0.00458667
0.00480952
0.00503271
0.00498631
0.0049208
0.0048561
0.00472565
0.00455409
0.00438431
0.00428217
0.00444758
0.00460221
0.00475714
0.00470673
0.00464175
0.0045774
0.00442198
0.00420961
0.00399966
0.0038723
0.0039342
0.00398854
0.00404313
0.00402573
0.00400321
0.0039809
0.0040623
0.00420862
0.00435226
0.00443243
0.00436703
0.00430744
0.00424767
0.00410659
0.0039598
0.00381336
0.0036453
0.00346377
0.00328291
0.00318056
0.00338862
0.00358429
0.0037803
0.00365535
0.00350749
0.00336065
0.00315206
0.00290487
0.00265939
0.00248694
0.00260329
0.00270822
0.00281352
0.00289949
0.00298401
0.00306852
0.0029352
0.00266541
0.00240116
0.00222811
0.00241637
0.00259036
0.00276478
0.00273785
0.00269645
0.00265565
0.00259769
0.00252902
0.00246082
0.00241795
0.0024753
0.0025287
0.00258222
0.00259433
0.00260345
0.00261268
0.00257306
0.00250281
0.0024338
0.00237495
0.00235633
0.00233617
0.00231609
0.00218617
0.0020484
0.00191104
0.00200975
0.00225651
0.00249735
0.00267161
0.00258192
0.00250249
0.00242272
0.00207787
0.00171407
0.00135127
0.0015455
0.00208918
0.00261898
0.00301765
0.00289621
0.00279488
0.00269284
0.00244837
0.00219372
0.00193966
0.00225335
0.00292326
0.003579
0.00390729
0.00293847
0.0020201
0.00110049
0.00122055
0.00141611
0.00160864
0.00170177
0.00173242
0.00176542
0.0018277
0.00200628
0.00218028
0.00235433
0.00201545
0.00163942
0.0012651
0.00118491
0.00128943
0.00138684
0.00143226
0.00127092
0.00111757
0.000964029
0.00104894
0.0011512
0.00125272
0.0014193
0.00162667
0.00183233
0.00194478
0.00168831
0.00144601
0.00120336
0.001412
0.00165352
0.00189361
0.00174954
0.00136416
0.000988199
0.000747354
0.00104215
0.00131651
0.00159143
0.00174581
0.00189125
0.00203691
0.00185808
0.00147542
0.00110073
0.000804152
0.000817283
0.000818761
0.000820675
0.000735487
0.000643962
0.000552743
0.000730105
0.00107621
0.00141572
0.00159291
0.00112698
0.000685493
0.000243419
0.000695819
0.00121373
0.0017288
0.00151112
0.000832853
0.0001723
-0.000274637
0.000125602
0.000493932
0.000863177
0.000693166
0.00048352
0.000275507
0.000417761
0.00078023
0.00113423
0.0013142
0.00080441
0.000320641
-0.000163736
-0.000358997
-0.000532778
-0.000707228
-0.00039901
0.000212633
0.000812571
0.00118378
0.000648628
0.000147445
-0.000354624
0.000279233
0.000996719
0.00171058
0.00150156
0.000712022
-5.54852e-05
-0.000565765
-5.56522e-05
0.000416432
0.00088957
0.000482393
1.02306e-05
-0.000459189
-0.000167096
0.00060407
0.00135704
0.00180513
0.00104462
0.000329106
-0.000387538
0.000146803
0.000773694
0.00139673
0.00151522
0.00131611
0.00112879
0.000886239
0.000426211
-2.55152e-05
-0.000477214
0.000123593
0.000802315
0.00147769
0.001428
0.000921901
0.000432845
2.152e-07
-0.000207473
-0.000423219
-0.000638514
0.000107143
0.000923941
0.00173755
0.00168013
0.00107431
0.000488891
7.26092e-05
0.000328034
0.000558847
0.000790386
0.00053217
0.000237555
-5.55237e-05
-1.19258e-05
0.000243689
0.000491429
0.000627223
0.000318934
2.69582e-05
-0.000265397
0.000174156
0.00066817
0.00115986
0.00112021
0.000745879
0.000383917
0.000199914
0.000721933
0.00121809
0.00171482
0.00121058
0.000631664
5.58579e-05
-1.88213e-05
0.000222264
0.000451804
0.00064835
0.000713013
0.000782373
0.000851514
0.000696118
0.000523967
0.000352542
0.000594947
0.00109805
0.00159143
0.00192292
0.00161264
0.00132558
0.0010379
0.00100344
0.000988038
0.000971967
0.000730185
0.000346204
-3.24188e-05
-0.00026843
6.0559e-05
0.000369134
0.000678218
0.00052473
0.000336503
0.00014965
-4.37735e-05
-0.000241259
-0.000438458
-0.000438199
0.000344066
0.00109794
0.0018523
0.0012735
0.000594483
-8.04846e-05
-3.43979e-05
0.000466359
0.00095062
0.00126676
0.000915407
0.000587975
0.000259928
-7.173e-05
-0.000403455
-0.000734943
-0.000592265
-0.00015062
0.000280137
0.000543305
0.000141767
-0.000236
-0.000614339
-0.000535919
-0.000422976
-0.000311332
-0.000245952
-0.000209799
-0.00017264
-0.000115238
2.26084e-05
0.000157525
0.000292449
6.00035e-06
-0.000312218
-0.000629095
-0.000522557
-0.000148911
0.000215091
0.000478678
0.000343748
0.000222897
0.000101637
-0.000330311
-0.000785586
-0.00123972
-0.00105111
-0.000456955
0.000122586
0.000618289
0.00078092
0.000955084
0.00112872
0.000709538
0.000245519
-0.000216611
-0.000556097
-0.000818061
-0.00108255
-0.00107645
1.05754e-06
0.00104049
0.00208051
0.00141905
0.000628368
-0.00015727
-0.000460472
-0.000458974
-0.000468067
-0.000420194
-0.000148047
0.000116124
0.000380388
-6.43224e-05
-0.00056286
-0.00105918
-0.000670248
0.000277536
0.00120531
0.00180591
0.001109
0.000457462
-0.000195191
-0.000242865
-0.000244275
-0.000247283
-5.51164e-05
0.000260212
0.000571072
0.000755833
0.000440837
0.000143292
-0.000154649
-0.000156338
-0.000135349
-0.000115155
0.00031655
0.00100803
0.00169011
0.00205682
0.00117369
0.000334111
-0.000506384
-0.000338527
-9.34684e-05
0.000148773
0.00044343
0.000771065
0.00109735
0.00129465
0.000981194
0.000685449
0.000389301
0.00110886
0.00190598
0.00269989
0.00245987
0.00156659
0.000696233
-4.688e-05
-0.000284278
-0.000538774
-0.000792513
-0.000210807
0.000434796
0.00107778
0.00102264
0.000526298
4.53115e-05
-0.000370399
-0.000526255
-0.000690842
-0.000855021
-0.000164396
0.000591649
0.00134496
0.00122003
0.000539975
-0.000120779
-0.000587287
-0.000282521
-4.10732e-06
0.000275011
0.000661085
0.00105518
0.00144874
0.00109494
0.000268759
-0.000540887
-0.00113372
-0.000866498
-0.000628509
-0.000389693
-0.000181452
2.43061e-05
0.000230009
0.000116378
-0.000199135
-0.000507631
-0.000689036
-0.000366294
-6.07428e-05
0.000245181
0.000253566
0.000238929
0.000225076
-6.97096e-05
-0.00054207
-0.00100815
-0.00128859
-0.000833204
-0.000402813
2.81288e-05
-0.000292106
-0.000670346
-0.00104639
-0.00125045
-0.00134564
-0.0014444
-0.0013428
-0.000447509
0.000420641
0.00128912
0.0009939
0.000608571
0.000226509
-0.00922845
-0.0244209
-0.0394119
-0.000103534
-0.00156073
-0.0016581
-0.00180072
-0.00144661
-0.00105428
-0.000663489
-0.000506117
-0.000496508
-0.00048199
-0.000536867
-0.000866194
-0.00118618
-0.00150627
-0.00134987
-0.00115648
-0.000964447
-0.000819888
-0.000705436
-0.000590062
-0.000569261
-0.000923079
-0.00126426
-0.00160563
-0.00156502
-0.00149468
-0.00142536
-0.00114438
-0.000729511
-0.000319337
-8.66494e-05
-0.000557502
-0.00100482
-0.00145263
-0.000969142
-0.000413272
0.000139846
8.77862e-05
-0.000347442
-0.000769767
-0.00100836
-0.00051756
-5.10787e-05
0.000415896
-9.46808e-05
-0.000681342
-0.00126512
-0.00102545
-0.000264371
0.000479092
0.000969805
0.000457452
-2.16767e-05
-0.000501581
-0.000271625
1.3739e-05
0.000297102
0.000326793
0.000195787
7.01231e-05
3.05847e-05
0.000333015
0.000624073
0.000915312
0.000679961
0.000403486
0.000128534
8.38414e-05
0.000185038
0.000281411
0.000394089
0.000570982
0.000745668
0.000920312
0.000599459
0.000239916
-0.000118135
-0.000406927
-0.000651747
-0.000897837
-0.000977113
-0.000395521
0.000164237
0.00072434
0.000454029
0.000118632
-0.000214437
-0.000381131
-0.00044232
-0.000506888
-0.000435502
0.00017447
0.000766618
0.00135896
0.00109974
0.000773679
0.000449988
0.000210436
2.4307e-05
-0.000163427
-0.000285647
-0.000148626
-2.00557e-05
0.000108704
0.000324415
0.000546854
0.000768932
0.000632753
0.000269524
-8.61645e-05
-0.000317537
-5.55991e-05
0.000190308
0.000436572
0.000809741
0.00119271
0.00157511
0.00127843
0.000551305
-0.000161546
-0.000750569
-0.000848031
-0.000961186
-0.00107376
-0.00073291
-0.000356432
1.86635e-05
4.4524e-05
-0.000151079
-0.000339474
-0.000563841
-0.000930315
-0.00129201
-0.00165363
-0.00111552
-0.000506543
9.97798e-05
5.13639e-05
-0.000412295
-0.000862421
-0.00125061
-0.00139231
-0.00154176
-0.00169088
-0.00117328
-0.000603172
-3.51001e-05
0.000104867
-2.67606e-05
-0.000149675
-0.000350374
-0.000858723
-0.00135698
-0.00185525
-0.00193268
-0.00197671
-0.00202176
-0.00204971
-0.00206681
-0.00208425
-0.0019824
-0.00140752
-0.00084798
-0.000288304
-0.000550963
-0.000878759
-0.00120429
-0.0015126
-0.00180988
-0.00210732
-0.00235267
-0.002392
-0.0024378
-0.00248337
-0.00256847
-0.00265666
-0.0027447
-0.00271602
-0.00261327
-0.00251292
-0.0024169
-0.00233813
-0.00225887
-0.00217968
-0.00239452
-0.00263264
-0.00286988
-0.00299851
-0.00305815
-0.00311992
-0.00317342
-0.0031945
-0.00321659
-0.00323863
-0.00325041
-0.00326136
-0.00327233
-0.00328141
-0.00328931
-0.00329723
-0.00331904
-0.00339594
-0.00347108
-0.00354622
-0.00358384
-0.00361844
-0.00365312
-0.00369373
-0.00373809
-0.00378232
-0.0038081
-0.00376078
-0.00371577
-0.00367072
-0.00374541
-0.00382963
-0.00391351
-0.00394145
-0.00393387
-0.0039274
-0.00392406
-0.0039333
-0.00394214
-0.00395099
-0.00398777
-0.00402676
-0.00406566
-0.00409232
-0.00411119
-0.0041303
-0.00413993
-0.00411208
-0.0040854
-0.0040587
-0.0040818
-0.00410888
-0.00413582
-0.00416114
-0.00418543
-0.00420974
-0.00423194
-0.00424586
-0.00426002
-0.00427416
-0.00424539
-0.0042132
-0.00418113
-0.00418134
-0.00420205
-0.00422212
-0.00424196
-0.00425978
-0.00427764
-0.0042955
-0.00430632
-0.00428929
-0.00427313
-0.00425696
-0.00425903
-0.0042651
-0.00427105
-0.00428766
-0.00431459
-0.00434119
-0.00436778
-0.00439436
-0.00442092
-0.00444747
-0.004474
-0.0044506
-0.00437886
-0.00430864
-0.00425228
-0.00432033
-0.00438454
-0.00444883
-0.00445161
-0.00444091
-0.00443064
-0.0044326
-0.00444644
-0.00445991
-0.00446632
-0.00440935
-0.00435434
-0.00429931
-0.00431961
-0.00435642
-0.0043927
-0.0044141
-0.00442105
-0.00442844
-0.00443371
-0.00442024
-0.00440734
-0.00439443
-0.00442715
-0.00446988
-0.00451228
-0.00452991
-0.00452355
-0.00451791
