0
0.0148811
0.0133525
0.0132292
0.0129893
0.0128018
0.0126384
0.0124732
0.0125101
0.0130003
0.0134522
0.0139065
0.013541
0.0131528
0.0127671
0.0121588
0.0114213
0.0106956
0.0101717
0.010102
0.00999508
0.00989141
0.00996882
0.0100313
0.0100949
0.0101938
0.0103134
0.0104311
0.010334
0.00975408
0.00921434
0.00867221
0.00874498
0.00876777
0.00879457
0.00874951
0.00866272
0.00857944
0.00842334
0.00810392
0.00779819
0.00749186
0.00768885
0.00790085
0.00811131
0.00775346
0.00706338
0.00640104
0.0059135
0.005823
0.00570087
0.00558147
0.00607294
0.00658269
0.00709017
0.00708127
0.00676993
0.00648315
0.00634557
0.00654769
0.00672253
0.00689925
0.00680643
0.00670523
0.00660484
0.00684231
0.00727772
0.00769682
0.00776166
0.00702688
0.00635623
0.00568159
0.00576484
0.00578843
0.00581666
0.00610893
0.00655621
0.00699065
0.00709321
0.00644705
0.00586039
0.00527001
0.00515365
0.00500052
0.0048505
0.00483909
0.00490926
0.00497299
0.00500427
0.00496145
0.00492445
0.00488705
0.00432524
0.00374663
0.00317021
0.00294271
0.00292058
0.00288265
0.00304347
0.00364913
0.00421964
0.00479198
0.00501989
0.00523577
0.00545223
0.00535483
0.0050728
0.00480532
0.00471436
0.00502329
0.00530121
0.00558108
0.00555688
0.00552218
0.00548833
0.00515029
0.00463324
0.00413057
0.00365378
0.00323686
0.00281604
0.00239615
0.00232376
0.00222521
0.00212879
0.00253547
0.00323875
0.00391862
0.00419124
0.00354281
0.00296462
0.00238201
0.00208392
0.00176492
0.00144798
0.00127091
0.00117661
0.00107626
0.00145687
0.00292101
0.0043021
0.00568733
0.0052371
0.00472068
0.00420996
0.00345895
0.00256661
0.00168609
0.000989102
0.000706456
0.000393536
8.33198e-05
-0.000161078
-0.000402699
-0.000644169
-0.000433097
4.55336e-05
0.000503742
0.000968823
0.00144681
0.00192314
0.0023989
0.00182468
0.00121183
0.000602712
9.145e-05
-0.000361451
-0.000817958
-0.00109876
-0.000984478
-0.000899202
-0.000811934
0.00109878
0.0028739
0.00465631
0.00475399
0.00385373
0.00302724
0.00215306
0.00118209
0.000219531
-0.000742241
-0.00113819
-0.00157447
-0.00200722
-0.00213167
-0.00207305
-0.00202772
-0.00141678
0.000469281
0.00226089
0.00405671
0.00414666
0.00416986
0.00419781
0.00364278
0.00274219
0.00186762
0.0011181
0.000653696
0.000169594
-0.000312411
-0.00068151
-0.00104565
-0.00140963
-0.0015324
-0.00151181
-0.00150143
-0.00130055
-0.000670958
-7.26639e-05
0.000527
0.00214566
0.00380316
0.00545557
0.00545872
0.00448092
0.00357373
0.00273913
0.00207848
0.00140652
0.000736289
0.000687761
0.000595611
0.000506654
0.000484771
0.000502966
0.000518327
0.000688563
0.00120843
0.00170313
0.00219889
0.00278095
0.00335618
0.00393109
0.0036916
0.00296712
0.0022774
0.00154794
0.000732989
-7.48964e-05
-0.000882151
-0.00126551
-0.00163077
-0.00199677
-0.00226282
-0.00246918
-0.00267939
-0.00231424
-0.000649055
0.000924179
0.00250158
0.00264803
0.00273415
0.0028243
0.00221302
0.00118372
0.000184523
-0.000681275
-0.00124236
-0.00182354
-0.00240256
-0.00265272
-0.00288858
-0.00312509
-0.00324209
-0.00328771
-0.00333813
-0.00280233
-0.000941148
0.000827337
0.00259972
0.00197802
0.00151971
0.00105093
0.000480745
-0.000150245
-0.000776264
-0.0013827
-0.00194519
-0.00250988
-0.00307366
-0.00331536
-0.00357845
-0.00383974
-0.00404592
-0.00421898
-0.00439402
-0.00455754
-0.00469559
-0.00483517
-0.00497446
-0.00506288
-0.00514896
-0.00523508
-0.00529798
-0.00534695
-0.00539679
-0.00541243
-0.00535087
-0.00529455
-0.00523795
-0.00500739
-0.0047694
-0.00453221
-0.0033566
-0.00161948
7.8072e-05
0.0011082
0.000624047
0.000240816
-0.000148588
-0.000808108
-0.001479
-0.00214825
-0.00260191
-0.00292607
-0.00325834
-0.00354352
-0.0037239
-0.00391094
-0.0040973
-0.00409395
-0.00410307
-0.00411136
-0.00406864
-0.0039953
-0.00392406
-0.00356184
-0.00254073
-0.00156402
-0.000585682
6.11764e-05
0.000728814
0.00139423
0.001309
0.000773134
0.000267285
0.000141828
0.000881837
0.00156469
0.00225036
0.00231286
0.00234659
0.00238214
0.00205624
0.00151344
0.000985367
0.000458561
-6.40617e-05
-0.00058628
-0.00110785
-0.0015016
-0.00188894
-0.0022762
-0.00241743
-0.00241069
-0.00241347
-0.00174335
0.000450376
0.00254363
0.00464063
0.00418353
0.00360714
0.00303911
0.00220988
0.00122423
0.000249818
-0.000616228
-0.00123661
-0.00187186
-0.00250534
-0.00267861
-0.00288092
-0.00308113
-0.00308425
-0.00296865
-0.00286073
-0.00199661
0.000581057
0.003047
0.0055169
0.0048107
0.00430602
0.00378927
0.00314585
0.0024259
0.00171169
0.00115583
0.000958713
0.000739282
0.000521531
0.00181375
0.00317721
0.0045345
0.00516661
0.0053611
0.00558275
0.00558886
0.00511042
0.00466286
0.00421394
0.004289
0.0043894
0.00448808
0.0047091
0.00500374
0.00529343
0.00548639
0.00545969
0.00544667
0.00543281
0.00546679
0.00549776
0.00552888
0.00529718
0.00490695
0.004527
0.0041733
0.00387999
0.00358332
0.00328722
0.00384744
0.00435421
0.00486364
0.00467503
0.00406502
0.00348166
0.00300527
0.00277448
0.00252891
0.00228454
0.00225062
0.00222719
0.00220316
0.00314555
0.00467156
0.00616005
0.00692863
0.00606031
0.00529285
0.00452019
0.00337692
0.00225759
0.00113817
0.000367732
-0.000191377
-0.000762638
-0.00118846
-0.00128677
-0.00140481
-0.00152151
0.00028339
0.00218323
0.00407504
0.00492357
0.00514018
0.00539467
0.00515528
0.00380032
0.00251419
0.00122547
0.000684658
9.9526e-05
-0.000482239
-0.0008858
-0.00118117
-0.00148268
-0.00154529
-0.00106673
-0.000621148
-0.000174127
0.00136482
0.00283666
0.00431075
0.00420919
0.00315321
0.00215541
0.00123513
0.000497421
-0.00025028
-0.000996497
-0.00135
-0.0016829
-0.00201663
-0.00224524
-0.00241009
-0.00257851
-0.00212557
-0.000261896
0.00151609
0.00329705
0.00322287
0.00325836
0.00328733
0.00278949
0.00197207
0.00117445
0.000435497
-0.000168706
-0.000780124
-0.0013904
-0.00179171
-0.00218169
-0.00257188
-0.00238042
-0.00183606
-0.001313
-0.000506685
0.000941191
0.00234986
0.00375917
0.00250814
0.00141389
0.000311758
-0.00043768
-0.00097297
-0.00152011
-0.00197649
-0.00222908
-0.00249323
-0.0027564
-0.00286761
-0.00298752
-0.00310678
-0.00314711
-0.00313944
-0.00313456
-0.0026322
-0.000999477
0.000566023
0.0021336
0.00175883
0.00128109
0.000809841
9.56395e-05
-0.000765733
-0.00161764
-0.00230958
-0.00263788
-0.00298671
-0.00333395
-0.00350796
-0.0036917
-0.00387468
-0.00402666
-0.0041597
-0.00429368
-0.00436307
-0.00428598
-0.00421735
-0.00414831
-0.00357777
-0.00298078
-0.00238598
-0.00151822
-0.000484772
0.000538074
0.0011234
0.000713923
0.000361439
6.11856e-06
-0.000174026
-0.000363903
-0.000553013
-0.000917619
-0.00138892
-0.00185365
-0.00221539
-0.00234272
-0.00248315
-0.00262268
-0.000760982
0.000985743
0.00273698
0.00346251
0.00356303
0.00369861
0.00368788
0.00334915
0.00302922
0.00270859
0.00274802
0.00280715
0.00286511
0.00280186
0.0026647
0.00253183
0.00254531
0.00289206
0.00321982
0.00354826
0.00354437
0.00355901
0.0035726
0.00357844
0.00357949
0.00358082
0.00364
0.00383087
0.00401422
0.00419778
0.00401567
0.00381345
0.00361258
0.00332925
0.00299577
0.00266543
0.0025525
0.00293424
0.00328822
0.00364334
0.00385872
0.00408156
0.00430375
0.00392096
0.00316896
0.0024381
0.00215093
0.00287521
0.00354313
0.0042134
0.00384338
0.00353083
0.00321547
0.00262262
0.00186039
0.00110828
0.000489399
0.000174015
-0.000157609
-0.000487983
0.00104818
0.00268808
0.00432054
0.00501132
0.00512611
0.00527214
0.00497956
0.00369265
0.00246118
0.00122803
0.000690744
0.000116286
-0.000455534
-0.000908737
-0.00128916
-0.00167311
-0.00196502
-0.00204838
-0.00214293
-0.00223677
-0.00141437
-0.000540553
0.000329544
0.001046
0.00166808
0.00229457
0.00242597
0.00143141
0.000498447
-0.000436822
-0.00090446
-0.0013967
-0.00188709
-0.00224217
-0.00251425
-0.00279049
-0.00303068
-0.00318969
-0.00335287
-0.00351566
-0.00358678
-0.00366273
-0.00373833
-0.00371257
-0.00362474
-0.00354031
-0.00348192
-0.00348318
-0.00348126
-0.00347951
-0.002317
-0.00108846
0.000135273
0.000141659
-0.000597853
-0.00129705
-0.00195239
-0.00250379
-0.00306011
-0.00361558
-0.00373977
-0.0038866
-0.00403209
-0.00408341
-0.00407695
-0.00407354
-0.00410532
-0.00421765
-0.00432562
-0.0044337
-0.00452045
-0.00460587
-0.00469128
-0.00474319
-0.00477454
-0.00480694
-0.00485974
-0.0049592
-0.00505611
-0.00515305
-0.00522835
-0.0053047
-0.00538092
-0.0053342
-0.00521207
-0.005094
-0.00493046
-0.0046636
-0.0044024
-0.00414117
-0.00394942
-0.00376193
-0.00357442
-0.00308014
-0.00239777
-0.00172586
-0.00125346
-0.00123613
-0.00119524
-0.00115562
-0.00105979
-0.000960736
-0.000861948
-0.00056261
-0.000140251
0.000275321
0.000503014
-1.06526e-05
-0.000485575
-0.000962005
-0.00120334
-0.00143048
-0.00165811
-0.00181631
-0.00193182
-0.00204941
-0.00168373
-0.000216704
0.00119234
0.00260291
0.00268596
0.00268964
0.00269738
0.00268669
0.00266481
0.00264353
0.00264439
0.00273271
0.00281649
0.00290041
0.00319969
0.00351162
0.00382259
0.0038224
0.00363088
0.00344928
0.0033318
0.00336147
0.00338364
0.00340617
0.0036686
0.00394526
0.00422092
0.0044006
0.00452117
0.0046446
0.00474118
0.004777
0.00481586
0.00485452
0.00488745
0.00492
0.00495253
0.00482348
0.00459504
0.00437183
0.00418589
0.00414743
0.0041016
0.00405618
0.00425722
0.00447307
0.00468796
0.00467757
0.00452849
0.00438649
0.00421953
0.00399625
0.003776
0.00355582
-0.010879
-0.0261685
-0.0414
-0.0566192
0.00705307
0.00390206
0.00407705
0.00406631
0.00406482
0.00406287
0.00393895
0.00380767
0.00367688
0.00359763
0.00355018
0.00350119
0.00341866
0.00325936
0.00310401
0.00294862
0.00320172
0.00347972
0.00375622
0.00392297
0.00402199
0.00412426
0.00410913
0.00382663
0.00355759
0.00328814
0.00351195
0.00376603
0.00401836
0.00415396
0.00421749
0.0042845
0.00431988
0.00423132
0.00414892
0.00406629
0.00401181
0.00395911
0.00390638
0.00397462
0.00411745
0.0042565
0.00429089
0.00408616
0.00389329
0.00370003
0.00398529
0.00430009
0.00461314
0.0044736
0.00405477
0.00364993
0.00333766
0.00339241
0.00342929
0.00346701
0.00302321
0.00254971
0.00207811
0.00167115
0.00130428
0.000935834
0.000931753
0.00175884
0.00254497
0.00333232
0.00346747
0.0035616
0.00365762
0.00318654
0.00236546
0.00156202
0.000877178
0.000464064
3.82836e-05
-0.000386479
-0.000633079
-0.000868248
-0.00110374
-0.00124407
-0.00132557
-0.00140982
-0.0011603
0.000406564
0.0019089
0.00341288
0.0036547
0.00381659
0.00398214
0.00353898
0.00271989
0.00191952
0.00118991
0.000622979
4.8839e-05
-0.000524412
-0.000733373
-0.000919056
-0.00110567
-0.00132046
-0.00155264
-0.00178377
-0.0019495
-0.00185738
-0.00177757
-0.00169725
-0.00015913
0.00147046
0.00309417
0.00364464
0.00353098
0.00344879
0.00323556
0.00272637
0.00223163
0.00173666
0.000895201
3.23178e-05
-0.000828744
-0.0012125
-0.00130078
-0.00140287
-0.00150867
-0.00162456
-0.00173987
-0.0018551
-0.00201703
-0.00218181
-0.00234631
-0.00249769
-0.0026409
-0.00278436
-0.00293028
-0.00308643
-0.00324195
-0.00339735
-0.00343039
-0.00345553
-0.00348101
-0.0035268
-0.00358515
-0.00364287
-0.00370658
-0.00378401
-0.00386073
-0.00393741
-0.00395162
-0.00396179
-0.00397214
-0.00398061
-0.00398792
-0.00399528
-0.00400269
-0.00401031
-0.00401792
-0.00402553
-0.00405709
-0.00409018
-0.00412317
-0.00421324
-0.00433865
-0.00446231
-0.00457134
-0.00464693
-0.00472398
-0.00480089
-0.00489004
-0.00497991
-0.00506967
-0.00509247
-0.00507376
-0.00505698
-0.00503823
-0.00501518
-0.00499235
-0.00496953
-0.00498489
-0.00500273
-0.00502043
-0.00488431
-0.00465285
-0.00442595
-0.004227
-0.00413864
-0.0040453
-0.00395229
-0.00387178
-0.00379216
-0.00371257
-0.00369601
-0.00371854
-0.00373927
-0.00364865
-0.00330336
-0.00296996
-0.00263633
-0.00231954
-0.00200412
-0.00168891
-0.00127174
-0.000791436
-0.000314426
0.000123325
0.00040662
0.000696647
0.000986108
0.00103614
0.00107038
0.00110531
0.00114345
0.00118361
0.00122364
0.00117097
0.000906396
0.00065161
0.000396612
0.000905402
0.00146418
0.0020202
0.00270169
0.00346079
0.00421572
0.00463172
0.00427318
0.0039497
0.00362494
0.00351249
0.00341417
0.00331531
0.00357209
0.00404964
0.0045169
0.00480925
0.00440968
0.00404135
0.00367195
0.00319102
0.00270306
0.00221585
0.00255269
0.00340139
0.00422656
0.00450237
0.00352035
0.00259511
0.00166817
0.00167492
0.00174382
0.0018099
0.00183725
0.00184043
0.00184469
0.00202956
0.00292863
0.0037953
0.00466264
0.00492393
0.00514454
0.00536676
0.0057035
0.00611138
0.00651576
0.00649603
0.0055063
0.00456017
0.00361295
0.00324351
0.00291305
0.00258116
0.0025725
0.00276481
0.00294812
0.00294055
0.00249564
0.00207031
0.00164448
0.00228138
0.00298915
0.0036932
0.00364163
0.00311993
0.00261925
0.00207333
0.00135094
0.000636896
-7.68943e-05
0.000430775
0.00102032
0.00160579
0.00194057
0.00211916
0.00230439
0.00212193
0.00109908
0.000113662
-0.000872526
-0.00105656
-0.00118627
-0.00131822
-0.0013993
-0.00144874
-0.00149952
-0.0015471
-0.00158243
-0.00161826
-0.00165403
-0.00178297
-0.00191812
-0.00205288
-0.00214592
-0.00221293
-0.00228102
-0.00235369
-0.00243706
-0.00251989
-0.00260267
-0.00263726
-0.00266855
-0.00269996
-0.00275245
-0.00281806
-0.00288305
-0.00295119
-0.00302655
-0.00310155
-0.00317649
-0.00323249
-0.00328715
-0.00334183
-0.0031037
-0.00268322
-0.00227091
-0.00192754
-0.00185719
-0.00177523
-0.00169383
-0.00221919
-0.00278558
-0.00334974
-0.00362431
-0.00371828
-0.00381985
-0.00390316
-0.00394553
-0.00398961
-0.00403358
-0.00406142
-0.00408813
-0.00411486
-0.00375214
-0.00314675
-0.00255217
-0.00202148
-0.00174382
-0.00145566
-0.0011682
-0.00102528
-0.000892397
-0.000759201
-0.000680714
-0.000636355
-0.000590592
-0.000367979
0.000259682
0.000869723
0.00147999
0.00188288
0.00227119
0.00265979
0.00260939
0.00228519
0.00197278
0.00165707
0.00133461
0.0010127
0.000691035
0.00144363
0.00226979
0.00309218
0.00369616
0.0041636
0.00463638
0.00491686
0.00443881
0.0039929
0.00354602
0.00321813
0.00289871
0.00257921
0.00231539
0.0020864
0.00185615
0.00165253
0.00150953
0.00136413
0.00121894
0.00202011
0.00288632
0.0037491
0.00395705
0.00375607
0.00357224
0.00332478
0.00282799
0.00234196
0.00185589
0.00174561
0.00166155
0.00157648
0.00146441
0.00133549
0.00120737
0.00122464
0.00157481
0.00191092
0.00224735
0.00191742
0.0015413
0.00116739
0.00106362
0.00112866
0.0011867
0.00141378
0.00202744
0.00262469
0.00322212
0.00275388
0.00221152
0.00167265
0.00109685
0.000498237
-9.89496e-05
-0.000479468
-3.96881e-06
0.000436058
0.000877178
0.00112357
0.00135614
0.00158909
0.00228214
0.00326256
0.00423044
0.00455981
0.00342639
0.00235361
0.00127923
0.00121863
0.00122925
0.00123696
0.0011936
0.00111823
0.00104423
0.000996897
0.0010551
0.00110897
0.00116298
0.000820354
0.000450069
8.12068e-05
0.00027685
0.000825465
0.00135933
0.00176332
0.00186894
0.00198655
0.00210359
0.00241035
0.00273026
0.00304939
0.00258666
0.001635
0.000703843
9.66407e-05
0.000232621
0.000338524
0.000445554
0.00114336
0.00188244
0.00261926
0.00233081
0.00140091
0.000497554
-0.000126347
0.000357759
0.000796978
0.00123765
0.00147982
0.00170775
0.00193607
0.00153895
0.000750532
-2.15827e-05
-0.000608268
-0.000769327
-0.000947283
-0.00112442
-0.000455164
0.000273736
0.000999673
0.00118559
0.00103333
0.000894694
0.000752813
0.00059995
0.000447646
0.00029544
0.00057546
0.000886051
0.00119518
0.00126989
0.00119776
0.00113153
0.00102472
0.000825388
0.000629889
0.000434394
0.00066175
0.000919114
0.00117509
0.0013625
0.0015069
0.00165288
0.00181584
0.00201802
0.00221848
0.00241886
0.00196558
0.00146589
0.000968416
0.000715659
0.000616325
0.000511022
0.000450509
0.000566098
0.000674662
0.000783418
0.00129441
0.00183387
0.00237179
0.0018871
0.000761738
-0.000337591
-0.00104916
-0.000224324
0.000539615
0.00130534
0.00117378
0.000977873
0.000784644
0.000668901
0.000601825
0.000532897
0.000466034
0.000406887
0.000347486
0.00028814
-5.00621e-05
-0.000408098
-0.00076508
-0.000805682
-0.000647901
-0.000497971
-0.000366733
-0.000310361
-0.00025112
-0.000192037
-0.000373698
-0.000572595
-0.000770668
-0.000579149
-0.000143356
0.000282621
0.000544416
0.000155707
-0.000207488
-0.00057139
-0.000496633
-0.00039023
-0.000285134
0.000168901
0.000841647
0.00150542
0.00190179
0.00123966
0.000618901
-2.97132e-06
-0.000350751
-0.000678449
-0.00100667
-0.00121775
-0.0013553
-0.00149558
-0.00150006
-0.000967639
-0.000456276
5.55034e-05
0.000115123
0.000141892
0.000169903
0.000156007
0.00011585
7.67317e-05
3.87514e-05
5.34788e-06
-2.82054e-05
-6.17273e-05
0.000235765
0.000557125
0.000877325
0.000893851
0.000719735
0.000553037
0.000501346
0.00090578
0.0012925
0.00167959
0.00133932
0.000946274
0.000555543
0.000541248
0.000763351
0.000976285
0.00121635
0.00156292
0.00190518
0.00224734
0.00164838
0.000981121
0.000316958
-2.72622e-05
-0.000170402
-0.000321058
-0.000455719
-0.000528527
-0.000603622
-0.000678574
-0.000419017
-0.000135165
0.000147554
0.000446943
0.000756699
0.00106583
0.00133916
0.00147133
0.00160872
0.00174582
0.00131001
0.000832508
0.000356935
0.000400151
0.000769343
0.00112599
0.00127805
0.000618833
-9.38521e-06
-0.000638296
-0.000520858
-0.000348694
-0.000178713
0.00019405
0.000694094
0.00118899
0.00160436
0.00170514
0.00181763
0.00192959
0.00109328
0.000187742
-0.000714526
-0.000540906
0.000309003
0.00113301
0.001624
0.000794045
1.39978e-05
-0.000767329
-0.000934846
-0.00105701
-0.00118077
-0.000765145
-1.05478e-05
0.000730873
0.00125774
0.000934534
0.000643172
0.000350842
0.000161089
-2.09666e-05
-0.000203173
7.44955e-05
0.000641276
0.00119692
0.00147167
0.000633476
-0.000162875
-0.000960185
-0.00030542
0.000456353
0.0012136
0.00132183
0.00102171
0.000736885
0.000491323
0.000402888
0.00030872
0.000214832
-0.000145488
-0.000525322
-0.000904157
-0.00035414
0.000780119
0.00189204
0.00263724
0.00192902
0.00127476
0.000618997
0.000567938
0.000561815
0.000554046
0.000672115
0.000869298
0.00106344
0.0013303
0.00188523
0.0024292
0.00297318
0.00219106
0.00131078
0.000434736
0.000162352
0.000270073
0.000363827
0.000461271
0.000571499
0.000681181
0.000790802
0.00123852
0.00171115
0.00218252
0.0023216
0.00225142
0.00218892
0.00201132
0.0013788
0.000763287
0.000147599
-0.000293217
-0.000720691
-0.00114834
-0.000894634
-0.000211976
0.000454628
0.00114442
0.00192518
0.00270208
0.00347855
0.00237936
0.00114057
-9.22639e-05
-0.000410925
-0.000153626
8.26714e-05
0.000339875
0.000677378
0.00101174
0.00134597
0.00142023
0.00147495
0.00153035
0.00141486
0.00119178
0.00097273
0.000722651
0.00034974
-1.84851e-05
-0.000386614
0.000493477
0.0014667
0.00243587
0.00307565
0.00350764
0.00394678
0.00408986
0.00306194
0.00207672
0.00109068
0.000400376
-0.000267258
-0.000935226
-0.000772861
-8.72784e-05
0.000579108
0.00118816
0.00156871
0.00195716
0.00234505
0.00225672
0.00213258
0.0020098
0.00147659
0.000684823
-9.71643e-05
-0.00047355
0.000756886
0.00192926
0.00310287
0.00221463
0.0011714
0.000134422
-0.000352124
-0.000491389
-0.000642883
-0.000635849
-2.72374e-06
0.000607751
0.0012186
0.00085773
0.000423661
-7.50884e-06
-0.000275682
-0.000440942
-0.000609725
-0.000551515
0.000405308
0.0013297
0.00225459
0.00189124
0.00143062
0.000973752
0.000409633
-0.000221911
-0.000850632
-0.00120128
-0.000450943
0.000260098
0.000972022
0.00154523
0.00210756
0.00266988
0.00225822
0.00123225
0.000228575
-0.000557605
-0.000480887
-0.0004345
-0.000387082
-0.000101623
0.000201741
0.000504264
0.000610083
0.000591747
0.000577769
0.000439719
-0.000189436
-0.000800981
-0.00141271
-0.000535541
0.00045434
0.00143959
0.00154523
0.00109562
0.00066569
0.000275787
4.63494e-05
-0.000188519
-0.000423035
-0.000118022
0.000227909
0.000572175
0.000755292
0.000836612
0.000921413
0.000837468
8.54113e-05
-0.000642924
-0.00137158
-0.000755005
-3.61594e-05
0.000678641
0.000794656
0.000532524
0.000283672
-1.61357e-05
-0.000516572
-0.00100972
-0.00150278
-0.000800668
-7.64102e-06
0.000781696
0.000929569
0.000672273
0.000429141
0.000109712
-0.000510664
-0.00112024
-0.00172976
-0.00141035
-0.00102003
-0.000632415
1.09896e-05
0.000815735
0.00161438
0.00204484
0.00101681
3.96007e-05
-0.000938679
-0.00117168
-0.00134741
-0.00152498
-0.00138795
-0.00105226
-0.000723619
-0.000282819
0.000602236
0.00147147
0.00234065
0.00177
0.00108914
0.000412512
-0.000130792
-0.000589643
-0.00105107
-0.00131875
-0.000819804
-0.000347361
0.000125664
0.000725781
0.00133531
0.0019441
0.00163709
0.000751414
-0.000113958
-0.000843551
-0.00103393
-0.00124252
-0.00145036
-0.000914607
-0.000321909
0.000268452
0.000435459
0.000334798
0.000243288
0.00017912
0.000224393
0.000265925
0.000307556
0.000997715
0.00173748
0.00247507
0.0020008
0.000760492
-0.000453067
-0.00130572
-0.000726523
-0.000196091
0.00033563
0.000426828
0.000483946
0.000542176
0.000576648
0.000596115
0.000616075
0.000495031
-0.000184893
-0.000845542
-0.00150639
-0.000740758
0.000134777
0.00100603
0.00113074
0.000783234
0.000451819
6.08229e-05
-0.000564888
-0.0011823
-0.00179958
-0.00194818
-0.00206039
-0.00217374
-0.00181253
-0.00115128
-0.000500506
-8.46823e-05
-0.000600406
-0.00108463
-0.00156958
-0.00182266
-0.0020576
-0.00229299
-0.0111916
-0.0255687
-0.0397535
-0.000693848
-0.00143323
-0.000845475
-0.00030234
-0.0004776
-0.000708742
-0.000937869
-0.00122028
-0.0015363
-0.00185099
-0.002128
-0.00225605
-0.00238897
-0.00252164
-0.00229114
-0.00203251
-0.00177499
-0.00107277
-8.93016e-05
0.000884194
0.00147208
0.000531688
-0.000357478
-0.00124775
-0.00163111
-0.00197475
-0.00231947
-0.00244121
-0.0024218
-0.00240707
-0.00241712
-0.00252604
-0.00263162
-0.00273724
-0.00231209
-0.00184578
-0.00138112
-0.000744926
-3.10153e-07
0.000740246
0.00120579
0.000581822
-5.89809e-06
-0.000594424
-0.00106688
-0.00153
-0.00199312
-0.00219249
-0.00222481
-0.0022626
-0.00204073
-0.000790098
0.000425987
0.00164241
0.000923372
5.33126e-05
-0.000811232
-0.00132749
-0.00162295
-0.00192544
-0.00219075
-0.00231014
-0.00243423
-0.00255807
-0.00170032
-0.00076614
0.000164932
0.000700264
0.000984751
0.00127723
0.00133977
0.000492087
-0.000325393
-0.00114332
-0.00130197
-0.0014088
-0.00151725
-0.00133951
-0.000980556
-0.000627721
-0.000333552
-0.000272136
-0.000203204
-0.00013456
5.97051e-05
0.000263727
0.0004673
0.000323257
-4.10186e-05
-0.000397924
-0.00065521
-0.000517177
-0.000392027
-0.000266541
-0.000394293
-0.000541893
-0.000688757
-0.000482781
-5.3231e-05
0.000368822
0.000548166
-0.000235175
-0.000986956
-0.00173927
-0.000846102
0.000176178
0.00119364
0.00134808
0.000955378
0.000580539
0.000178255
-0.000331296
-0.000837069
-0.00134264
-0.00156044
-0.00175542
-0.001951
-0.0015027
-0.000646337
0.000196388
0.000835134
0.000664766
0.000520441
0.000375374
-0.0001819
-0.000771417
-0.00135952
-0.00171861
-0.00193238
-0.00215067
-0.0023526
-0.00249066
-0.00263068
-0.00277054
-0.00210746
-0.00138126
-0.000657534
-0.00013143
0.00026919
0.000673555
0.000825131
-2.46615e-05
-0.000842022
-0.00165989
-0.00192257
-0.00214114
-0.00236098
-0.00253902
-0.00269055
-0.00284283
-0.00297573
-0.00303215
-0.00309096
-0.00314966
-0.0028432
-0.00250794
-0.00217382
-0.00177882
-0.00134531
-0.00091329
-0.000686835
-0.0012751
-0.00183721
-0.00239979
-0.0026282
-0.00282996
-0.00303244
-0.00314575
-0.00320249
-0.00326098
-0.00331842
-0.00337197
-0.00342562
-0.00347923
-0.00347176
-0.00345944
-0.00344728
-0.00341755
-0.00337666
-0.00333615
-0.00330856
-0.00333222
-0.00335425
-0.00337632
-0.00350723
-0.00364672
-0.00378586
-0.00386142
-0.00389661
-0.00393304
-0.00396965
-0.00400716
-0.00404463
-0.00408207
-0.00403149
-0.00397392
-0.0039166
-0.00395037
-0.00404194
-0.00413165
-0.00421094
-0.00424882
-0.00428798
-0.00432707
-0.00435166
-0.00437508
-0.00439852
-0.00441709
-0.00443256
-0.00444812
-0.00446321
-0.00447645
-0.00448975
-0.00450304
-0.00451887
-0.00453489
-0.00455089
-0.00455834
-0.00456035
-0.00456252
-0.00457432
-0.00462431
-0.00467308
-0.00472186
-0.0047486
-0.00477356
-0.00479857
-0.00480282
-0.00479391
-0.00478541
-0.00477836
-0.0047771
-0.00477566
-0.00477422
-0.00480232
-0.00483278
-0.00486314
-0.00487217
-0.00486766
-0.00486357
-0.00485777
-0.00484522
-0.00483289
-0.00482056
-0.0048503
-0.00488339
-0.00491636
-0.00494335
-0.00496652
-0.00498979
-0.005006
-0.00495898
-0.00491393
-0.00486884
-0.00483911
-0.00487018
-0.00489937
-0.00492859
-0.00493995
-0.00494738
-0.00495494
-0.00495784
-0.00495623
-0.00495476
-0.00495328
-0.00495181
-0.00495034
-0.00494887
-0.0049474
-0.00494052
-0.00492842
-0.00491649
-0.00490656
-0.00491463
-0.00492214
-0.00492967
-0.00494089
-0.00495292
-0.00496492
-0.00496773
-0.00496164
-0.00495583
-0.00495073
-0.00495215
-0.00495337
-0.00495459
-0.00494917
-0.00494229
-0.00493547
-0.00493096
-0.0049287
-0.00492638
-0.00492396
-0.0049207
-0.00491746
-0.00491423
-0.00492498
-0.00493879
-0.0049525
-0.00495171
-0.00493685
-0.00492243
