0
0.0140156
0.012897
0.0131027
0.0131981
0.0134337
0.0137447
0.014049
0.014232
0.0141419
0.0140744
0.0140052
0.0139976
0.0139917
0.0139856
0.0139751
0.013962
0.0139491
0.0139885
0.0141453
0.0142922
0.0144397
0.0141006
0.0138017
0.0135001
0.0131459
0.0127612
0.0123796
0.0121731
0.01236
0.0125146
0.0126716
0.0120445
0.0114821
0.0109154
0.0104155
0.00995473
0.00949154
0.00919043
0.00925242
0.00928502
0.00931994
0.00891228
0.00849177
0.00807298
0.00771605
0.00739559
0.00707271
0.00678115
0.00655887
0.0063314
0.00610472
0.00593061
0.00575839
0.00558629
0.00532464
0.0050107
0.00470141
0.00447372
0.00442985
0.00437146
0.00431431
0.00461215
0.00492081
0.00522814
0.0051082
0.00473784
0.00438784
0.00407477
0.00384789
0.00361457
0.00338213
0.00324976
0.00310974
0.00297053
0.00292435
0.0029328
0.00293696
0.00293078
0.00290054
0.00287223
0.00284381
0.00251115
0.00220272
0.00189288
0.00175447
0.00171674
0.00167124
0.00155422
0.0012746
0.00100801
0.00074082
0.000611923
0.000487832
0.000363562
0.000308293
0.000293614
0.000275828
0.000282266
0.000342686
0.000398861
0.000455276
0.000400136
0.000341268
0.000282777
0.000874991
0.0018499
0.00279405
0.00359721
0.0040791
0.00458477
0.00508787
0.00492343
0.00473603
0.00455066
0.00422577
0.00381896
0.00341898
0.00317428
0.00328002
0.00335906
0.00344
0.00366488
0.00387853
0.00409272
0.00395263
0.00360371
0.00327105
0.00307458
0.00318737
0.00327674
0.00336774
0.00390378
0.00440563
0.00490929
0.00515365
0.00524491
0.00534749
0.00549225
0.00573433
0.00596879
0.00620347
0.0063269
0.00644613
0.00656549
0.00678875
0.0070733
0.00735288
0.00750927
0.00738746
0.00728644
0.00718402
0.00744413
0.00771728
0.00798907
0.0082619
0.00853514
0.00880795
0.00898808
0.00895956
0.00894642
0.00893216
0.00869751
0.0084549
0.00821322
0.00781199
0.00731654
0.00682871
0.00666666
0.00724029
0.00775938
0.00828169
0.00890428
0.00951866
0.0101327
0.00987078
0.00908983
0.00834771
0.00753325
0.00656064
0.00560089
0.0046416
0.00427989
0.00387549
0.00347476
0.00347091
0.00370262
0.00391702
0.00423201
0.00477165
0.00529435
0.00581752
0.00512685
0.00438961
0.00365677
0.00326876
0.00308582
0.00288847
0.00273782
0.00268987
0.00263465
0.00258003
0.00294213
0.00332028
0.00369675
0.00350211
0.00296818
0.00245913
0.00196699
0.00151624
0.0010632
0.000610954
0.000424253
0.000248442
7.21099e-05
0.000505122
0.00130024
0.00206869
0.00273022
0.00314722
0.00358085
0.00401271
0.00362169
0.00328905
0.00295278
0.00255461
0.00211961
0.00168779
0.00121626
0.000654643
0.000100113
-0.000454137
-7.00612e-05
0.000247999
0.000570219
0.000956244
0.00138029
0.00180109
0.00180952
0.000885877
2.82437e-05
-0.00083278
-0.00121059
-0.00156787
-0.00192608
-0.00219313
-0.00240576
-0.00262186
-0.0025313
-0.00174824
-0.00101402
-0.000277446
0.000533856
0.00134733
0.00215953
0.00211722
0.00156506
0.00104865
0.000522662
-2.02044e-05
-0.000561171
-0.00110153
-0.000940603
-0.000750044
-0.000561769
-0.00057341
-0.000704516
-0.000827301
-0.000547958
0.00064222
0.00176882
0.0028982
0.00201428
0.00126824
0.000513863
2.87397e-05
-0.000295643
-0.00063047
-0.000906319
-0.00105097
-0.00120428
-0.00135681
-0.00132972
-0.00131479
-0.00129905
-0.00118515
-0.00101257
-0.000844162
-0.000473297
0.00035543
0.00115232
0.00195027
0.00123667
0.000457562
-0.000316119
-0.000972376
-0.00155782
-0.00214721
-0.00261456
-0.00280728
-0.00301805
-0.00322734
-0.00312301
-0.00300489
-0.00288784
-0.00190346
-0.000400095
0.00106684
0.00222202
0.0026683
0.00316094
0.00364985
0.00346541
0.00325099
0.00303884
0.00287362
0.0027367
0.0025981
0.00240949
0.00210711
0.00181262
0.001518
0.0015982
0.00165368
0.00171071
0.00222771
0.00302044
0.00379407
0.00428356
0.00412785
0.00401451
0.00389856
0.00306462
0.0022786
0.00149048
0.000895589
0.000416848
-6.88265e-05
-0.000443303
-0.000567748
-0.000708267
-0.000847561
-0.000829863
-0.000804941
-0.00078052
0.00024655
0.00187544
0.00346332
0.00458997
0.00466808
0.00481373
0.00495483
0.00462578
0.0042752
0.00392646
0.00336992
0.00268879
0.00201654
0.0013656
0.000763154
0.000158372
-0.000445485
-0.000605192
-0.000743873
-0.00088372
-0.000778179
-0.000525124
-0.000281805
0.000350854
0.00186505
0.00332117
0.00477914
0.00444387
0.00422302
0.00399519
0.00347861
0.00278813
0.00210956
0.00144493
0.00081249
0.000178815
-0.000453979
-0.000476903
-0.000538325
-0.000597239
-0.000769801
-0.00101064
-0.00124688
-0.00108749
-3.06841e-05
0.000968352
0.00196976
0.00213538
0.00226061
0.00238821
0.00190906
0.00106449
0.000243863
-0.00042101
-0.000730489
-0.00106179
-0.00139132
-0.00166201
-0.00192954
-0.00219693
-0.00236657
-0.00247718
-0.00259133
-0.00246427
-0.00179075
-0.001152
-0.000511893
0.000218677
0.000942732
0.00166629
0.0018682
0.00175517
0.00166175
0.00136103
0.000592645
-0.000145924
-0.000885421
-0.00134157
-0.00181461
-0.00228603
-0.00257923
-0.00276462
-0.0029564
-0.00306933
-0.00300454
-0.00295074
-0.00289632
-0.00159216
-0.000227342
0.0011321
0.00166284
0.00169236
0.00175246
0.00167631
0.00129537
0.00093348
0.000570867
-0.00020807
-0.000960721
-0.00171405
-0.00226764
-0.00270025
-0.00313968
-0.00343215
-0.00339271
-0.00337344
-0.00335297
-0.0034146
-0.0034803
-0.00354568
-0.00256293
-0.000946378
0.000629976
0.00174518
0.00181025
0.0019385
0.00206279
0.00222396
0.00238271
0.00254142
0.0023656
0.00198731
0.00162161
0.00114714
0.00042684
-0.000277879
-0.000982688
-0.0013375
-0.0017128
-0.00208644
-0.00228458
-0.00237626
-0.00247418
-0.00211374
-0.000713283
0.000623599
0.00196267
0.00265121
0.00330553
0.0039611
0.00421658
0.00422948
0.00425675
0.00411079
0.00357337
0.00305975
0.00254534
0.00184763
0.00116158
0.000475648
1.11739e-05
-0.000318793
-0.000656298
-0.000922258
-0.00102724
-0.00114157
-0.00125521
0.000427427
0.00220207
0.00396923
0.00464172
0.00464931
0.00469585
0.00463413
0.00433183
0.00404394
0.00375555
0.00286655
0.00201364
0.00115963
0.000565914
0.00013045
-0.000313723
-0.000667444
-0.000817473
-0.00097917
-0.00114
-0.000339195
0.000404869
0.00115136
0.002278
0.00363526
0.0049776
0.00579556
0.0054217
0.00511715
0.00480896
0.00380126
0.00275736
0.00171674
0.000966368
0.000392851
-0.000190188
-0.000689886
-0.0010023
-0.00132511
-0.00164695
-0.00174403
-0.00185389
-0.0019629
-0.00137584
-0.000365599
0.000619263
0.00155185
0.00236368
0.00318148
0.00399801
0.00359349
0.00312358
0.00265794
0.00198227
0.00117921
0.00038432
-0.000303092
-0.000746208
-0.0012027
-0.00165792
-0.00188486
-0.0021245
-0.00236314
-0.00234968
-0.00218267
-0.00202453
-0.00154368
-0.000329774
0.000841344
0.00201356
0.00210561
0.00225848
0.00240775
0.00212871
0.00158869
0.00106397
0.000482818
-0.000225454
-0.000925788
-0.00162578
-0.00192889
-0.00220993
-0.00249189
-0.00269709
-0.00285546
-0.00301627
-0.00309287
-0.00297845
-0.00287483
-0.00277073
-0.00196256
-0.00119456
-0.000425171
0.000319536
0.00104897
0.00177844
0.00214451
0.00168482
0.00127151
0.000856087
0.00016597
-0.000538716
-0.00124181
-0.00178305
-0.00222526
-0.00267247
-0.00297107
-0.00293282
-0.00291323
-0.00289262
-0.00289865
-0.00290321
-0.00290785
-0.00258001
-0.00204931
-0.00153037
-0.000825835
0.000300363
0.00140216
0.00250408
0.00222591
0.00202376
0.00181766
0.00133908
0.00069411
5.89489e-05
-0.000533943
-0.00103029
-0.00153138
-0.00203165
-0.00217217
-0.00229227
-0.00241335
-0.00243913
-0.00240669
-0.00237745
-0.00228476
-0.00204798
-0.00181929
-0.0015904
-0.000415594
0.000706613
0.00183046
0.002197
0.00210044
0.00202906
0.00191839
0.00172132
0.00152913
0.00133689
0.000648978
-6.65093e-05
-0.000779737
-0.00120023
-0.00144143
-0.00169202
-0.00186306
-0.00185449
-0.00185558
-0.00185615
-0.00143338
-0.00103378
-0.000633368
0.000241202
0.00140568
0.00255337
0.00330216
0.00314197
0.00303056
0.00291667
0.00263053
0.0023539
0.00207705
0.0016013
0.00100391
0.000413647
-0.000114509
-0.000501141
-0.000894889
-0.00128784
-0.00142072
-0.00153844
-0.00165683
-0.00128989
-0.000625803
2.18368e-05
0.000728887
0.00157016
0.00240345
0.00323628
0.00313925
0.00309144
0.00304109
0.00257071
0.00184298
0.00112958
0.000527401
0.000179377
-0.000181658
-0.000541628
-0.000891533
-0.00124052
-0.00158918
-0.00182297
-0.00198622
-0.00215301
-0.00217554
-0.00187003
-0.00158201
-0.00129338
-0.000117181
0.0010114
0.00214128
0.00255287
0.00252373
0.00251761
0.00227067
0.00147771
0.00071401
-5.04156e-05
-0.000371913
-0.000667014
-0.00096318
-0.00132321
-0.00172234
-0.00211904
-0.00242755
-0.00253532
-0.00265338
-0.00277079
-0.00276024
-0.00274211
-0.0027244
-0.00187889
-0.000525446
0.000800378
0.00182418
0.00165479
0.00154708
0.0014363
0.000919934
0.000379901
-0.000158359
-0.000595198
-0.000969529
-0.00134669
-0.00165413
-0.00180351
-0.00196083
-0.00211759
-0.00221307
-0.0023048
-0.00239663
-0.0023738
-0.00228053
-0.00219095
-0.00187692
-0.000677704
0.000475125
0.00162914
0.00156285
0.00142341
0.00128784
0.000812627
0.000128903
-0.000543525
-0.001102
-0.00140021
-0.00171132
-0.00202147
-0.00223377
-0.00243997
-0.00264627
-0.00277411
-0.00285365
-0.00293555
-0.00283671
-0.00232605
-0.0018367
-0.00134677
-0.00021865
0.000947083
0.00210975
0.00237771
0.00209497
0.00184022
0.00148576
0.000742594
1.9706e-05
-0.000703474
-0.00115346
-0.00158645
-0.00201985
-0.00230333
-0.00249445
-0.00269
-0.00283694
-0.00287378
-0.00291609
-0.00295809
-0.0162365
-0.0303108
-0.0443313
-0.0583405
0.00315552
0.00120104
0.0021244
0.00176817
0.00147595
0.00118084
0.000455116
-0.000296365
-0.00104582
-0.00152123
-0.00182758
-0.00214201
-0.00240865
-0.0025676
-0.00273173
-0.00289544
-0.0028196
-0.00272908
-0.00263938
-0.00178654
-0.000463666
0.000834712
0.001883
0.0023595
0.0028637
0.00336604
0.00322472
0.00304376
0.00286494
0.00245966
0.00191497
0.00137766
0.000828774
0.000234067
-0.00035781
-0.000949246
-0.00105263
-0.00112567
-0.00120012
-0.00118374
-0.00111139
-0.00104185
-0.000678179
0.000356567
0.00135757
0.00235924
0.00279711
0.00319952
0.00360326
0.00364954
0.00347529
0.00331192
0.0030856
0.00261236
0.00215157
0.00169062
0.000998671
0.000292881
-0.000411555
-0.000651364
-0.00060424
-0.000571042
-0.000594687
-0.000749627
-0.000898074
-0.00104669
-0.000471529
0.000148529
0.000765824
0.00136688
0.00195764
0.00254832
0.00299624
0.00311897
0.00325722
0.00339458
0.00295684
0.00248326
0.00201186
0.00148095
0.000913507
0.000348359
-0.000142153
-0.000339096
-0.000549896
-0.000759832
-0.000921373
-0.00107971
-0.00123806
-0.00125913
-0.00119535
-0.00113569
-0.00086951
-0.00013212
0.000582129
0.0012968
0.00183138
0.00235408
0.00287686
0.00314131
0.00324597
0.00335811
0.00339289
0.00312381
0.0028694
0.00261452
0.00209003
0.00154882
0.00100891
0.000551118
0.000144297
-0.000264547
-0.000609562
-0.00080952
-0.00101613
-0.00122224
-0.00117059
-0.00110253
-0.00103531
-0.00028362
0.000891282
0.00204518
0.00297188
0.0033787
0.00380954
0.00423886
0.00438721
0.00451742
0.00464836
0.00438821
0.00388611
0.0033958
0.00288444
0.00229073
0.00170143
0.00111248
0.000675572
0.000248805
-0.000178036
-0.000480721
-0.000706444
-0.000935542
-0.0011371
-0.00127637
-0.00141841
-0.00156019
-0.000775695
6.7903e-05
0.000907973
0.0017311
0.00254337
0.00335539
0.0040474
0.00426752
0.00450928
0.00474982
0.00458653
0.00439722
0.00420929
0.00358981
0.00270319
0.00182971
0.00107762
0.000603299
0.000116611
-0.000369059
-0.000722522
-0.0010671
-0.00141178
-0.00157223
-0.00161844
-0.00166986
-0.00175333
-0.00191067
-0.00206448
-0.0022183
-0.00217142
-0.00211149
-0.00205222
-0.00102245
0.000608701
0.00221086
0.00355297
0.00386658
0.00422686
0.00458468
0.0042219
0.0038123
0.00340521
0.00271012
0.00183669
0.000972174
0.000232021
-0.000223953
-0.00069243
-0.00115991
-0.00133195
-0.00148448
-0.00163775
-0.00181362
-0.00200348
-0.00219253
-0.00235686
-0.0024238
-0.00249509
-0.00256612
-0.00258654
-0.00260362
-0.00262083
-0.00268646
-0.00278211
-0.00287632
-0.00296923
-0.00305914
-0.0031491
-0.00323898
-0.00331665
-0.00339345
-0.00347023
-0.00353141
-0.00358289
-0.00363476
-0.00344409
-0.00269899
-0.00197941
-0.00125933
-0.000193189
0.000895007
0.00198124
0.00234463
0.00225893
0.00219338
0.00203938
0.00153917
0.00105486
0.000570276
-0.000120661
-0.00082475
-0.00152762
-0.00191083
-0.0020953
-0.00228845
-0.00244786
-0.00253122
-0.0026179
-0.00270435
-0.00285741
-0.00301478
-0.00317182
-0.00322722
-0.00321942
-0.00321443
-0.00322004
-0.003268
-0.00331404
-0.00336013
-0.00276233
-0.00212201
-0.00148414
-0.000522412
0.000640277
0.00179308
0.00271175
0.00309523
0.00350196
0.0039073
0.00382456
0.0037092
0.00359538
0.00338168
0.003106
0.00283327
0.0025833
0.00238535
0.0021853
0.00198552
0.00126394
0.000507886
-0.000245998
-0.000562992
-0.000608062
-0.000664984
-0.000749244
-0.000943814
-0.0011334
-0.00132303
-0.00152916
-0.00173623
-0.00194309
-0.0020856
-0.00218803
-0.00229212
-0.00238202
-0.00243976
-0.00249885
-0.00255783
-0.0025616
-0.00256164
-0.00256184
-0.00151927
0.000172061
0.0018338
0.00323201
0.0035874
0.00398762
0.00438555
0.00421939
0.00401513
0.00381269
0.00350746
0.00313838
0.00277237
0.00246585
0.00229537
0.00211918
0.00194338
0.00123655
0.000494189
-0.000245999
-0.000686133
-0.0009392
-0.00120009
-0.00138714
-0.0014063
-0.00143264
-0.00145865
-0.00154506
-0.00163551
-0.00172572
-0.000793901
0.000774376
0.00231408
0.00359124
0.00382919
0.00411135
0.00439138
0.00388173
0.00331852
0.00275809
0.00247403
0.00236237
0.00224347
0.00193778
0.00120372
0.000488512
-0.000226889
-0.000604857
-0.000959437
-0.00131471
-0.00146528
-0.00148823
-0.00151657
-0.00134694
-0.000395268
0.000522458
0.00144084
0.00198548
0.00250404
0.00302327
0.00319761
0.00315688
0.00312526
0.00311219
0.00314247
0.00317089
0.00319937
0.00232264
0.00138426
0.000449269
-0.000148235
-0.000534973
-0.000930253
-0.00123661
-0.00134066
-0.00145313
-0.00156514
-0.00157724
-0.00158243
-0.0015879
-0.00091992
0.000168045
0.00123751
0.00214813
0.00243002
0.00273799
0.00304462
0.00277069
0.0024568
0.00214485
0.0020593
0.00211513
0.00216501
0.00195192
0.00113611
0.000346103
-0.000444324
-0.000737631
-0.000996244
-0.00125609
-0.00137807
-0.00141399
-0.00145345
-0.00152319
-0.00171338
-0.00189842
-0.00208351
-0.000825667
0.000531582
0.00188359
0.00249312
0.00263869
0.00280334
0.00288928
0.00279699
0.00271214
0.00262706
0.00171428
0.000744476
-0.000222174
-0.000749543
-0.0010023
-0.00126616
-0.00149567
-0.00164786
-0.0018031
-0.0019581
-0.0020288
-0.00209357
-0.00215852
-0.00125397
0.000256065
0.00174002
0.00294606
0.00305195
0.00320285
0.00335177
0.00334877
0.00333512
0.00332191
0.00279782
0.00195461
0.00112512
0.000511695
0.000393618
0.00025542
0.000118155
-7.35654e-06
-0.000131948
-0.000256476
0.000356737
0.00143097
0.00248557
0.00339784
0.00374631
0.00411742
0.0044873
0.00418453
0.00383464
0.00348694
0.00289677
0.00215519
0.00142035
0.000803051
0.000454869
9.60733e-05
-0.000262002
-0.000518544
-0.000767736
-0.00101702
-0.00112873
-0.00115436
-0.00118344
-0.000743146
0.000772269
0.00224311
0.00371456
0.00367832
0.00353551
0.0033971
0.00308077
0.00265333
0.0022307
0.00177121
0.00116561
0.000566364
-3.26551e-05
-0.000316012
-0.000576797
-0.000838278
-0.00103685
-0.00119602
-0.00135664
-0.00132909
-0.000870658
-0.000429823
1.13624e-05
0.000869088
0.00175579
0.00264063
0.00296262
0.00293216
0.00291578
0.00279533
0.00226518
0.00175178
0.00123811
0.000691214
0.000142334
-0.00040603
-0.000803608
-0.00110666
-0.00141322
-0.00157011
-0.00138462
-0.00121286
-0.00104069
-6.35748e-05
0.000970279
0.00200107
0.00252855
0.00274059
0.00296496
0.00306408
0.00287753
0.00270241
0.00252698
0.00174141
0.000912775
8.64903e-05
-0.000192937
-0.000129653
-7.99275e-05
4.58296e-05
0.000470519
0.000883106
0.00129584
0.000708323
4.95381e-05
-0.000605927
-0.000953601
-0.00110823
-0.00127032
-0.00109692
0.000402944
0.00184961
0.00329723
0.00326356
0.00312354
0.00298779
0.00281163
0.0026103
0.00241011
0.00208415
0.00126004
0.000456043
-0.000348116
-0.000590644
-0.000792587
-0.000995956
-0.00116373
-0.00130918
-0.0014554
-0.00136992
-0.000367725
0.000598021
0.00156443
0.00185037
0.00208704
0.00232544
0.00232345
0.00217077
0.00202406
0.0017449
0.000941949
0.000159927
-0.000622299
-0.000901131
-0.00114339
-0.00138688
-0.00135942
-0.00116206
-0.00097142
-0.000646219
0.000211117
0.00104724
0.00188354
0.00218047
0.00243814
0.00269712
0.00225541
0.00137425
0.000510684
-0.000229088
-0.000478032
-0.000745663
-0.00101237
-0.00116151
-0.00130202
-0.00144275
-0.001028
-0.000264774
0.000484499
0.00117152
0.00161165
0.00206091
0.00250947
0.00174444
0.000891672
4.29173e-05
-0.000545508
-0.000970279
-0.00140098
-0.00162294
-0.00102028
-0.000449554
0.000121954
0.000755405
0.00139294
0.00202984
0.00185662
0.00117482
0.000512891
-9.25683e-05
-0.000472929
-0.000861559
-0.00124958
-0.00137931
-0.0014901
-0.00160153
-0.00104777
-7.64614e-05
0.000878279
0.00172797
0.00216131
0.0026101
0.00305797
0.00291714
0.00273333
0.00255128
0.00205438
0.00135988
0.000673362
5.87357e-05
-0.000271562
-0.000612341
-0.000952466
-0.00101778
-0.00106291
-0.00110876
-0.000555505
0.000373998
0.00128864
0.00207301
0.00234132
0.00262883
0.00291539
0.00208813
0.00117962
0.000274842
-0.000277118
-0.000607133
-0.000945223
-0.00121401
-0.00121029
-0.00121679
-0.0012229
-0.00053393
0.000205723
0.000942927
0.00131456
0.00145625
0.00160642
0.00168108
0.00145822
0.00124664
0.00103479
0.000512958
-3.13772e-05
-0.000574468
-0.00091469
-0.00112725
-0.00134441
-0.00146971
-0.00123235
-0.00100866
-0.000784622
0.000179813
0.00119829
0.00221401
0.00247056
0.00224957
0.00204646
0.00175058
0.00108949
0.000442417
-0.000204698
-0.000413272
-0.000589262
-0.000766326
-0.000950415
-0.0011389
-0.00132709
-0.00130037
-0.000422767
0.000422786
0.0012689
0.00164373
0.00198338
0.00232408
0.00184577
0.000852348
-0.000121384
-0.000926871
-0.00106519
-0.00122794
-0.00138968
-0.00103934
-0.000651193
-0.000264722
0.000282837
0.000931586
0.00157615
0.00209181
0.00209769
0.00212224
0.00214608
0.00153903
0.000885428
0.000234009
-0.000238637
-0.000598597
-0.00096241
-0.00126391
-0.00131993
-0.00138487
-0.00144943
-0.000613821
0.00028834
0.00118742
0.00175707
0.00211913
0.00248849
0.00268209
0.00218133
0.00170618
0.00123045
0.000718421
0.000204007
-0.000309947
-0.000400356
-0.000224046
-5.75375e-05
0.000192657
0.000773325
0.0013416
0.00190991
0.00189917
0.00184513
0.0017927
0.00164418
0.00143523
0.00122861
0.000937995
0.000314513
-0.000296502
-0.000907526
-0.000994693
-0.00104255
-0.00109179
-0.000921284
-0.000612422
-0.000308765
3.62543e-05
0.000545051
0.00104759
0.00154999
0.00157854
0.00157151
0.00156575
0.00121281
0.000641244
7.79307e-05
-0.000442073
-0.000790514
-0.00114485
-0.00149873
-0.00112366
-0.000694022
-0.000266644
0.000320019
0.00100687
0.00168964
0.00218965
0.00196638
0.00176911
0.00157105
0.00108894
0.000585748
8.36649e-05
-0.000283104
-0.00056447
-0.000848677
-0.00111364
-0.00130339
-0.00149568
-0.00168774
-0.00083803
8.97365e-05
0.00101407
0.00133609
0.00127822
0.00123388
0.00104322
0.000274566
-0.000473043
-0.00122087
-0.00140086
-0.00153783
-0.00167622
-0.00133655
-0.000695547
-6.56521e-05
0.000524852
0.000959035
0.00139843
0.00183734
0.0010038
7.44697e-05
-0.000850828
-0.00136033
-0.00160738
-0.00186351
-0.00184355
-0.000731389
0.00034153
0.00141508
0.0013075
0.00111044
0.000916658
0.000403268
-0.000311545
-0.00101878
-0.0016068
-0.0017228
-0.00185529
-0.00198711
-0.00118171
-0.00030564
0.000567341
0.000536271
-6.52757e-05
-0.000646434
-0.00116263
-0.00141974
-0.00168574
-0.00195124
-0.000975862
9.33011e-05
0.00115844
0.00156048
0.00154385
0.00154184
0.0014402
0.000945763
0.000465354
-1.52097e-05
-0.000379581
-0.000734875
-0.00109024
-0.00134924
-0.00154737
-0.00174747
-0.00174689
-0.000951621
-0.000184501
0.000583063
0.00094411
0.00127392
0.00160458
0.00122061
0.000385581
-0.000433242
-0.0011359
-0.00137761
-0.0016351
-0.00189186
-0.00161095
-0.0012891
-0.000968894
-0.000437072
0.000228214
0.000888433
0.00132686
0.000886889
0.000477512
6.7363e-05
-0.000339658
-0.000746192
-0.00115246
-0.00142287
-0.0016074
-0.00179476
-0.00179841
-0.00107473
-0.000376536
0.000322051
0.000311167
0.000245897
0.000182538
0.000323117
0.000592534
0.000857349
0.00092462
0.000208803
-0.000479705
-0.00116868
-0.00137462
-0.00154334
-0.00171322
-0.00147079
-0.00096794
-0.000474328
4.07759e-05
0.000640824
0.00123756
0.00183401
0.00155941
0.001218
0.00087909
0.000378754
-0.000223423
-0.000821723
-0.00131499
-0.00139262
-0.00148433
-0.0015755
-0.00154055
-0.00149591
-0.00145163
-0.000935381
-0.000120951
0.000682808
0.00119888
0.000574703
-1.03941e-05
-0.000596419
-0.000984306
-0.00135668
-0.00172933
-0.00180587
-0.00169521
-0.00159096
-0.00140559
-0.00089933
-0.000404254
9.0865e-05
-0.000312086
-0.000784171
-0.0012536
-0.0014601
-0.00150025
-0.00154597
-0.00137429
-0.000341613
0.000661381
0.0016647
0.00152026
0.00128712
0.00105711
0.000534163
-0.000173855
-0.000875181
-0.00142151
-0.00135386
-0.00130687
-0.00125921
-0.00120064
-0.00114125
-0.00108192
-0.000635301
5.61918e-05
0.000739023
0.00120386
0.000804687
0.000434673
6.39315e-05
-0.000260962
-0.000582107
-0.000903164
-0.0103304
-0.0255163
-0.0404999
-0.000110333
-0.000775018
-7.07857e-05
0.000587362
0.000879579
0.00114302
0.00140724
0.00155016
0.00161632
0.00168498
0.00162621
0.00106265
0.000516238
-3.03829e-05
-0.000295938
-0.000539468
-0.000783567
-0.00101425
-0.00123641
-0.00145871
-0.00155252
-0.00113736
-0.000739334
-0.000341002
-0.000281371
-0.000248166
-0.000214109
-0.000397737
-0.00071909
-0.00103568
-0.00113764
-0.000388578
0.000331903
0.00105285
0.00104382
0.00097783
0.000913763
0.000474058
-0.000203315
-0.000872416
-0.00143342
-0.00156606
-0.00171269
-0.00185877
-0.00106879
-0.00020612
0.000653594
0.00103354
0.00110956
0.00119551
0.00112552
0.000438698
-0.000227452
-0.000893843
-0.00114963
-0.00137313
-0.00159755
-0.00162649
-0.00153166
-0.00144093
-0.00121718
-0.000466271
0.000266918
0.00100021
0.000718524
0.000357478
-7.42014e-07
-0.000290689
-0.000537267
-0.000785098
-0.0010082
-0.0011339
-0.00126269
-0.0013913
-0.00116205
-0.000904856
-0.000648738
-0.000251645
0.000234648
0.000717725
0.0010268
0.000646375
0.000288583
-6.97105e-05
-0.000503857
-0.000943715
-0.0013831
-0.00165061
-0.00180915
-0.00197111
-0.00194723
-0.0011871
-0.000451289
0.000284834
0.000367759
0.00039925
0.000432383
0.000154658
-0.000319967
-0.000787929
-0.00121256
-0.00146542
-0.00172365
-0.00198154
-0.00186123
-0.00171118
-0.00156219
-0.00120454
-0.000714743
-0.000229511
3.90199e-05
-0.000551518
-0.00111405
-0.00167713
-0.00184633
-0.00198437
-0.00212332
-0.00200638
-0.00172727
-0.00145353
-0.00114855
-0.000719783
-0.000295261
0.000129125
-0.000296735
-0.00078951
-0.00127983
-0.00163053
-0.00189258
-0.00215731
-0.00235019
-0.00225902
-0.00217698
-0.00209471
-0.00162761
-0.00113034
-0.000634345
-0.000514668
-0.000633679
-0.000745005
-0.000919779
-0.00134544
-0.00176284
-0.00218024
-0.00222846
-0.00224743
-0.00226732
-0.00215044
-0.00194686
-0.00174616
-0.00155985
-0.00143054
-0.00129951
-0.00116862
-0.00137353
-0.00160494
-0.00183537
-0.00208329
-0.00234224
-0.00260068
-0.00280723
-0.00280844
-0.00281614
-0.00282364
-0.0026431
-0.00244774
-0.00225298
-0.00207523
-0.00190832
-0.00174118
-0.00167967
-0.0020368
-0.0023805
-0.0027244
-0.0029245
-0.00311305
-0.00330185
-0.00338257
-0.00339471
-0.003409
-0.00339069
-0.00324341
-0.00310027
-0.00295709
-0.00292028
-0.00289196
-0.00286339
-0.0029794
-0.00318715
-0.00339189
-0.00355416
-0.00354796
-0.00354704
-0.00354596
-0.00360896
-0.00367704
-0.00374491
-0.00364745
-0.00344506
-0.00324608
-0.00313002
-0.00334296
-0.00354549
-0.00374822
-0.00385116
-0.00394608
-0.00404119
-0.00406952
-0.00405544
-0.00404269
-0.00403758
-0.00406292
-0.0040873
-0.00411169
-0.0041038
-0.00409334
-0.00408296
-0.00409965
-0.00413353
-0.00416685
-0.00418719
-0.00415608
-0.00412658
-0.00409705
-0.00414457
-0.00419822
-0.00425165
-0.0042767
-0.00428371
-0.00429128
-0.00429813
-0.00430222
-0.00430639
-0.00431055
-0.00435353
-0.0043996
-0.00444554
-0.00448023
-0.00450777
-0.00453551
-0.00454544
-0.00448479
-0.00442635
-0.00436788
-0.00436077
-0.00435778
-0.00435466
-0.00440391
-0.00448641
-0.00456784
-0.00464159
-0.00464658
-0.00465367
-0.0046607
-0.00465893
-0.00462229
-0.00458675
-0.00455119
-0.00457437
-0.0046104
-0.00464601
-0.00467003
-0.00468282
-0.00469594
-0.00470904
-0.00472214
-0.00473522
-0.0047483
-0.00476138
-0.00474267
-0.00469319
-0.00464469
-0.004599
-0.00457861
-0.00455746
-0.00453634
-0.00457522
-0.00462722
-0.0046788
-0.00470263
-0.00469957
-0.00469733
-0.0046934
-0.00467455
-0.00465615
-0.00463776
-0.0046083
-0.00457643
-0.00454465
-0.00455854
-0.00461666
-0.00467341
-0.00471837
-0.00465756
-0.0046
-0.00454238
-0.00455986
-0.00459381
-0.00462724
-0.00464988
-0.00466206
-0.00467454
