0
0.0173765
0.0157234
0.015611
0.0153708
0.0150088
0.014569
0.0141365
0.0139783
0.0144372
0.0148443
0.015255
0.0150224
0.0147719
0.0145233
0.0140175
0.0133622
0.0127204
0.0124457
0.0129974
0.0134805
0.0139685
0.0141386
0.0143343
0.0145277
0.0139962
0.0130419
0.0121237
0.0114268
0.0112326
0.0109978
0.0107667
0.0113711
0.0119069
0.0124473
0.0122626
0.0116547
0.011082
0.0105377
0.0100627
0.00958297
0.00910436
0.0088431
0.00858884
0.00833442
0.00862807
0.00924206
0.00982938
0.0101259
0.00976436
0.00945606
0.009144
0.00845998
0.00776536
0.00707269
0.00642009
0.00579139
0.00516179
0.00469773
0.00460471
0.00448238
0.00436258
0.00651926
0.00874503
0.0109618
0.0108344
0.00933276
0.00794192
0.00669868
0.00580515
0.00488549
0.00396933
0.0037492
0.00347475
0.00320499
0.00306266
0.00299542
0.0029224
0.0030349
0.00356393
0.00405958
0.00455707
0.00522362
0.00587596
0.00652838
0.00625596
0.00544048
0.00466846
0.00392557
0.00325456
0.00257902
0.00190488
0.00161933
0.00134721
0.00107447
0.000859764
0.000679259
0.000496395
0.000712716
0.00182761
0.00287166
0.00391956
0.00406422
0.00417791
0.0042938
0.00388269
0.00316174
0.00246561
0.00188047
0.0015485
0.00119772
0.000848905
0.000696055
0.000550227
0.000404087
0.000244366
7.671e-05
-9.00894e-05
-0.000249113
-0.000390796
-0.000533577
-0.000676059
0.000627835
0.00182043
0.00301963
0.00340155
0.00330163
0.00323816
0.00291945
0.00203146
0.0011876
0.000341704
0.000248179
9.83524e-05
-4.70293e-05
-0.000233504
-0.000443923
-0.000652236
-0.000776643
-0.000711859
-0.000661289
-0.000609735
-0.000703159
-0.000801729
-0.000899768
-0.000949037
-0.000969436
-0.000991948
-0.00101471
-0.00103843
-0.00106205
-0.00108564
0.000374762
0.00188808
0.00339526
0.00369034
0.00326807
0.00289929
0.00240977
0.00165624
0.000923229
0.00018979
-7.93961e-05
-0.000330826
-0.000583189
-0.000713902
-0.00077258
-0.000836442
-0.00086594
-0.000818882
-0.000777481
-0.000735728
0.00054585
0.00173526
0.00292965
0.00373135
0.00430022
0.00488517
0.00495089
0.0038482
0.00283177
0.00181057
0.00117871
0.000519623
-0.000136548
-0.000396491
-0.000421177
-0.00046279
-0.000464595
-0.000379432
-0.000300647
-0.000221518
-0.000345943
-0.000478162
-0.000609632
-1.96469e-06
0.0010442
0.00205748
0.00304123
0.00395474
0.00487196
0.0057876
0.00520185
0.00455737
0.00391799
0.00317434
0.00236934
0.00156983
0.000933404
0.000664797
0.000370485
7.8411e-05
-4.8094e-05
-0.000167782
-0.000287783
-0.000322787
-0.000307247
-0.000295296
0.000100916
0.00136491
0.00256602
0.00376986
0.00470844
0.00566435
0.0066177
0.00644528
0.00560284
0.00480853
0.0039935
0.00313801
0.00228655
0.001436
0.00106924
0.000669224
0.000272089
0.000113396
9.69351e-05
7.05992e-05
-3.94482e-05
-0.000340403
-0.000627682
-0.000915511
-0.0010808
-0.0012408
-0.00140094
-0.00152562
-0.00162911
-0.00173392
-0.00178996
-0.00173614
-0.00168998
-0.00164334
-0.00152223
-0.00139813
-0.0012744
-0.00132702
-0.00148483
-0.00163521
-0.00178445
-0.00193024
-0.00207606
-0.00222169
-0.000558195
0.00118022
0.00291114
0.00346987
0.00332811
0.00323429
0.00303948
0.00262367
0.00222345
0.00182272
0.00118534
0.000564897
-5.58566e-05
-0.000387014
-0.000544984
-0.000714466
-0.000786372
-0.000639605
-0.000507812
-0.000375186
0.00114823
0.00257581
0.00400792
0.00380903
0.00263506
0.00152824
0.000642895
0.000267363
-0.000141881
-0.000548315
-0.000812673
-0.00107046
-0.00132834
-0.00150803
-0.00164085
-0.00177663
-0.00191133
-0.00204431
-0.00217722
-0.00230995
-0.00238469
-0.00245676
-0.00252891
-0.00247774
-0.00235272
-0.00223278
-0.00213366
-0.00208229
-0.00202783
-0.00197364
-0.00209474
-0.00222355
-0.00235168
-0.00243288
-0.00248588
-0.00254068
-0.00212037
-0.000624514
0.000798618
0.00222466
0.00168311
0.00127146
0.000851829
0.000311907
-0.00030028
-0.000906934
-0.00136501
-0.00148676
-0.00163034
-0.0017723
-0.00192891
-0.00208435
-0.00223966
-0.00230898
-0.00232664
-0.00234763
-0.00238654
-0.00246655
-0.00254378
-0.0026211
-0.00259978
-0.00257395
-0.00254844
-0.00248646
-0.00240262
-0.0023203
-0.00230429
-0.00243865
-0.00256314
-0.00268809
-0.00270231
-0.00271136
-0.00272074
-0.00282946
-0.00299788
-0.00316224
-0.00329961
-0.00337547
-0.00345517
-0.00353452
-0.00338743
-0.00322987
-0.00307319
-0.00219752
-0.000889749
0.000388775
0.00122284
0.00104723
0.00093615
0.000821104
0.000156219
-0.000472866
-0.00110343
-0.00149131
-0.00173302
-0.00198369
-0.00217011
-0.00221258
-0.00226411
-0.002315
-0.00234193
-0.00237033
-0.00239861
-0.00240449
-0.00239687
-0.00239011
-0.00240781
-0.00248107
-0.00255074
-0.00262055
-0.00118137
0.00032883
0.00183268
0.00221563
0.00192254
0.00167214
0.00127376
0.000545572
-0.000161096
-0.000868225
-0.00108079
-0.00126913
-0.00145874
-0.00156648
-0.00162483
-0.00168619
-0.00172693
-0.00172144
-0.00171883
-0.00171604
-0.00171515
-0.00171415
-0.00171315
-0.00079236
0.000683179
0.00212259
0.00304048
0.00277227
0.00257761
0.00237866
0.00160974
0.000876884
0.000142711
-0.000339453
-0.000669276
-0.00100806
-0.00126086
-0.0013204
-0.00139172
-0.00146224
-0.00138103
-0.00129238
-0.00120428
-0.00121968
-0.00129765
-0.00137169
-0.000978016
0.00047766
0.00186681
0.00325831
0.00284379
0.0025397
0.00222925
0.00162957
0.000854969
9.19279e-05
-0.00050045
-0.000705011
-0.000932828
-0.00115896
-0.00124124
-0.00131618
-0.00139146
-0.00140402
-0.00137862
-0.00135555
-0.00134388
-0.00135838
-0.0013713
-0.00138429
-0.000430595
0.000463821
0.00136072
0.00207275
0.00267266
0.00327858
0.00349645
0.00283493
0.00222686
0.00161633
0.00110128
0.00058115
6.19409e-05
-0.000366832
-0.00074061
-0.00111722
-0.00136192
-0.00130799
-0.00127191
-0.00123481
-0.00113515
-0.00103236
-0.000929883
-0.000583646
-8.97983e-05
0.000394714
0.00108817
0.00225572
0.00339383
0.00453234
0.00404345
0.00365126
0.00325382
0.00265004
0.00192114
0.00120048
0.000592387
0.000240059
-0.000126901
-0.000492568
-0.00033965
-0.000159814
1.82308e-05
1.91524e-05
-8.74886e-05
-0.000187703
0.000302093
0.00213328
0.00388389
0.00563716
0.00504527
0.00459097
0.00412918
0.00353868
0.00286996
0.00220658
0.0016352
0.00127261
0.000898311
0.000525124
0.000524286
0.00050184
0.000480672
0.00161847
0.00346004
0.00525872
0.0064507
0.00626066
0.00615072
0.00603627
0.00542459
0.00478705
0.00415173
0.0034489
0.00270539
0.00196507
0.00134521
0.000998459
0.000636413
0.000275662
0.000237119
0.000180135
0.000124273
0.00105718
0.00259119
0.00408903
0.00513357
0.00514491
0.00521527
0.00528218
0.00452308
0.00372023
0.00292079
0.00231994
0.0018403
0.00135432
0.000944229
0.000705149
0.000456625
0.000208919
5.42668e-05
-0.000105488
-0.000264773
0.000505306
0.00184101
0.00314319
0.00407249
0.00415127
0.00427801
0.0044019
0.00361066
0.00287192
0.00213106
0.00156748
0.00111205
0.000651046
0.000285479
0.00013558
-2.62663e-05
-0.00018726
-0.000322149
-0.000455466
-0.000588721
-0.000738128
-0.000897323
-0.00105579
-0.000752459
0.000601333
0.00189493
0.00319044
0.00277498
0.00245541
0.00213084
0.00168829
0.00117376
0.000663806
0.000223196
-5.97967e-05
-0.000351231
-0.000641873
-0.000798339
-0.000947204
-0.00109633
-0.00126541
-0.00144663
-0.00162698
-0.00154169
-0.000852047
-0.000196559
0.000460091
0.000944634
0.00143814
0.0019306
0.00180293
0.00129669
0.000811839
0.000370349
2.95803e-05
-0.000316348
-0.000661613
-0.000792426
-0.000934859
-0.0010765
-0.00123769
-0.00141073
-0.00158294
-0.00168823
-0.00164135
-0.00160283
-0.0015639
-0.000608399
0.000397849
0.00140023
0.00179534
0.00181906
0.00186297
0.00171728
0.0011426
0.000591851
4.04039e-05
-0.000221882
-0.000499573
-0.000776128
-0.000907958
-0.000951213
-0.000999216
-0.000669744
0.000518539
0.00165911
0.00280104
0.00248714
0.00209063
0.00169901
0.00124383
0.000750116
0.00025901
-0.000138744
-0.000324293
-0.00052105
-0.000716994
-0.000748734
-0.000789255
-0.00082926
-7.84088e-05
0.0011562
0.00236358
0.00302654
0.00244792
0.00193631
0.00142167
0.000915782
0.00040997
-9.53066e-05
-0.000335317
-0.000412801
-0.000498862
-0.000548809
-0.000517683
-0.000490903
-0.000463921
0.00050138
0.00152003
0.00253477
0.00247798
0.00176468
0.00108693
0.000530799
0.000255164
-3.50212e-05
-0.00032413
-0.000475013
-0.000633038
-0.00079052
-0.000856856
-0.00086729
-0.00088066
-0.000600856
0.000346533
0.00125779
0.00216999
0.00208069
0.00193302
0.00178856
0.00130813
0.000621974
-5.26727e-05
-0.000586659
-0.000799661
-0.00102925
-0.00125772
-0.00114667
-0.00105347
-0.000959445
-0.000938778
-0.00096309
-0.000985031
-0.000859651
-0.000398275
4.51206e-05
0.000488991
0.00089402
0.00129639
0.00169848
0.00145412
0.000813103
0.000193338
-0.00033372
-0.00064776
-0.000972513
-0.00129637
-0.00141468
-0.0015207
-0.00162724
-0.00157845
-0.00143431
-0.00129524
-0.0011977
-0.00126463
-0.00132301
-0.00138177
-0.00149943
-0.00162049
-0.00174125
-0.00130196
-0.000518792
0.000245907
0.000775384
0.000767438
0.00078706
0.000805248
0.000375535
-8.0552e-05
-0.000534822
-0.000824135
-0.00101192
-0.0012047
-0.00135368
-0.00133146
-0.001318
-0.00130411
-0.00146957
-0.00164564
-0.00182098
-0.00197954
-0.00212768
-0.00227621
-0.00239
-0.00242483
-0.00246363
-0.0025022
-0.00253772
-0.00257304
-0.00260832
-0.00263068
-0.00264509
-0.00265988
-0.00265219
-0.00259328
-0.00253701
-0.00248067
-0.00156554
-0.000599275
0.000363444
0.0007599
0.000807678
0.000872957
0.000921849
0.000909787
0.000900799
0.000891666
0.000328059
-0.000268741
-0.000863277
-0.00120215
-0.00138345
-0.00157246
-0.00171719
-0.00176206
-0.00181188
-0.0018614
-0.0144549
-0.0278026
-0.0410994
-0.0543854
0.00287684
0.00126271
0.0022833
0.00197645
0.00173595
0.00149238
0.000868319
0.000221474
-0.000423597
-0.000797419
-0.00100395
-0.00121857
-0.00139648
-0.00149187
-0.00159124
-0.00169032
-0.00161952
-0.00153834
-0.00145775
-0.000660706
0.000577614
0.00179294
0.00272806
0.00302273
0.00334865
0.00367272
0.00301133
0.00228965
0.00157164
0.00107122
0.000705235
0.000333009
-2.54498e-06
-0.000195637
-0.000395523
-0.000594881
-0.000108912
0.000419128
0.000944592
0.00180219
0.00286428
0.00391535
0.00451803
0.00409741
0.00372712
0.00335474
0.00275691
0.00214557
0.00153547
0.00116646
0.000946375
0.000719261
0.000501873
0.000320862
0.00013826
-4.4087e-05
-0.000149557
-0.000250131
-0.000350846
0.000349777
0.00154483
0.00271481
0.0034879
0.0033536
0.00326327
0.00317091
0.00245618
0.00170303
0.000952453
0.000575753
0.000430136
0.000273534
0.000161939
0.000151667
0.000136534
0.000121649
-5.60893e-05
-0.000243925
-0.000431095
1.50524e-05
0.000852323
0.00167005
0.00230388
0.00221006
0.00215115
0.00209062
0.00195722
0.00181932
0.00168177
0.00136903
0.000948126
0.000532781
0.000235377
0.000207396
0.000166613
0.000126478
6.3149e-05
-1.594e-06
-6.62082e-05
-0.000184904
-0.000336992
-0.000487352
-0.000556954
-0.00030769
-7.37736e-05
0.000160648
0.000846786
0.00156109
0.00227339
0.00230855
0.00192487
0.00156132
0.00115221
0.000640755
0.000134611
-0.000371306
-0.000469639
-0.000541864
-0.00061525
-0.000614074
-0.000566803
-0.000521745
-0.00048782
-0.000479514
-0.000470013
-0.000460577
0.00040107
0.0013166
0.00222875
0.00266295
0.0028011
0.00295298
0.00289896
0.00203453
0.00120878
0.000381991
8.31452e-05
-0.000181516
-0.000447524
-0.000641173
-0.000790002
-0.00094078
-0.00107268
-0.00116185
-0.00125292
-0.00134382
-0.000124305
0.00117874
0.00247669
0.00308067
0.00325449
0.00344809
0.00354634
0.00327207
0.00301529
0.00275794
0.00239616
0.00202791
0.0016603
0.00125941
0.000838044
0.000418009
7.01393e-05
-0.000113188
-0.000303928
-0.000494152
-0.000635659
-0.000773885
-0.000912135
-0.00106781
-0.00123424
-0.00140003
-0.00152972
-0.00157705
-0.00162813
-0.00167898
-0.00103133
-0.00033869
0.000351252
0.000667749
0.000752529
0.000847827
0.000932634
0.00097817
0.00102546
0.00107262
0.000747734
0.000398793
5.12659e-05
-0.000202408
-0.000397752
-0.000595573
-0.000799306
-0.00101705
-0.00123397
-0.00145072
-0.00153476
-0.00161003
-0.00168563
-0.00176214
-0.0018392
-0.00191617
-0.0019845
-0.00201892
-0.00205484
-0.00209067
-0.00218194
-0.00227679
-0.00237139
-0.00241175
-0.00241841
-0.00242659
-0.00243699
-0.00245265
-0.00246807
-0.00248348
-0.00256071
-0.00264196
-0.00272296
-0.0027516
-0.00274772
-0.0027453
-0.00273253
-0.00269625
-0.00266106
-0.00262585
-0.00251639
-0.0024021
-0.00228813
-0.00225449
-0.00227077
-0.00228481
-0.0023215
-0.0024474
-0.00256921
-0.00269109
-0.00279096
-0.00288929
-0.0029876
-0.0029854
-0.00292075
-0.00285895
-0.00282353
-0.0028487
-0.00287115
-0.0028937
-0.00295445
-0.00301769
-0.00308077
-0.00293132
-0.00264983
-0.00237443
-0.00209943
-0.00182629
-0.00155331
-0.00128056
-0.00100925
-0.000738249
-0.000467475
-0.000234659
-2.55136e-05
0.000184491
0.000536675
0.00121441
0.0018772
0.00254007
0.00270507
0.00283661
0.0029695
0.00303668
0.00306301
0.00309112
0.00313009
0.00319411
0.00325698
0.00331985
0.00341437
0.00351094
0.00360733
0.00401154
0.0046071
0.00519377
0.00562193
0.00542337
0.00525236
0.00508029
0.00465615
0.00421537
0.00377569
0.00354866
0.00345406
0.00335377
0.00331424
0.00341303
0.00350572
0.00359859
0.00367984
0.00376024
0.00384061
0.00411156
0.00450107
0.0048851
0.00507007
0.00446798
0.00390048
0.00333197
0.00338566
0.00348144
0.00357533
0.0035247
0.00338405
0.00324741
0.00310778
0.00296153
0.0028157
0.00266997
0.00238401
0.00208874
0.00179412
0.00163581
0.00156244
0.00148548
0.00144318
0.00147974
0.00151288
0.00154614
0.00122831
0.000886807
0.000546614
0.000593813
0.000882383
0.00116038
0.00142298
0.00162361
0.00182673
0.00202956
0.00159175
0.00111053
0.000631568
0.000374667
0.000256289
0.00013211
-1.7635e-05
-0.000226613
-0.000432893
-0.000639113
-0.000664337
-0.000677149
-0.000690477
-0.000718509
-0.000755714
-0.000792498
-0.000818194
-0.000800059
-0.000783796
-0.000767468
-0.000852765
-0.000944974
-0.00103681
-0.00107554
-0.00108114
-0.00108812
-0.00110131
-0.00112885
-0.00115575
-0.00118266
-0.00130691
-0.00143776
-0.00156822
-0.00168175
-0.00178467
-0.00188795
-0.00195381
-0.00193415
-0.0019181
-0.00190191
-0.0019185
-0.00193735
-0.00195608
-0.00189602
-0.0017868
-0.00167973
-0.00160676
-0.00166876
-0.00172506
-0.00178155
-0.00175133
-0.00171514
-0.00167923
-0.00165548
-0.00163934
-0.00162289
-0.00165298
-0.00178958
-0.00192162
-0.00205374
-0.00209074
-0.00212112
-0.00215175
-0.00214141
-0.00210549
-0.00207068
-0.00207111
-0.00221112
-0.00234522
-0.00247946
-0.00241344
-0.00233355
-0.00225429
-0.00220821
-0.00218286
-0.00215668
-0.00211509
-0.00203812
-0.00196268
-0.00188723
-0.00196062
-0.00204433
-0.00212754
-0.00223094
-0.00234692
-0.00246229
-0.00254454
-0.002551
-0.00256058
-0.00257002
-0.00259209
-0.00261503
-0.00263792
-0.00240162
-0.00200344
-0.00161224
-0.00128523
-0.00121238
-0.00112918
-0.00104647
-0.000515957
4.55281e-05
0.000605286
0.000945285
0.0011478
0.00135577
0.00188764
0.0031622
0.0044054
0.00564887
0.00596009
0.00620563
0.00645365
0.00671258
0.00697833
0.00724359
0.00746917
0.00753829
0.00761372
0.00768882
0.00781595
0.00794664
0.00807708
0.0074005
0.00621945
0.0050598
0.00431557
0.00452384
0.00469338
0.00486435
0.0044233
0.0039394
0.00345763
0.00322593
0.00315076
0.00306933
0.0031734
0.00370182
0.0042127
0.00472388
0.00444484
0.00411013
0.00377793
0.00348889
0.003227
0.00296423
0.00269519
0.00240055
0.00210717
0.00181397
0.00157682
0.00134381
0.00111083
0.00113235
0.00131314
0.00148741
0.00154505
0.00133498
0.00113579
0.000936327
0.00123499
0.00156881
0.00190097
0.00183865
0.00152939
0.00123022
0.000946161
0.000722797
0.000497194
0.000271859
0.000854452
0.00149415
0.00213106
0.00195066
0.0012585
0.000587216
7.10742e-05
-8.8274e-05
-0.000261654
-0.00043434
-0.000386885
-0.000323755
-0.000261296
3.87644e-05
0.000487534
0.000930063
0.00121136
0.001123
0.00104933
0.000975128
0.000534849
6.87024e-05
-0.000396055
-0.000657061
-0.000790321
-0.000928512
-0.00103694
-0.00102868
-0.00102502
-0.00102119
-0.00113645
-0.00126017
-0.00138345
-0.000926787
-0.000106829
0.000698221
0.00124213
0.000751914
0.000302632
-0.000147903
-0.000296668
-0.000423664
-0.000551412
-0.000736087
-0.000956411
-0.00117517
-0.00137269
-0.0014864
-0.0016033
-0.00171999
-0.00177485
-0.00182522
-0.00187573
-0.00190461
-0.00191994
-0.00193578
-0.00192479
-0.00180769
-0.00169481
-0.00158186
-0.00160578
-0.00163956
-0.00167293
-0.00171526
-0.00176318
-0.00181086
-0.00187245
-0.00198918
-0.00210369
-0.00221819
-0.00221008
-0.00219312
-0.00217651
-0.00218886
-0.00221938
-0.00224917
-0.00226277
-0.00221222
-0.00216417
-0.00211607
-0.00211746
-0.00212243
-0.00212727
-0.00214152
-0.00216167
-0.00218158
-0.00220768
-0.00225829
-0.00230792
-0.00235756
-0.00239981
-0.00244151
-0.00248319
-0.0024807
-0.0024505
-0.00242139
-0.00239556
-0.00238286
-0.00236966
-0.00235649
-0.00232558
-0.0022934
-0.0022613
-0.00227567
-0.00231923
-0.00236163
-0.00240015
-0.00242322
-0.00244686
-0.00247046
-0.00235362
-0.00222663
-0.00210013
-0.00174541
-0.00124753
-0.00075547
-0.000407375
-0.000629089
-0.000828969
-0.00102953
-0.000815428
-0.000571204
-0.000328309
0.000214729
0.000946078
0.00166973
0.00215622
0.00170407
0.00128781
0.000870515
0.00103681
0.00124567
0.00145277
0.00199958
0.00275958
0.00351095
0.00403817
0.00367814
0.00335186
0.00302455
0.00311814
0.0032425
0.00336562
0.00328568
0.00307816
0.0028756
0.0027317
0.00282042
0.00290032
0.0029805
0.0027635
0.00252482
0.00228713
0.00215523
0.00208986
0.00202205
0.00208822
0.00268443
0.00326035
0.00383659
0.0033764
0.00284025
0.00230735
0.00228385
0.00258063
0.00286523
0.00302218
0.00267246
0.00234191
0.00201089
0.00208587
0.00219072
0.00229439
0.00212072
0.00177271
0.00143145
0.00127969
0.00187875
0.00244945
0.00302078
0.00289972
0.0027276
0.0025575
0.00227661
0.00192617
0.00157858
0.00129634
0.00127264
0.00123937
0.00120649
0.000998995
0.00077872
0.000559082
0.00060455
0.000816767
0.00102267
0.00112879
0.000839209
0.000564446
0.000289339
0.000737496
0.00123897
0.00173812
0.0016786
0.00126759
0.000869813
0.00050792
0.000289229
6.54335e-05
-0.00015801
-0.000199951
-0.000228384
-0.000257293
0.000166391
0.000874753
0.00157216
0.00205256
0.00167332
0.00132585
0.000977469
0.000595436
0.000211144
-0.000172785
-0.000382312
-0.000482013
-0.000585654
-0.000522606
0.000199944
0.000897898
0.00159624
0.00166446
0.00168567
0.00170858
0.00141468
0.000921462
0.000435859
5.06632e-06
-0.000208549
-0.000429907
-0.000650822
-0.000238334
0.000221183
0.000678659
0.000791223
0.000686536
0.000589805
0.000466977
0.000241708
2.03133e-05
-0.000201061
0.000262999
0.000778029
0.00129084
0.00125979
0.00088616
0.000525185
0.000195685
-8.07634e-06
-0.00021623
-0.000424075
0.000189746
0.000864741
0.00153704
0.00137886
0.000697504
3.54787e-05
-0.000412541
-1.13497e-05
0.000359006
0.000730204
0.000775637
0.000796592
0.000818411
0.00065222
0.000367634
8.75006e-05
-0.000171525
-0.000346884
-0.000525117
-0.000703119
4.0137e-05
0.000852188
0.0016612
0.00162847
0.00106522
0.000521352
6.43025e-05
-4.71427e-05
-0.000170851
-0.000294034
6.8545e-05
0.000467481
0.000864837
0.00121003
0.00152223
0.00183539
0.00193204
0.00117169
0.000442372
-0.000287529
-0.000400054
-0.000465933
-0.000533422
-0.000429684
-0.000218058
-1.04123e-05
0.000112503
-0.000100438
-0.000301319
-0.000502485
-0.000600091
-0.000689809
-0.000779744
-0.000462546
0.000111298
0.000675658
0.00106626
0.000768224
0.000494728
0.000220558
-0.000152586
-0.00053299
-0.000912869
-0.00108699
-0.00113128
-0.00118012
-0.00107126
-0.000338223
0.000372321
0.00108316
0.00078011
0.000400382
2.36171e-05
-0.000253065
-0.000466478
-0.000681963
-0.000886233
-0.00104681
-0.0012088
-0.00137063
-0.000617208
0.000205255
0.00102472
0.00100729
0.000461738
-6.49444e-05
-0.000521003
-0.000695655
-0.000880023
-0.00106392
-0.00107523
-0.0010734
-0.00107203
-0.00107991
-0.00109362
-0.00110713
-0.000903055
0.000163269
0.00119881
0.00223469
0.0016935
0.00103249
0.000376105
-8.44749e-05
-0.000421249
-0.000762093
-0.0010352
-0.00104114
-0.00105636
-0.00107124
-0.00111452
-0.00115993
-0.00120523
-0.000877162
-0.000313443
0.000241723
0.000601969
0.000189656
-0.000195639
-0.000581602
-0.000797529
-0.00100033
-0.00120344
-0.00125822
-0.00121934
-0.00118371
-0.00117349
-0.00126438
-0.00135172
-0.00143912
-0.00110544
-0.000739719
-0.000375356
-0.000375645
-0.000606266
-0.000828804
-0.0010191
-0.00108096
-0.00114719
-0.00121323
-0.000410096
0.000459186
0.0013256
0.00156063
0.00139671
0.00124657
0.00110053
0.000972272
0.000843496
0.000714826
0.000756112
0.000810423
0.000864252
0.000958702
0.00107878
0.00119791
0.00129082
0.00127997
0.00127266
0.00126524
0.00108668
0.000895058
0.000704014
0.000443208
0.000138388
-0.000164726
-0.000380269
-0.000249078
-0.00012977
-1.01387e-05
-9.14374e-07
-1.97831e-07
8.07212e-07
-2.41093e-06
-8.29105e-06
-1.40768e-05
2.03962e-05
0.000214459
0.00040298
0.000591561
0.000203515
-0.000228774
-0.000659273
-0.000693512
-0.000477202
-0.000269512
-5.34026e-05
0.000195336
0.000442805
0.000690149
0.000308455
-0.000121602
-0.000549738
-0.000760932
-0.000834869
-0.000913382
-0.000969718
-0.000938916
-0.000911068
-0.00088314
-0.00024591
0.000438077
0.00112003
0.000955741
0.000256284
-0.000424727
-0.000975035
-0.00100608
-0.00105453
-0.00110236
-0.00115658
-0.00121126
-0.00126589
-0.000925753
-0.000335991
0.00024502
0.000620454
0.000180868
-0.000231165
-0.000643845
-0.000809204
-0.000955278
-0.0011019
-0.00979889
-0.0239031
-0.0378175
5.9994e-05
-0.000345168
0.000526029
0.00135411
0.000815812
0.000171501
-0.000468851
-0.000771896
-0.000861358
-0.000957863
-0.00100773
-0.00087381
-0.000746085
-0.00061824
-0.000118335
0.000410225
0.000937484
0.000809813
0.00026767
-0.000260375
-0.00071433
-0.000873708
-0.00104274
-0.00121133
-0.00124626
-0.00127076
-0.00129558
-0.00105857
-0.00065588
-0.000258931
3.95525e-05
-5.235e-05
-0.000131308
-0.000210641
-0.000396949
-0.000591497
-0.000785644
-0.000968577
-0.00114436
-0.00132026
-0.00147002
-0.00151646
-0.00156627
-0.00161593
-0.000766339
0.000153026
0.00106949
0.00107916
0.000514582
-3.07751e-05
-0.000503069
-0.0006842
-0.000874758
-0.00106488
-0.00114945
-0.00122571
-0.00130219
-0.00114558
-0.000841389
-0.000542227
-0.00029196
-0.000235656
-0.00017305
-0.00011069
-0.000342289
-0.000596787
-0.000850372
-0.00102089
-0.00113875
-0.00125824
-0.00121439
-0.000523265
0.000146329
0.000816187
0.000683045
0.000486976
0.000293081
0.00019689
0.000162663
0.000126444
6.88218e-05
-7.40042e-05
-0.000213971
-0.00035394
-0.000415946
-0.000471792
-0.000527801
-0.000574165
-0.000614411
-0.00065483
-0.000556321
9.30342e-05
0.000724142
0.00135543
0.00125245
0.00109176
0.000933037
0.000525791
-3.882e-05
-0.000597985
-0.00106265
-0.00115292
-0.00125521
-0.00135704
-0.00096999
-0.000544647
-0.000120811
0.000171186
0.000379525
0.000590422
0.000654025
0.000134209
-0.000366512
-0.000867525
-0.000972963
-0.00104714
-0.00112227
-0.00117952
-0.00122544
-0.0012717
-0.00114619
-0.000339559
0.000444719
0.00122921
0.000763122
0.000198522
-0.000362563
-0.000687303
-0.000862047
-0.00104148
-0.00119057
-0.00122029
-0.0012538
-0.00128717
-0.000917359
-0.000515867
-0.000115641
-7.75446e-05
-0.000269123
-0.000453258
-0.00064504
-0.000866553
-0.00108698
-0.0013073
-0.0012176
-0.00110341
-0.000990063
-0.000891167
-0.000801472
-0.000711543
-0.000700629
-0.00100292
-0.00129507
-0.00158736
-0.00108429
-0.000518449
4.50477e-05
-4.97047e-05
-0.000562045
-0.00106083
-0.0014765
-0.00156167
-0.00165726
-0.00175245
-0.00170355
-0.00164325
-0.00158334
-0.00164887
-0.00179399
-0.00193651
-0.00206078
-0.00211262
-0.00216672
-0.00222071
-0.00225404
-0.00228571
-0.0023174
-0.00228235
-0.00220494
-0.00212892
-0.00209382
-0.00222104
-0.00234308
-0.00246521
-0.00248269
-0.00249183
-0.00250123
-0.00254534
-0.00261147
-0.00267686
-0.00274114
-0.00280098
-0.00286092
-0.00292082
-0.00294309
-0.00296235
-0.00298169
-0.00297911
-0.00296262
-0.00294657
-0.00294311
-0.00298966
-0.00303462
-0.00307961
-0.00307431
-0.003065
-0.00305582
-0.00305505
-0.00305963
-0.00306403
-0.00307301
-0.0031001
-0.00312661
-0.00315312
-0.00316434
-0.00317432
-0.00318434
-0.00320457
-0.0032313
-0.00325781
-0.0032824
-0.00329945
-0.00331671
-0.00333396
-0.00333004
-0.00332443
-0.00331887
-0.00332872
-0.00334836
-0.00336767
-0.00338937
-0.00342049
-0.00345131
-0.00348211
-0.00347745
-0.00346996
-0.00346256
-0.00346728
-0.00347969
-0.00349187
-0.00350449
-0.00351893
-0.00353329
-0.00354766
-0.00353172
-0.00351337
-0.00349511
-0.00352183
-0.00357714
-0.00363153
-0.00367649
-0.00363688
-0.0035999
-0.00356286
-0.00353217
-0.0035266
-0.00352027
-0.00351396
-0.00353135
-0.00355392
-0.00357632
-0.00358509
-0.00358065
-0.00357662
-0.00357258
-0.00356855
-0.00356451
-0.00356048
-0.00355646
-0.00355756
-0.00356364
-0.00356956
-0.00357708
-0.00359892
-0.0036203
-0.00364169
-0.00363715
-0.00362692
-0.00361688
-0.00360966
-0.00360519
-0.00360064
-0.00359627
-0.00359346
-0.0035906
-0.00358775
-0.00359892
-0.00361317
-0.00362731
-0.00363317
-0.00363099
-0.00362906
-0.00362684
-0.00362213
-0.00361749
-0.00361285
-0.00362735
-0.00364604
-0.00366459
-0.00367749
-0.0036849
-0.00369247
