0
0.0143332
0.0131901
0.0133246
0.0133527
0.0130757
0.0126155
0.0121711
0.0120978
0.0128602
0.0135522
0.0142489
0.0143506
0.0144353
0.0145213
0.0140698
0.0133054
0.012568
0.0120101
0.0118596
0.0116759
0.0114953
0.0115584
0.0116015
0.0116462
0.0116843
0.0117186
0.0117532
0.0118891
0.012253
0.0125978
0.0129436
0.0132559
0.0135705
0.0138844
0.0134872
0.0126749
0.0118974
0.0114557
0.0117741
0.0120306
0.0122918
0.0116246
0.0109303
0.0102392
0.00994768
0.00989013
0.00981391
0.00956886
0.0089403
0.00834343
0.00774499
0.00744823
0.00716125
0.00687394
0.00680588
0.0068662
0.00691621
0.00681983
0.00639222
0.00599158
0.00558944
0.00584197
0.00611486
0.00638571
0.00595489
0.00511294
0.00430478
0.0037777
0.00388789
0.00394774
0.00401145
0.00392236
0.00384541
0.00376763
0.00384258
0.00400706
0.00416427
0.00420727
0.00399213
0.00379748
0.00360154
0.00315288
0.00272462
0.00229543
0.00205812
0.00193359
0.00180049
0.00169075
0.00163178
0.00156897
0.00150655
0.00104344
0.000567539
9.33633e-05
-0.000166805
-0.000300923
-0.000444552
-0.000557997
-0.000605439
-0.000657885
-0.000709865
-0.000465898
-0.000212164
4.04309e-05
3.63696e-05
-0.000118807
-0.000262184
-0.000417691
-0.000598725
-0.000777533
-0.000956239
-0.000647282
-0.000321823
1.88407e-06
-4.80825e-05
-0.000318266
-0.000571318
-0.000888053
-0.00134583
-0.00179222
-0.0022388
-0.00188518
-0.00159258
-0.00129581
-0.00122868
-0.00129681
-0.00135464
-0.0014467
-0.00161425
-0.00177588
-0.00193771
-0.00185786
-0.00179626
-0.00173339
-0.00154421
-0.00128049
-0.00102275
-0.000785185
-0.000593669
-0.000399002
-0.00020486
-0.000462545
-0.000736342
-0.00100853
-0.0010263
-0.000893636
-0.000772341
-0.000668551
-0.000605981
-0.00054045
-0.000475235
-0.000660347
-0.000854469
-0.00104764
-0.00116008
-0.00122468
-0.00129271
-0.00127982
-0.00108505
-0.000903933
-0.000722082
-0.000605336
-0.000491178
-0.000376998
-0.00021903
-3.52172e-05
0.000146436
0.000200391
-3.39024e-05
-0.000246814
-0.000460974
-7.41658e-05
0.000268308
0.00061351
0.000397468
-0.000150898
-0.000674333
-0.00112229
-0.00139664
-0.00168317
-0.0019684
-0.00171862
-0.00150788
-0.00129463
-0.00124446
-0.00129091
-0.00133033
-0.00118418
-0.000617896
-8.26523e-05
0.000454054
0.000605871
0.000742463
0.000879952
0.000871203
0.000775695
0.000686534
0.000642068
0.000699449
0.000749472
0.00079995
0.00106579
0.00133983
0.00161289
0.00177822
0.00187942
0.00198504
0.00214873
0.00244452
0.00273053
0.00301683
0.0028572
0.0026799
0.00250409
0.00270877
0.00313967
0.003554
0.00393558
0.00424119
0.00455172
0.00486147
0.00443088
0.00405291
0.00367178
0.00389905
0.00448814
0.00505105
0.00532534
0.00494404
0.00460912
0.00427143
0.00413388
0.00398255
0.0038324
0.00402286
0.00441619
0.00479484
0.00493783
0.00454634
0.00419251
0.00383656
0.00407618
0.00434025
0.00460226
0.00475207
0.00483482
0.00492209
0.00506292
0.00532576
0.00557983
0.00583414
0.00551146
0.0051649
0.00482046
0.00458257
0.00440845
0.00423019
0.0041001
0.00407799
0.00404851
0.00401957
0.00366901
0.0033052
0.0029428
0.00272724
0.00259952
0.00246599
0.00249343
0.00288387
0.00324908
0.00361551
0.00293479
0.00232608
0.00171331
0.00104542
0.000344703
-0.000352841
-0.00084914
-0.000890818
-0.000963158
-0.00103333
-0.00109537
-0.00115788
-0.00122028
-0.00137442
-0.00158336
-0.00178833
-0.00193087
-0.00193185
-0.00194234
-0.00195217
-0.00242481
-0.00291722
-0.00340764
-0.00359593
-0.00360322
-0.00362259
-0.00365861
-0.00373421
-0.00380707
-0.00388002
-0.00385156
-0.00381863
-0.00378604
-0.00368703
-0.00354829
-0.00341238
-0.00316888
-0.002682
-0.00221189
-0.00174128
-0.00189442
-0.00207532
-0.00225415
-0.00237167
-0.0024523
-0.00253526
-0.00262993
-0.00275164
-0.00287141
-0.00299115
-0.00259289
-0.00222918
-0.00186367
-0.00181719
-0.00196202
-0.00209414
-0.00224059
-0.00241783
-0.00259282
-0.00276773
-0.00232254
-0.00191839
-0.00151209
-0.00133907
-0.00130606
-0.00126398
-0.00122121
-0.00117542
-0.00112988
-0.00108439
-0.000613171
-0.000122879
0.000365544
0.000435685
0.000254458
8.97136e-05
-5.3808e-05
-0.000147041
-0.000243398
-0.000339429
9.07879e-05
0.000544988
0.00099706
0.00106284
0.000896283
0.000744866
0.000481961
-3.16128e-05
-0.00052846
-0.00102574
-0.00104616
-0.00104418
-0.00104364
-0.000814141
-0.000447069
-8.92458e-05
0.000276248
0.000658363
0.00103893
0.00141912
0.00131358
0.00123905
0.00116265
0.0011889
0.00127685
0.00136077
0.0013423
0.00109122
0.000855172
0.000618473
0.00117778
0.00168609
0.00219698
0.00235675
0.00230506
0.00226677
0.00207468
0.00153573
0.00101927
0.000502043
0.000498191
0.000519045
0.000538322
0.000304611
-8.15588e-05
-0.000457699
-0.000756475
-0.00087895
-0.00101229
-0.00114478
-0.00118058
-0.00121164
-0.00124295
-0.0013739
-0.0015649
-0.00175192
-0.00179875
-0.00152729
-0.00127593
-0.00102364
-0.000996691
-0.000955805
-0.000915833
-0.00104509
-0.00127647
-0.00150125
-0.00159749
-0.00140151
-0.00122382
-0.00104522
-0.00142368
-0.00176736
-0.00211276
-0.00243969
-0.0027554
-0.00307142
-0.00320032
-0.00290517
-0.0026364
-0.00236634
-0.00202041
-0.00167108
-0.00132239
-0.00139332
-0.00171783
-0.00202646
-0.00220748
-0.0020971
-0.00200462
-0.00191116
-0.00203928
-0.00215376
-0.00226893
-0.00248674
-0.00276656
-0.00304227
-0.00327997
-0.00343123
-0.00358754
-0.00374335
-0.00319864
-0.0026192
-0.00204256
-0.00164442
-0.00135456
-0.00105851
-0.000833374
-0.000767899
-0.000692885
-0.000618536
-0.000656261
-0.000687201
-0.000718512
-0.000833365
-0.000998767
-0.00116094
-0.00132638
-0.00149905
-0.00167108
-0.00184295
-0.00179463
-0.00175952
-0.00172367
-0.00152442
-0.00122622
-0.000934277
-0.000769657
-0.000894618
-0.00100219
-0.00111068
-0.00102431
-0.000927999
-0.000832396
-0.000961306
-0.00122628
-0.00148288
-0.00156356
-0.00124389
-0.000948278
-0.000651596
-0.00104943
-0.00140577
-0.00176414
-0.00211064
-0.00244989
-0.00278916
-0.00300377
-0.00293571
-0.00288435
-0.00283207
-0.00263103
-0.00242243
-0.00221451
-0.00205798
-0.00193273
-0.0018058
-0.00171211
-0.00169354
-0.00167059
-0.00164794
-0.00174278
-0.00183066
-0.00191885
-0.00198
-0.00202473
-0.00207036
-0.00185925
-0.00106483
-0.000305257
0.000455462
0.000851685
0.0012686
0.00168384
0.00205188
0.00239103
0.00273147
0.00300034
0.00310723
0.00322337
0.00333883
0.00331744
0.00328878
0.00326058
0.00308567
0.00282166
0.00256308
0.00231861
0.00210654
0.00189286
0.00167952
0.00167898
0.00166624
0.00165421
0.00190659
0.00231973
0.00272319
0.00297961
0.00290102
0.00284167
0.00278129
0.00289991
0.00302806
0.00315551
0.00324245
0.00330468
0.00336825
0.00346372
0.00363205
0.00379604
0.00396009
0.00376659
0.00359358
0.00341961
0.00361447
0.0040338
0.00443995
0.00477286
0.00493806
0.00511255
0.00528632
0.00517726
0.00508428
0.00499049
0.00484492
0.00466782
0.00449269
0.00440958
0.00453577
0.00465006
0.00476488
0.00489517
0.00502618
0.00515701
0.004866
0.00431796
0.00378492
0.00343823
0.00351667
0.00357127
0.00362713
0.00359081
0.00355966
0.00352827
0.00353788
0.0035725
0.00360568
0.00369649
0.00391827
0.00413253
0.00434697
0.00427227
0.0041816
0.00409192
0.0041141
0.00420456
0.00429113
0.00427978
0.0040452
0.00382321
0.00360077
0.00353315
0.00345706
0.00338153
0.00326456
0.00312236
0.0029817
0.00302714
0.0034961
0.00394127
0.00438726
0.00421993
0.00408643
0.00395122
0.0038695
0.00382041
0.00376959
0.00379322
0.00398604
0.00416941
0.00435309
0.00459251
0.00483484
0.00507674
0.00514799
0.0051149
0.00508752
0.00503266
0.00491591
0.00480265
0.00468933
0.0048574
0.00501002
0.00516331
0.00514791
0.00502941
0.00491662
0.00478556
0.0046135
0.00444383
0.00427422
0.00423694
0.00420723
0.00417714
0.00394716
0.00359496
0.00324972
0.00277189
0.00199248
0.00123012
0.000467658
0.000162428
-0.000167018
-0.000494811
-0.000610244
-0.000595611
-0.00058796
-0.000607197
-0.000688532
-0.000766459
-0.000844485
-0.000866575
-0.000891628
-0.000916496
-0.00110377
-0.00139042
-0.00167146
-0.00191418
-0.00206929
-0.0022289
-0.0023881
-0.002488
-0.00258437
-0.00268082
-0.00282346
-0.00299436
-0.00316357
-0.00329659
-0.00334715
-0.00340203
-0.00345662
-0.00329801
-0.00315083
-0.0030032
-0.00305445
-0.00322754
-0.00339403
-0.00352147
-0.00355937
-0.00360194
-0.00364422
-0.00383399
-0.0040322
-0.00422976
-0.00424866
-0.004158
-0.00407317
-0.0039786
-0.00386242
-0.00374749
-0.00363262
-0.00344905
-0.00326928
-0.00308949
-0.00280964
-0.0024685
-0.00213092
-0.00189738
-0.0019009
-0.00189206
-0.00188388
-0.00201737
-0.00215908
-0.00230022
-0.00246013
-0.00263148
-0.00280207
-0.00298511
-0.00319668
-0.00340656
-0.0036163
-0.00373026
-0.00383844
-0.00394681
-0.00390162
-0.00376218
-0.00362774
-0.00343323
-0.00300234
-0.00258408
-0.0021656
-0.0021169
-0.00209025
-0.00206248
-0.0020722
-0.00210489
-0.00213637
-0.00213633
-0.00206431
-0.00199605
-0.00192768
-0.00200554
-0.00209207
-0.00217807
-0.00213602
-0.00201528
-0.00189869
-0.00178281
-0.00167026
-0.00155764
-0.00144515
-0.00129107
-0.00113462
-0.000978462
-0.000764151
-0.000514175
-0.000266265
-1.96818e-06
0.000299789
0.000599339
0.000898697
0.000759635
0.000594279
0.000430422
0.000228911
4.35947e-06
-0.0002188
-0.000247919
0.000165353
0.000555865
0.000947131
0.00118405
0.00141143
0.00163905
0.00170752
0.00167803
0.00165351
0.00164233
0.00168472
0.00172438
0.00176414
0.00150812
0.00123436
0.000961768
0.000724931
0.000510224
0.000294623
0.000200514
0.000383151
0.000551769
0.000720919
-0.0140248
-0.0296675
-0.0452498
-0.0608196
0.0040313
0.00119624
0.0016335
0.00150232
0.00139955
0.00129547
0.000650711
-2.66099e-05
-0.000701642
-0.000871718
-0.000730574
-0.000605
-0.000447589
-0.000219171
5.50646e-06
0.000230146
0.000378716
0.000522475
0.00066633
0.000786693
0.000892542
0.000999003
0.00114654
0.00138803
0.00162466
0.00186129
0.00207629
0.00228976
0.00250311
0.00266111
0.00278495
0.00291034
0.00299589
0.00292483
0.00286152
0.0027979
0.00271698
0.00263507
0.00255328
0.00255781
0.00261558
0.0026707
0.00271589
0.00273819
0.00276159
0.00278492
0.0027438
0.00269871
0.00265386
0.00263217
0.00262479
0.00261673
0.00260218
0.00256189
0.00252288
0.00248385
0.00260358
0.00273312
0.00286206
0.0029504
0.00301363
0.00307802
0.00310456
0.00304491
0.00298949
0.00293392
0.00268073
0.00241537
0.00215086
0.00241142
0.00299618
0.00356476
0.00394657
0.00390084
0.00387571
0.00384961
0.00370762
0.00355845
0.00340977
0.00316405
0.00285849
0.00255608
0.0022934
0.00218738
0.00207396
0.00196101
0.00220926
0.00248012
0.00274964
0.00268223
0.00240658
0.00214112
0.00197041
0.00201684
0.00205288
0.00208939
0.0018739
0.00164261
0.0014123
0.00125431
0.00114111
0.0010259
0.000994109
0.00129113
0.0015723
0.00185394
0.00248137
0.00313028
0.00377755
0.00406324
0.00412515
0.00419757
0.00411961
0.00369939
0.00329571
0.00289164
0.00190968
0.000891645
-0.000123734
-0.000519672
-0.000532162
-0.000562667
-0.000281042
0.000711582
0.00166989
0.00262891
0.00236589
0.00202478
0.00168765
0.00132546
0.000947985
0.00057158
0.000271614
0.000272761
0.000259835
0.000247579
0.000400824
0.000564586
0.000727704
0.000778813
0.000760535
0.000745507
0.000645447
0.000351442
6.67319e-05
-0.000218146
0.000701948
0.00169901
0.00269158
0.00322044
0.0034618
0.00371626
0.00380804
0.00326025
0.00274258
0.00222399
0.00171223
0.00120132
0.000690855
0.000942541
0.00166638
0.00236776
0.00286728
0.00290394
0.00296191
0.00301884
0.00272082
0.00239999
0.00208051
0.00177379
0.00147513
0.00117637
0.00100299
0.00111577
0.00121532
0.00131538
0.00173317
0.00217133
0.00260815
0.00244535
0.00191081
0.00139375
0.00112737
0.00185334
0.00253333
0.0032148
0.00289401
0.00250797
0.00212526
0.00208899
0.0022677
0.00243647
0.00237313
0.00177841
0.00120837
0.000637739
0.00127013
0.00198088
0.00268744
0.00300194
0.00307299
0.003155
0.003086
0.0024224
0.00178631
0.00114955
0.0016884
0.00230413
0.00291583
0.00346805
0.00398309
0.00449933
0.00436025
0.00272365
0.00115597
-0.000413397
-0.000221696
8.60328e-05
0.000388268
0.000248395
-0.000166082
-0.000567855
-0.000507924
0.000608555
0.00167665
0.00274596
0.00225872
0.00166885
0.00108411
0.000456732
-0.000196778
-0.000848536
-0.00141049
-0.0016189
-0.00184291
-0.00206602
-0.00232426
-0.00258461
-0.00284464
-0.00303237
-0.00317512
-0.00331975
-0.00345653
-0.00357577
-0.00369568
-0.00381545
-0.00384533
-0.00386919
-0.00389331
-0.0039263
-0.00396482
-0.00400306
-0.00402676
-0.00399308
-0.00396196
-0.00393076
-0.00396108
-0.00399548
-0.00402968
-0.00396752
-0.00384548
-0.00372619
-0.00365038
-0.00367415
-0.00369351
-0.00371305
-0.00373196
-0.00375081
-0.00376966
-0.00372375
-0.00363759
-0.00355327
-0.00352858
-0.0036404
-0.00374613
-0.00385203
-0.0040326
-0.00421804
-0.0044031
-0.00443862
-0.00438109
-0.00432767
-0.00427195
-0.00420765
-0.00414378
-0.00407994
-0.00419227
-0.00431638
-0.00443986
-0.00449988
-0.00452039
-0.00454259
-0.0045522
-0.00453317
-0.0045154
-0.00449759
-0.00444736
-0.00439498
-0.00434274
-0.00431902
-0.00431307
-0.00430636
-0.00429073
-0.00423968
-0.00419021
-0.00414071
-0.00419152
-0.00424908
-0.00430631
-0.00428025
-0.00420233
-0.00412671
-0.00411455
-0.00424774
-0.00437455
-0.00450153
-0.00462148
-0.00474086
-0.00486016
-0.004891
-0.00486672
-0.00484484
-0.00484731
-0.00490574
-0.00496172
-0.00501775
-0.0050941
-0.00517177
-0.00524932
-0.00518553
-0.0050337
-0.00488576
-0.00475526
-0.00469403
-0.00462989
-0.00456593
-0.00477102
-0.00499432
-0.00521666
-0.00528068
-0.00524599
-0.00521554
-0.00519496
-0.00519738
-0.00519882
-0.0052003
-0.00509868
-0.00499008
-0.00488187
-0.00472847
-0.00454697
-0.00436681
-0.00420901
-0.00413941
-0.00406613
-0.00399307
-0.00405516
-0.00412647
-0.00419734
-0.00422204
-0.00421793
-0.00421504
-0.00422367
-0.00425877
-0.00429272
-0.00432669
-0.00430186
-0.004273
-0.00424433
-0.00417893
-0.00409065
-0.00400341
-0.00389323
-0.00373056
-0.00357023
-0.00340994
-0.00276553
-0.0020882
-0.00141282
-0.00102483
-0.000816313
-0.000600453
-0.000358596
-1.21384e-05
0.000329653
0.000671354
0.00173906
0.00285619
0.00397033
0.00437006
0.00432373
0.00429604
0.00437345
0.00469329
0.00500277
0.00531241
0.00575895
0.00621465
0.00666958
0.00669165
0.00644347
0.00620672
0.0060573
0.00625471
0.00643756
0.00662086
0.00646817
0.00629224
0.00611741
0.00599463
0.00590442
0.00581293
0.00586762
0.00625688
0.00663198
0.00700737
0.00656326
0.00606237
0.00556423
0.00543977
0.00554883
0.00564818
0.00569531
0.00562201
0.00555372
0.00548528
0.00527036
0.00504537
0.00482097
0.00470011
0.00464398
0.00458524
0.00456134
0.00467476
0.00478245
0.00489029
0.00510972
0.0053368
0.00556339
0.005154
0.00434725
0.0035574
0.00318601
0.00377394
0.00432223
0.00487169
0.00427398
0.00359616
0.00292216
0.00316231
0.00397396
0.00476168
0.00524701
0.0045338
0.0038699
0.00320452
0.00346583
0.00379215
0.00411557
0.00390335
0.00335617
0.00282301
0.00247479
0.00255103
0.00261002
0.00266966
0.00246727
0.00224654
0.00202673
0.00206344
0.00226061
0.00245115
0.0026226
0.00274988
0.00287884
0.00300762
0.00321032
0.0034181
0.00362551
0.00311382
0.00215236
0.00120976
0.000526496
0.000870281
0.00117254
0.00147623
0.00195691
0.00244979
0.00294179
0.00277685
0.00220081
0.00164169
0.00128952
0.00141255
0.00151647
0.00162108
0.00170894
0.00179554
0.00188213
0.00228406
0.00288328
0.00347415
0.00376945
0.00289504
0.00206792
0.00123958
0.00177884
0.00241507
0.00304694
0.00293385
0.00235424
0.00179363
0.00130303
0.000974041
0.000638904
0.000304276
0.00130567
0.00240167
0.00349306
0.00337909
0.00251012
0.00167172
0.00114796
0.00134731
0.00151793
0.00168954
0.00173876
0.0017792
0.00181996
0.00183554
0.00183536
0.0018358
0.00175886
0.0013757
0.00100489
0.00063389
0.000704144
0.000805968
0.00090647
0.000953091
0.000965904
0.000980033
0.00103177
0.00123263
0.00142747
0.00162241
0.00147948
0.00131239
0.00114638
0.000869521
0.000523297
0.000180057
-7.87133e-05
-3.44081e-06
5.87244e-05
0.000121353
0.000821555
0.00156716
0.00231041
0.00226416
0.00172292
0.00120139
0.000813097
0.000954109
0.00107441
0.00119543
0.00199709
0.00284728
0.00369492
0.00341622
0.00243124
0.00147443
0.000737641
0.000874023
0.000976455
0.00108012
0.00105269
0.0010158
0.000979308
0.000769409
0.00045081
0.000136659
-9.48585e-05
7.3402e-07
8.3623e-05
0.000166938
0.000882538
0.00164344
0.002402
0.00225463
0.00153887
0.000845555
0.000304772
0.000369768
0.000411415
0.000453928
2.69859e-06
-0.000484048
-0.000969056
-0.00123554
-0.00136479
-0.00149921
-0.00154447
-0.00123783
-0.000944914
-0.000651696
-0.000442245
-0.000239025
-3.5723e-05
-7.7219e-05
-0.000272356
-0.000461473
-0.00065997
-0.000895119
-0.00112869
-0.00136214
-0.00146124
-0.00155048
-0.00164003
-0.00142937
-0.00103028
-0.000638663
-0.000387352
-0.000691841
-0.000974965
-0.00125869
-0.000754659
-0.000193465
0.000365133
0.000643951
0.000746938
0.000856515
0.000943244
0.000940749
0.000941635
0.000942392
0.00115064
0.00137393
0.00159648
0.0018535
0.00213209
0.00240965
0.00256726
0.00225034
0.00195156
0.00165232
0.00164538
0.00165987
0.00167354
0.00163845
0.00157271
0.00150818
0.00145168
0.00142705
0.00140124
0.00137549
0.00114792
0.000905695
0.000664197
0.00108084
0.00191097
0.00272498
0.00322631
0.00248876
0.00179817
0.00110634
0.00143473
0.00183797
0.0022381
0.00219663
0.00187752
0.00156902
0.00127834
0.00105909
0.000837344
0.000615854
0.000488073
0.000367285
0.000246327
0.000301846
0.000468297
0.000630495
0.000742797
0.000657206
0.000579035
0.000500646
0.000345328
0.00018443
2.38584e-05
0.000790919
0.00214112
0.0034687
0.00421146
0.00263747
0.00115046
-0.000338672
-0.000153116
0.000156223
0.000460756
0.000502625
0.000379158
0.00026189
0.000177537
0.000224211
0.000266016
0.000307969
0.00022921
0.000141555
5.42925e-05
0.000214369
0.00053002
0.000839712
0.000988122
0.000497497
3.07257e-05
-0.000436579
0.000260731
0.00104407
0.00182368
0.00175448
0.00115109
0.000567735
0.000114816
0.000180228
0.000226606
0.000273647
4.11137e-05
-0.000212066
-0.000464305
-0.000669194
-0.000844209
-0.00102019
-0.000971332
-3.236e-05
0.00087344
0.00177979
0.00171371
0.00157519
0.00143941
0.00156005
0.00184213
0.00211814
0.00227372
0.00195197
0.0016478
0.00134322
0.00106762
0.000794357
0.000521207
0.000798985
0.00142359
0.00203517
0.0025168
0.00248305
0.002468
0.00245229
0.00231121
0.00216083
0.00201091
0.00196911
0.00199543
0.00201927
0.00204246
0.00206277
0.00208317
0.00210355
0.00237678
0.00266877
0.00295987
0.00308902
0.0031161
0.00314684
0.00313486
0.00295424
0.00277982
0.0026053
0.00296715
0.00336903
0.00376918
0.00365802
0.00322469
0.00280324
0.00243988
0.00230753
0.00216699
0.00202685
0.00215053
0.00229397
0.0024366
0.00261821
0.00282432
0.0030294
0.00325712
0.00357477
0.00388899
0.00420311
0.0034697
0.00265786
0.0018494
0.00149906
0.00143764
0.00136597
0.00147859
0.00231982
0.00313452
0.00394959
0.00293586
0.0017848
0.000639442
0.00038511
0.000692718
0.00098016
0.00135724
0.00208725
0.00280423
0.00352116
0.00320641
0.00281388
0.00242439
0.00193909
0.00139357
0.000850568
0.000549406
0.00120577
0.00182783
0.00245066
0.00229105
0.00207232
0.00185583
0.00168693
0.00154814
0.00140838
0.00133066
0.00149838
0.00165733
0.00181648
0.00208203
0.00235548
0.00262846
0.00273562
0.00273812
0.00274431
0.00263889
0.00209176
0.00156052
0.00102909
0.000919755
0.000842542
0.000764257
0.000814819
0.000946641
0.00107553
0.0012292
0.00148095
0.0017291
0.0019772
0.00166958
0.00131987
0.000971878
0.000744981
0.000594599
0.000441652
0.000305695
0.000236392
0.000164815
9.33662e-05
3.81064e-05
-1.58853e-05
-6.98836e-05
0.000109162
0.000435264
0.000756028
0.000960208
0.000702274
0.000460566
0.000218462
0.000483763
0.000787619
0.00108993
0.000820749
0.000190804
-0.000426208
-0.000906298
-0.000843214
-0.000798969
-0.000754103
-0.000477302
-0.000182941
0.000110609
-2.99001e-05
-0.000444481
-0.000849314
-0.00106999
-0.00056027
-7.6086e-05
0.000408644
0.000293436
0.000132374
-2.69968e-05
-4.00446e-05
3.93623e-05
0.000115534
9.72075e-05
-0.000295958
-0.000675973
-0.00105618
-0.000785204
-0.000464471
-0.000145666
6.84923e-05
0.000216454
0.000366584
0.000511869
0.000638559
0.000765799
0.000892934
0.000319032
-0.00030835
-0.000933474
-0.00102497
-0.000779242
-0.000545204
-0.000371348
-0.000437163
-0.000494753
-0.000552585
-0.000427124
-0.000287644
-0.000148738
0.000209427
0.000706052
0.00119762
0.00156381
0.00143328
0.00131973
0.00120568
0.00132533
0.00146291
0.00159978
0.00162203
0.0015718
0.00152407
0.00139705
0.000955942
0.000525784
9.55464e-05
0.00011091
0.000160635
0.000209163
2.0323e-05
-0.000318555
-0.000652131
-0.000864203
-0.000594575
-0.000341403
-8.7846e-05
4.03042e-05
0.000158691
0.000277328
0.000333599
0.00035043
0.000368579
0.000423746
0.000625875
0.000822919
0.00102
0.000819606
0.00058858
0.000358739
5.43084e-05
-0.000297198
-0.000646886
-0.000875467
-0.000624384
-0.000389565
-0.000154359
-0.000537578
-0.000968481
-0.0013975
-0.00158139
-0.00161016
-0.00164411
-0.00161459
-0.00133421
-0.0010624
-0.000790497
-0.000712017
-0.000648591
-0.000584704
-0.0104239
-0.0265258
-0.0424081
0.00125534
-0.000235361
-0.000219936
-0.000254708
-0.000553063
-0.000871908
-0.00118986
-0.00109075
-0.000727745
-0.000373762
-8.0159e-05
-2.64439e-05
3.52053e-05
9.655e-05
0.00019861
0.000303777
0.000408771
0.000373653
0.000249869
0.000129106
5.63651e-05
0.000174186
0.00028562
0.000397191
0.000316457
0.000220786
0.000125672
-0.000251184
-0.000806277
-0.00135511
-0.00164223
-0.000891893
-0.000176288
0.00053999
-7.99781e-05
-0.000803849
-0.00152382
-0.00189249
-0.0020386
-0.00219194
-0.00218312
-0.00153256
-0.000903537
-0.000274218
-0.000687102
-0.00118118
-0.00167227
-0.00188816
-0.0019297
-0.00197693
-0.0020491
-0.00222098
-0.00238948
-0.00255798
-0.00160132
-0.000557186
0.000483404
0.000676128
0.000331789
5.24276e-06
-0.000343536
-0.000778791
-0.00121094
-0.0016429
-0.00186973
-0.00208036
-0.00229137
-0.00248802
-0.00267553
-0.00286321
-0.00297649
-0.00279509
-0.0026234
-0.00245151
-0.00247949
-0.00252313
-0.00256623
-0.00258156
-0.00257926
-0.00257754
-0.00258998
-0.00265861
-0.00272537
-0.00279215
-0.00288278
-0.00297523
-0.00306756
-0.00288357
-0.00252452
-0.00217138
-0.00187338
-0.00179413
-0.00170785
-0.00162186
-0.00155002
-0.00147934
-0.00140867
-0.00166604
-0.00213124
-0.00258942
-0.00297333
-0.00306265
-0.00316142
-0.00325982
-0.00273922
-0.00217015
-0.001603
-0.00130905
-0.00118837
-0.00106218
-0.00104896
-0.00148278
-0.00190195
-0.00232132
-0.00202179
-0.00166573
-0.0013117
-0.00107079
-0.000901668
-0.000730353
-0.000569034
-0.000446749
-0.000323291
-0.00019995
-0.000409513
-0.000645251
-0.00088
-0.00116908
-0.00149253
-0.00181467
-0.00198134
-0.00153183
-0.00110229
-0.000672384
-0.00102211
-0.0014333
-0.00184226
-0.00196044
-0.00189415
-0.00183378
-0.00178814
-0.00180157
-0.00181312
-0.00182471
-0.00197518
-0.00213656
-0.00229749
-0.00243688
-0.00256256
-0.0026886
-0.00274987
-0.00255459
-0.00236758
-0.00218043
-0.00210674
-0.0020421
-0.0019772
-0.00215125
-0.00247682
-0.00279739
-0.0030777
-0.00319831
-0.0033239
-0.00344925
-0.0034486
-0.00343795
-0.00342762
-0.00346653
-0.00353667
-0.00360577
-0.00366249
-0.00367006
-0.00367918
-0.00368825
-0.00374889
-0.00381361
-0.00387815
-0.00392924
-0.00397177
-0.00401454
-0.00405355
-0.00407774
-0.00410238
-0.00412699
-0.0041233
-0.00411736
-0.0041115
-0.00412289
-0.00414524
-0.00416723
-0.00418519
-0.00418711
-0.00418954
-0.00419195
-0.00420974
-0.00422874
-0.00424769
-0.00428781
-0.00434135
-0.00439444
-0.00442131
-0.00434426
-0.0042705
-0.00419668
-0.00427793
-0.0043715
-0.00446463
-0.00449929
-0.0044968
-0.00449548
-0.00448033
-0.00441047
-0.00434236
-0.00427423
-0.00435389
-0.00444532
-0.00453632
-0.00455149
-0.00451851
-0.00448705
-0.00445763
-0.00443644
-0.00441502
-0.00439362
-0.00444841
-0.00450926
-0.00456989
-0.0045916
-0.0045886
-0.00458636
-0.00458465
-0.00458516
-0.0045856
-0.00458604
-0.00460505
-0.00462553
-0.00464596
-0.00462834
-0.00458655
-0.00454554
-0.00452973
-0.00461396
-0.00469505
-0.00477618
-0.00476893
-0.0047546
-0.0047405
-0.00470202
-0.00464806
-0.00459462
-0.00455003
-0.00458473
-0.00461696
-0.00464925
-0.00465794
-0.00457306
-0.00449111
-0.00440912
-0.0044845
-0.00459431
-0.00470301
-0.00473424
-0.00469041
-0.00464892
-0.00460738
-0.00456587
-0.00452438
-0.00448292
-0.00444148
-0.0044707
-0.00456833
-0.00466382
-0.00474655
-0.00471477
-0.00468652
-0.00465817
-0.00469131
-0.0047379
-0.00478406
-0.00481871
-0.0048422
-0.00486602
-0.00488555
-0.00486685
-0.00484931
-0.00483176
-0.00482824
-0.0048278
-0.00482726
-0.00483388
-0.00484741
-0.00486073
-0.00487704
-0.00492018
-0.00496248
-0.00500478
-0.00492194
-0.00481168
-0.00470232
-0.00467046
-0.00471371
-0.00475465
