0
0.0173135
0.0154768
0.0151934
0.0147815
0.0152395
0.0161965
0.0171105
0.0176679
0.0174174
0.0172341
0.0170456
0.0158873
0.0147031
0.013523
0.0136449
0.0145258
0.0153428
0.0159951
0.0162665
0.0165688
0.016868
0.0153206
0.0139267
0.0125226
0.0125844
0.0135009
0.0143463
0.0147186
0.0140155
0.013401
0.0127803
0.0128513
0.0128662
0.0128855
0.0131583
0.0135791
0.0139873
0.0138502
0.0124852
0.0112213
0.00995136
0.010757
0.0116246
0.0124858
0.0126422
0.012386
0.0121633
0.0116328
0.0104156
0.00925523
0.00809217
0.00765958
0.00725026
0.00683973
0.00648356
0.00615933
0.00583307
0.00586406
0.00669795
0.00746679
0.00823957
0.00752526
0.0067649
0.00600938
0.00540272
0.00488388
0.00435892
0.0039844
0.0039463
0.00388176
0.00381941
0.00494275
0.00597119
0.00700545
0.00667046
0.00553256
0.00445932
0.00361673
0.00330306
0.00294857
0.00259781
0.00248779
0.00235917
0.0022322
0.00198116
0.00165747
0.00133992
0.0014611
0.0025709
0.00360235
0.00463827
0.00361083
0.00251569
0.00142747
0.000803718
0.000453733
8.31808e-05
-0.000223253
-0.000389683
-0.000566626
-0.000742489
-0.000826985
-0.00090824
-0.000989619
-0.00108062
-0.00117723
-0.00127327
-0.00131905
-0.00125163
-0.00119296
-0.0011337
-9.17229e-05
0.00098295
0.0020535
0.00188388
0.000983484
0.000139943
-0.000562475
-0.000938413
-0.00133851
-0.00173618
-0.00181158
-0.00191122
-0.00200888
-0.0021469
-0.00230855
-0.00246818
-0.00258665
-0.00261227
-0.00264484
-0.00267683
-0.00270996
-0.00274295
-0.0027759
-0.00288167
-0.00303037
-0.00317564
-0.00325953
-0.0032047
-0.00316031
-0.00311521
-0.00317261
-0.00323367
-0.00329436
-0.00344826
-0.00365715
-0.00386164
-0.00397648
-0.00388871
-0.00381608
-0.00374244
-0.00375969
-0.00378027
-0.00380058
-0.00379672
-0.00377857
-0.00376149
-0.00380752
-0.00399611
-0.00417394
-0.0043523
-0.0043995
-0.00444172
-0.00448424
-0.00445476
-0.00438266
-0.0043138
-0.00425609
-0.00422399
-0.00419007
-0.00415634
-0.00394783
-0.00375235
-0.00355621
-0.00304588
-0.00234961
-0.00166785
-0.00139967
-0.00206635
-0.00266433
-0.00326641
-0.00342479
-0.00361502
-0.00380268
-0.00378916
-0.00365622
-0.00353208
-0.00299226
-0.00151497
-0.000107256
0.00130344
0.000719396
5.81595e-05
-0.000596591
-0.00102017
-0.00130602
-0.00160132
-0.00178417
-0.00171517
-0.00166425
-0.00161211
-0.000564615
0.000520978
0.00160231
0.00151256
0.000726887
-8.20973e-06
-0.00056843
-0.000726572
-0.000913005
-0.00109717
-0.000293841
0.000548097
0.00138611
0.00203434
0.00256921
0.00311133
0.00328611
0.00263295
0.00203903
0.00144177
0.00150344
0.00151872
0.00153723
0.00246432
0.00393186
0.00535946
0.00609904
0.00527961
0.00457035
0.00385438
0.00338
0.00288942
0.00240065
0.00216905
0.00209082
0.00200202
0.00251807
0.00439968
0.00618385
0.0079723
0.00675575
0.00541577
0.0040862
0.00336297
0.00300201
0.00261651
0.00231667
0.00220585
0.00208216
0.00195952
0.00359715
0.00530682
0.00700919
0.00703274
0.00605435
0.00514607
0.0042561
0.00341712
0.00257579
0.00173577
0.00152716
0.00134568
0.00116259
0.00221349
0.00400064
0.00573517
0.00682193
0.00643801
0.00615465
0.00586485
0.00460977
0.00342193
0.00223114
0.00156887
0.0012226
0.000855398
0.00100555
0.0023224
0.00355863
0.00479864
0.00493996
0.00515518
0.00536512
0.00502342
0.00435173
0.00370314
0.00305047
0.00239104
0.00173294
0.00107563
0.000798561
0.000538519
0.000277685
0.000886818
0.00201631
0.00310953
0.00390359
0.00401676
0.00417516
0.00433034
0.00330443
0.00222732
0.00115505
0.000596112
0.000345092
7.39727e-05
-0.000182386
-0.000408913
-0.000637115
-0.000864905
0.000610905
0.0021613
0.00370472
0.00412445
0.00387017
0.00366065
0.00320772
0.00221003
0.00124949
0.000287774
-1.25268e-05
-0.000355861
-0.000695922
-0.000914772
-0.00106068
-0.00121117
-0.00135284
-0.00147548
-0.0015992
-0.00172268
-0.00170006
-0.001687
-0.00167333
-0.000839808
0.000485498
0.00177708
0.0023313
0.00121209
0.000203
-0.000811925
-0.00113475
-0.00142536
-0.00171767
-0.00186945
-0.00193683
-0.00200958
-0.0021171
-0.00230436
-0.00248624
-0.00266823
-0.00283773
-0.00300646
-0.00317502
-0.00338195
-0.00361186
-0.00384001
-0.00400011
-0.00400614
-0.00402204
-0.00403729
-0.00401291
-0.0039867
-0.00396064
-0.00392879
-0.00389348
-0.00385844
-0.00386575
-0.00396905
-0.0040661
-0.00416342
-0.00427058
-0.00437698
-0.0044833
-0.00445767
-0.00435264
-0.00425278
-0.00424143
-0.00443138
-0.00460834
-0.0047859
-0.00470844
-0.00464719
-0.00458499
-0.00458947
-0.00463406
-0.00467606
-0.00470109
-0.0046873
-0.00467597
-0.0046645
-0.00461511
-0.00456396
-0.00451297
-0.00451904
-0.0045595
-0.00459775
-0.00467602
-0.00484478
-0.00500768
-0.00517073
-0.00514261
-0.00510524
-0.00506849
-0.00491167
-0.00468252
-0.00445815
-0.00416197
-0.00370318
-0.00325507
-0.00280685
-0.00283657
-0.00283661
-0.0028385
-0.00300695
-0.00327594
-0.00353839
-0.00378911
-0.00401274
-0.00423776
-0.00446241
-0.00463439
-0.00480941
-0.00498402
-0.00496271
-0.00482306
-0.00469085
-0.00458937
-0.00455848
-0.00452329
-0.00448842
-0.0038176
-0.00311593
-0.00241701
-0.00240712
-0.00281375
-0.00319444
-0.0035313
-0.00376558
-0.00400584
-0.00424544
-0.00443067
-0.00461898
-0.00480688
-0.00484572
-0.00479439
-0.0047486
-0.0046435
-0.00440449
-0.00417388
-0.00394304
-0.00327831
-0.00259242
-0.00190864
-0.00186494
-0.00220865
-0.00252856
-0.00274479
-0.00272279
-0.00271517
-0.0027067
-0.00199064
-0.00131799
-0.000643535
-0.000717059
-0.00124334
-0.00174182
-0.00208714
-0.00208154
-0.00209696
-0.0021111
-0.000671828
0.000678851
0.00203321
0.00203976
0.00122995
0.000469791
-0.000147534
-0.000434751
-0.000741275
-0.00104629
7.03142e-06
0.00112919
0.00224594
0.00260851
0.00251356
0.00244585
0.00236152
0.00224312
0.00212686
0.00201062
0.00287502
0.00368047
0.00448845
0.00468339
0.00450655
0.00435181
0.00412465
0.0037357
0.00335673
0.00297761
0.00387158
0.00483107
0.00578558
0.00628499
0.00650782
0.00674658
0.00681701
0.00650746
0.0062205
0.00593256
0.0065472
0.00710844
0.00767214
0.00793214
0.00800773
0.00809396
0.00796729
0.00735832
0.0067781
0.00619689
0.00697856
0.00768023
0.00838572
0.00867905
0.00872198
0.00877937
0.00872856
0.00843386
0.00815361
0.00787284
0.00828202
0.0087275
0.00917037
0.00885836
0.00808747
0.00734389
0.00656506
0.00570866
0.0048577
0.0040074
0.00518007
0.00623533
0.00729611
0.00755163
0.00731746
0.00711158
0.00673258
0.0059634
0.00521739
0.00447091
0.0043281
0.00421796
0.00410608
0.00496931
0.00642557
0.00784642
0.00835599
0.00679075
0.00534518
0.00389445
0.00347715
0.0030017
0.00253009
0.0032478
0.00468959
0.00608876
0.00688459
0.00630468
0.00580315
0.00529776
0.00445522
0.00363263
0.00280986
0.00235741
0.00213073
0.00189161
0.0021832
0.00367998
0.00510737
0.00653706
0.00586361
0.0050755
0.00429471
0.00351948
0.0027482
0.00197756
0.0013857
0.0011995
0.000990845
0.000783679
0.00182881
0.00280293
0.00377992
0.00414643
0.00414059
0.00415547
0.00386674
0.00288989
0.00195236
0.00101369
0.000634856
0.000287442
-6.13287e-05
-0.000330061
-0.000549905
-0.000772212
-0.000579313
0.000557805
0.0016415
0.00272695
0.00262496
0.00258858
0.00254863
0.00202333
0.00120178
0.000397453
-0.000242425
-0.000506979
-0.000791865
-0.00107532
-0.00130454
-0.00153648
-0.00176802
-0.00190914
-0.00199496
-0.00208371
-0.00180791
-0.000702777
0.000355828
0.00141582
0.00113099
0.00077064
0.000414798
-4.29576e-05
-0.000562664
-0.00107843
-0.00148603
-0.00164761
-0.00182239
-0.00199626
-0.00215499
-0.00231437
-0.00247354
-0.00258536
-0.00266819
-0.0027525
-0.00261191
-0.00195955
-0.00133557
-0.000710727
-0.000709259
-0.000743298
-0.000775385
-0.00103788
-0.00144115
-0.0018364
-0.00219644
-0.00247582
-0.00275924
-0.00304214
-0.00305059
-0.00307376
-0.00309611
-0.00314819
-0.00321841
-0.00328759
-0.00337914
-0.00352159
-0.00366118
-0.00380076
-0.00367344
-0.00356051
-0.00344692
-0.0031122
-0.00264218
-0.00217987
-0.00195073
-0.00225303
-0.00252674
-0.00280168
-0.00297841
-0.00314929
-0.0033203
-0.00343711
-0.00352068
-0.00360592
-0.00368135
-0.00373476
-0.00378929
-0.00384369
-0.00382168
-0.00380374
-0.00378559
-0.00376909
-0.00375359
-0.00373805
-0.00374776
-0.00381497
-0.00387909
-0.00394329
-0.00384873
-0.00374499
-0.00364184
-0.00350059
-0.00333604
-0.0031729
-0.00313801
-0.00339535
-0.00363712
-0.00387945
-0.00379399
-0.00372575
-0.00365668
-0.00369943
-0.00381072
-0.00391832
-0.00399831
-0.00401504
-0.00403506
-0.00405488
-0.00404127
-0.00402569
-0.00401023
-0.00376716
-0.00338448
-0.00300945
-0.00285297
-0.00319504
-0.00351092
-0.00382783
-0.00399963
-0.00416269
-0.00432603
-0.00431283
-0.00419127
-0.00407543
-0.00399652
-0.00406417
-0.00412419
-0.00418454
-0.00420831
-0.00422987
-0.00425153
-0.00393008
-0.00339801
-0.00287729
-0.00258375
-0.00280876
-0.00300694
-0.00320629
-0.0034782
-0.0037542
-0.00402971
-0.0041256
-0.00411107
-0.0041022
-0.00409703
-0.00410757
-0.00411731
-0.00412707
-0.0041688
-0.00421241
-0.00425587
-0.00428912
-0.00431608
-0.00434332
-0.0042371
-0.00382657
-0.00343191
-0.00303685
-0.00312743
-0.0032472
-0.00336537
-0.00351664
-0.00368816
-0.00385849
-0.00397045
-0.00394941
-0.00393511
-0.00392049
-0.00393167
-0.00394441
-0.00395705
-0.0040272
-0.00413271
-0.00423634
-0.00432264
-0.00434051
-0.00436179
-0.00438288
-0.00442313
-0.00446451
-0.00450578
-0.00420617
-0.00369682
-0.00319848
-0.00289414
-0.00303298
-0.00314952
-0.00326706
-0.0157988
-0.029077
-0.0423046
-0.0555216
0.000468679
-0.00201276
-0.00171813
-0.00211507
-0.0024772
-0.0028407
-0.00315498
-0.00346597
-0.00377682
-0.00384193
-0.00375562
-0.00367691
-0.00334064
-0.0024175
-0.00152432
-0.000630543
-0.000578061
-0.000577373
-0.000574128
-0.000395029
-0.000107524
0.000174349
0.00049886
0.000920391
0.00133673
0.00175291
0.00170548
0.00162947
0.00155493
0.00166648
0.00189276
0.00211318
0.00237107
0.00277636
0.00317403
0.00357168
0.00390617
0.00423645
0.00456661
0.00499159
0.00547491
0.00595491
0.00634311
0.00652203
0.00671098
0.00689926
0.00678983
0.00666196
0.00653511
0.00667426
0.00697754
0.00727254
0.00750947
0.00751639
0.00753447
0.00755199
0.00765682
0.00776701
0.00787683
0.00802354
0.00819296
0.00836113
0.00840941
0.00818409
0.00797221
0.00775989
0.00787089
0.00800207
0.00813215
0.00812985
0.00804576
0.00796569
0.00780893
0.00747743
0.00715465
0.00683176
0.00678562
0.00675694
0.00672744
0.00677806
0.00687813
0.00697574
0.00704208
0.00698476
0.00693342
0.00688184
0.00695807
0.00704232
0.0071261
0.0069703
0.00666646
0.00636997
0.00600673
0.00549151
0.00498402
0.00447664
0.00473639
0.00504456
0.00535013
0.00546038
0.00544976
0.00544489
0.00527211
0.00443725
0.00363456
0.00283111
0.00261729
0.00244117
0.00226343
0.00288886
0.00401077
0.00510817
0.00563021
0.00483674
0.00410607
0.00337313
0.00363931
0.00396905
0.00429549
0.00453109
0.0047103
0.00489199
0.00514136
0.00554582
0.00594262
0.00633941
0.00632124
0.00627651
0.00623307
0.00552415
0.00440361
0.00330339
0.00238904
0.00220967
0.00199612
0.00178436
0.00148359
0.00117736
0.000871668
0.000646762
0.000471959
0.000294986
0.000107586
-0.000104092
-0.000314445
-0.000524663
-0.000510041
-0.000480926
-0.000452511
-0.000456548
-0.000480704
-0.000503905
-0.000538231
-0.000616395
-0.000692457
-0.000768546
-0.000879885
-0.000993413
-0.00110674
-0.00125691
-0.00142988
-0.00160163
-0.0017261
-0.00174262
-0.00176409
-0.00178532
-0.00200557
-0.00223855
-0.00247073
-0.00257902
-0.00261046
-0.0026454
-0.00270574
-0.00282456
-0.00294059
-0.00305664
-0.00303094
-0.00299602
-0.00296156
-0.00291076
-0.00284986
-0.00278948
-0.0027415
-0.00274244
-0.00274114
-0.00273995
-0.00274498
-0.0027504
-0.00275581
-0.00285316
-0.00300749
-0.0031591
-0.00328238
-0.00334082
-0.00340215
-0.0034633
-0.00354476
-0.00362749
-0.00371008
-0.00378545
-0.00385632
-0.00392732
-0.00398115
-0.00396731
-0.00395654
-0.00394564
-0.00399518
-0.00404864
-0.00410189
-0.00411323
-0.00409855
-0.00408506
-0.00406448
-0.00402779
-0.00399186
-0.00395592
-0.0039976
-0.00404436
-0.00409086
-0.00410954
-0.00411093
-0.00411311
-0.00410927
-0.00409176
-0.00407489
-0.004058
-0.00411767
-0.00418236
-0.00424677
-0.00428939
-0.00431845
-0.00434809
-0.00437761
-0.00440682
-0.00443601
-0.00446518
-0.00444689
-0.00442545
-0.00440418
-0.00439426
-0.00439139
-0.00438822
-0.00437801
-0.00435167
-0.00432607
-0.00430046
-0.004319
-0.00434047
-0.00436179
-0.00439128
-0.00442584
-0.00446014
-0.00448525
-0.00447411
-0.00446457
-0.00445498
-0.00445866
-0.00446322
-0.00446774
-0.00441286
-0.00432106
-0.00423097
-0.00416348
-0.00414777
-0.00412979
-0.00411193
-0.00411042
-0.00411001
-0.00410956
-0.00408832
-0.00405418
-0.00402062
-0.00401138
-0.00405778
-0.00410169
-0.00414568
-0.00417539
-0.00420411
-0.00423286
-0.00425097
-0.00426247
-0.00427425
-0.00428636
-0.00429985
-0.00431326
-0.00432666
-0.00439003
-0.00445672
-0.0045232
-0.00446288
-0.00432366
-0.004188
-0.00393604
-0.0034182
-0.00291238
-0.00240647
-0.00257143
-0.00278157
-0.00298957
-0.00267686
-0.00204006
-0.00141785
-0.000887999
-0.000724203
-0.000544701
-0.000366035
0.00028082
0.000958886
0.00163502
0.0021842
0.00265413
0.00312707
0.00346303
0.00348636
0.00352316
0.00355934
0.004057
0.00458563
0.00511246
0.00551615
0.00584296
0.0061728
0.00648363
0.00675165
0.00702126
0.00729058
0.00748907
0.00768257
0.00787613
0.0080795
0.00828893
0.00849792
0.0086718
0.0087073
0.00874868
0.00878978
0.00863987
0.00847704
0.00831489
0.00825132
0.00824922
0.0082445
0.00823202
0.0082015
0.00817178
0.00814204
0.00797592
0.00780058
0.00762578
0.00765733
0.00781753
0.00797213
0.00806949
0.00793991
0.00782005
0.00769989
0.00741934
0.00712799
0.00683735
0.00674988
0.00678915
0.00682303
0.00686832
0.00693924
0.00700902
0.00707879
0.00684932
0.00659943
0.00635061
0.00629564
0.00636162
0.00642246
0.00632667
0.00587184
0.00543248
0.00499283
0.00523842
0.00553111
0.00582157
0.00576689
0.0054968
0.00523597
0.00497816
0.00473318
0.00448787
0.00424277
0.00420425
0.00418004
0.00415525
0.00445467
0.00495633
0.00544913
0.00560581
0.00499253
0.00441183
0.00383027
0.00369714
0.00359522
0.00349208
0.00352522
0.0036434
0.00375794
0.00384006
0.00379354
0.00375241
0.00371108
0.00367093
0.00363088
0.00359087
0.00350571
0.00339239
0.00328033
0.00328464
0.00355546
0.00381504
0.00407487
0.00386671
0.00362608
0.00338698
0.00302281
0.00258066
0.00214208
0.00183384
0.00182398
0.00180185
0.00178024
0.00180962
0.00184254
0.00187529
0.00205598
0.00232903
0.00259808
0.00274025
0.00238044
0.00204151
0.00170199
0.00165874
0.00163626
0.00161295
0.00190946
0.00240574
0.00289345
0.00311458
0.00272477
0.00236022
0.00199493
0.00184876
0.00171808
0.00158687
0.00152288
0.00150091
0.00147726
0.00146488
0.00149683
0.00152695
0.00155712
0.00163268
0.00171139
0.0017899
0.00184106
0.0018751
0.00190981
0.0018469
0.00156042
0.00128322
0.00100587
0.000933831
0.000876324
0.000818276
0.000672877
0.000472867
0.000275224
0.00012361
7.74733e-05
2.71203e-05
-2.30222e-05
0.000260585
0.000567588
0.000873402
0.000833952
0.000578472
0.000331883
0.000132543
0.000121019
0.000101962
8.32216e-05
-0.00021678
-0.000536497
-0.000855168
-0.000796143
-0.000500743
-0.000215046
-9.50013e-05
-0.000355163
-0.000599909
-0.000845075
-0.000998882
-0.00114609
-0.00129345
-0.00138161
-0.00143271
-0.00148524
-0.00153172
-0.00155462
-0.00157844
-0.00160221
-0.00176927
-0.00194641
-0.00212301
-0.00223443
-0.00230499
-0.00237712
-0.00243199
-0.00244753
-0.00246461
-0.00248163
-0.00242236
-0.00235769
-0.00229328
-0.00225628
-0.00223646
-0.00221597
-0.00224108
-0.00237062
-0.00249593
-0.0026213
-0.00272323
-0.00282341
-0.00292358
-0.00293061
-0.00287931
-0.00283035
-0.00280634
-0.00288137
-0.00295244
-0.00302362
-0.00312048
-0.00321911
-0.0033176
-0.00334
-0.0033147
-0.0032913
-0.00325961
-0.00319538
-0.00313247
-0.00306957
-0.00307724
-0.00308998
-0.00310251
-0.00315346
-0.00322848
-0.0033025
-0.00337248
-0.00342645
-0.003481
-0.00353549
-0.00358356
-0.00363112
-0.00367867
-0.00366543
-0.00361409
-0.00356426
-0.00352592
-0.00353312
-0.00353854
-0.00354402
-0.00348482
-0.00342099
-0.00335739
-0.00342176
-0.00356636
-0.00370773
-0.00382228
-0.00383046
-0.00384275
-0.00385488
-0.00379412
-0.00372813
-0.00366239
-0.00365659
-0.00368838
-0.0037187
-0.00376189
-0.00385592
-0.00394791
-0.00403991
-0.00396243
-0.00387274
-0.00378358
-0.00374369
-0.00373472
-0.00372457
-0.00372258
-0.0037527
-0.00378157
-0.00381046
-0.00383095
-0.00385081
-0.00387067
-0.00394907
-0.00406418
-0.0041778
-0.00421077
-0.00392449
-0.00365066
-0.00337657
-0.00307241
-0.00276628
-0.00246045
-0.00207406
-0.00163719
-0.00120258
-0.000770122
-0.000345506
7.90852e-05
0.000503354
0.000121194
-0.000319463
-0.000757555
-0.000427721
0.000384217
0.00117719
0.00183551
0.00195962
0.00210394
0.00224738
0.00244153
0.00263924
0.00283666
0.00287092
0.0028027
0.00273842
0.00272165
0.0028935
0.00305807
0.00322279
0.00338635
0.00354971
0.00371296
0.00388309
0.00405749
0.00423159
0.00439661
0.00452599
0.00465662
0.00478711
0.00499566
0.00520979
0.00542355
0.00541254
0.00526032
0.00511352
0.004968
0.00482801
0.00468791
0.00454793
0.00439268
0.00423641
0.0040803
0.00401255
0.00400035
0.00398607
0.00402269
0.00426051
0.00449061
0.00472083
0.00451811
0.00428366
0.00405058
0.00414643
0.00444905
0.00474371
0.00494663
0.00478564
0.00463834
0.00449065
0.00449764
0.00451604
0.00453399
0.00437479
0.00410424
0.00383804
0.00355646
0.00321401
0.00287407
0.0025343
0.00295561
0.00343285
0.00390766
0.00380055
0.00332746
0.00286829
0.0024966
0.00247239
0.00243534
0.00239879
0.00258531
0.00278822
0.00299037
0.00290489
0.00263851
0.00237901
0.00213617
0.00195978
0.00178106
0.00160256
0.00157805
0.00156497
0.00155147
0.00155449
0.00156789
0.00158089
0.00163367
0.001844
0.00204838
0.00225282
0.00230182
0.00233924
0.00237705
0.00249507
0.00266353
0.00283002
0.00284556
0.0022632
0.00170317
0.00114274
0.00113278
0.00116377
0.00119325
0.00127254
0.00138312
0.00149248
0.00154783
0.00138925
0.00123859
0.00108775
0.00111706
0.00115977
0.00120196
0.00120994
0.00119635
0.00118356
0.00110054
0.000739396
0.000388623
3.77283e-05
0.000237106
0.000477442
0.000716115
0.000883051
0.00100474
0.00112797
0.00122459
0.00121626
0.00121172
0.00120706
0.000953572
0.000681635
0.000410562
0.000341179
0.000398858
0.000451902
0.000553581
0.000847377
0.00113402
0.00142072
0.0012753
0.00109759
0.000921167
0.00094137
0.00108545
0.00122497
0.00124937
0.000817327
0.00040201
-1.36107e-05
0.000129866
0.000315214
0.000498926
0.000525228
0.000452308
0.000383
0.000333177
0.000360921
0.000385864
0.00041089
0.000255184
8.59881e-05
-8.26036e-05
1.02183e-05
0.000267772
0.000519251
0.000733576
0.000800359
0.000872363
0.00094413
0.000771548
0.00058067
0.000390582
0.000297811
0.000266421
0.000232867
0.000228774
0.000341031
0.000449069
0.000557179
0.000458628
0.000344548
0.000231101
0.000200026
0.000220903
0.000239921
0.000254595
0.000251834
0.000249694
0.000247533
0.000627115
0.00103531
0.00144219
0.00155155
0.00147324
0.00140162
0.00131908
0.00119407
0.00107064
0.000947245
0.000892309
0.00084259
0.000792722
0.000985319
0.00133079
0.00167063
0.00187098
0.0015185
0.00118573
0.000852502
0.000697058
0.000555189
0.000412942
0.000747299
0.00138222
0.00200614
0.00234984
0.00158283
0.000855334
0.000126962
0.000230126
0.000396373
0.000560293
0.000519679
0.000349968
0.000184895
0.000153608
0.00065281
0.00113311
0.00161374
0.00128499
0.000894877
0.000507178
0.00023638
3.9474e-05
-0.000159872
-0.000154208
0.000663165
0.00145169
0.00224066
0.00164359
0.0009413
0.000243154
-4.96832e-05
-8.65263e-05
-0.000132242
-0.000124835
9.17774e-05
0.000300975
0.000510285
0.000313478
8.58014e-05
-0.000140646
-2.56509e-06
0.000365649
0.000725636
0.00092654
0.000496554
8.86957e-05
-0.000319646
-0.000493814
-0.000649979
-0.000806659
-0.000631181
-0.000246017
0.000131644
0.000357332
-1.95643e-05
-0.000375422
-0.00073176
-0.000568131
-0.000364802
-0.000162979
-0.000107681
-0.000144971
-0.00017905
-0.000266575
-0.000565567
-0.000857087
-0.00114866
-0.000896831
-0.00060349
-0.000311775
-0.00032277
-0.000525018
-0.000720571
-0.000921185
-0.00114135
-0.00136069
-0.00157991
-0.00168418
-0.00177956
-0.00187518
-0.00187908
-0.00182503
-0.00177299
-0.00154673
-0.000630045
0.000262454
0.00115517
0.000598986
-6.82837e-05
-0.000731312
-0.00113361
-0.00137097
-0.00161378
-0.0018264
-0.00192062
-0.0020188
-0.00211679
-0.00196998
-0.0018044
-0.00163957
-0.00139634
-0.00110361
-0.000812766
-0.000565461
-0.000490422
-0.000409595
-0.000329018
-0.000555214
-0.000804936
-0.00105369
-0.00114429
-0.00113487
-0.00112884
-0.00112799
-0.00114812
-0.00116752
-0.00118694
-0.00107652
-0.000956135
-0.000836167
-0.000961877
-0.0012429
-0.00151851
-0.00171579
-0.00160242
-0.00149959
-0.00139647
-0.0012503
-0.00110088
-0.000951678
-0.00107814
-0.00137891
-0.00167363
-0.00187679
-0.00171676
-0.00156902
-0.00142097
-0.00148155
-0.00155826
-0.00163438
-0.00169428
-0.00174392
-0.00179386
-0.00185786
-0.00197777
-0.00209573
-0.00221368
-0.00166978
-0.00107485
-0.000482029
-0.00926325
-0.0239728
-0.0384747
0.00013225
-0.00146128
-0.00171374
-0.00201071
-0.00206799
-0.00210676
-0.00214613
-0.00205318
-0.00187653
-0.00170279
-0.00148788
-0.00110983
-0.000737441
-0.000365115
-0.000857757
-0.00141741
-0.00197447
-0.00223487
-0.00230741
-0.00238613
-0.00245605
-0.00249207
-0.00252919
-0.00256624
-0.00204374
-0.00147794
-0.000913954
-0.000665069
-0.000615728
-0.000559828
-0.00052645
-0.000581402
-0.000633402
-0.000685465
-0.000777069
-0.000871706
-0.00096618
-0.00101991
-0.00104784
-0.0010766
-0.000957664
-0.000253295
0.000431354
0.0011162
0.00146797
0.00179352
0.00211971
0.00215921
0.0020172
0.00188123
0.00174908
0.00163258
0.00151565
0.00139881
0.00140714
0.00142526
0.00144306
0.00146456
0.0014884
0.00151215
0.00148946
0.00128268
0.00108204
0.00088134
0.000921255
0.00098
0.00103809
0.00100931
0.000925507
0.000843548
0.000847989
0.00119513
0.00153088
0.00186679
0.00157747
0.00123926
0.000902861
0.000875184
0.00104313
0.00120461
0.00134318
0.00139041
0.00144057
0.0014906
0.00161405
0.0017432
0.00187208
0.00170164
0.00134159
0.000987908
0.000706424
0.000711384
0.00070707
0.00070306
0.000796067
0.000896653
0.00099693
0.000772599
0.000342599
-8.04825e-05
-0.000352983
-2.8236e-05
0.000277035
0.000582738
0.000795035
0.000999853
0.00120478
0.000946613
0.000394982
-0.000146848
-0.00062125
-0.00082802
-0.00104326
-0.00125809
-0.000557867
0.000214141
0.000983349
0.00116256
0.000967657
0.000784881
0.000536741
3.05682e-05
-0.00046701
-0.000964544
-0.0010704
-0.00114527
-0.00122108
-0.00131518
-0.00142089
-0.00152616
-0.00148518
-0.000864265
-0.000262275
0.000339934
0.000489819
0.000603847
0.000718946
0.00039784
-0.000199791
-0.000788225
-0.00126921
-0.00132395
-0.00139224
-0.00146005
-0.00159466
-0.00173449
-0.00187407
-0.00197118
-0.00204132
-0.00211228
-0.00210698
-0.00179951
-0.00150182
-0.00120401
-0.00109242
-0.00099566
-0.000898491
-0.00105654
-0.00137644
-0.00169101
-0.00197317
-0.00212669
-0.00228418
-0.00244145
-0.00244423
-0.00243475
-0.00242566
-0.00244571
-0.00248425
-0.00252218
-0.00257087
-0.00266224
-0.00275219
-0.00284214
-0.00287701
-0.00290747
-0.00293806
-0.00296471
-0.00298887
-0.00301309
-0.00304317
-0.00309655
-0.00314917
-0.00320178
-0.0032055
-0.00320533
-0.00320528
-0.00326172
-0.00335401
-0.00344512
-0.00350865
-0.00346279
-0.0034204
-0.00337792
-0.00339015
-0.00340674
-0.00342318
-0.00343819
-0.00345229
-0.00346641
-0.00348024
-0.00349293
-0.00350564
-0.00351835
-0.00357534
-0.00363583
-0.00369618
-0.00371683
-0.00371227
-0.00370851
-0.00371207
-0.0037448
-0.00377659
-0.0038084
-0.00385972
-0.00391257
-0.00396533
-0.00397921
-0.0039684
-0.00395836
-0.00394617
-0.00392556
-0.00390521
-0.00388488
-0.00393396
-0.00398857
-0.00404297
-0.00405913
-0.00405099
-0.00404361
-0.00404142
-0.00405995
-0.00407782
-0.0040957
-0.00407981
-0.00406123
-0.00404275
-0.00406168
-0.00410438
-0.00414631
-0.00417541
-0.00415358
-0.00413333
-0.00411304
-0.00412474
-0.00413899
-0.00415316
-0.00417998
-0.00421483
-0.00424942
-0.00427927
-0.00426678
-0.00425559
-0.00424437
-0.00423738
-0.00424714
-0.00425639
-0.00426564
-0.00425504
-0.00424011
-0.00422531
-0.00422804
-0.00424775
-0.00426693
-0.00428611
-0.00430527
-0.00432443
-0.00434358
-0.00436271
-0.00435106
-0.00430958
-0.00426904
-0.00423505
-0.00425981
-0.00428276
-0.00430575
-0.00434649
-0.00439111
-0.00443558
-0.00442818
-0.00437053
-0.00431444
-0.00426261
-0.00424904
-0.00423431
-0.00421962
-0.00425809
-0.0043082
-0.00435793
-0.00438495
-0.00438995
-0.00439561
-0.00439861
-0.00437784
-0.00435781
-0.00433777
-0.00432143
-0.0043059
-0.00429035
-0.00431874
-0.0043897
-0.00445933
