0
0.0127183
0.0115606
0.0115993
0.0115386
0.0114712
0.0113944
0.0113186
0.0113303
0.0115389
0.0117309
0.0119239
0.0121405
0.0123575
0.0125741
0.0125075
0.0122759
0.0120582
0.011798
0.0114443
0.0110987
0.0107531
0.010207
0.00967815
0.00914877
0.00860409
0.00805076
0.00749904
0.00716278
0.00731006
0.00741779
0.00752856
0.00689753
0.00632768
0.00575381
0.00542176
0.00523094
0.00502901
0.00514735
0.00598347
0.00676036
0.00754078
0.00693302
0.00628398
0.00563929
0.00498653
0.00432963
0.00367412
0.00321594
0.0032006
0.00314985
0.00310202
0.00334458
0.00359584
0.003846
0.003512
0.00283613
0.00218852
0.00174366
0.00175892
0.00173764
0.00171929
0.00157705
0.00143111
0.00128569
0.00125401
0.00128903
0.00131873
0.00117459
0.000638183
0.000133508
-0.000372869
-0.000455315
-0.000570934
-0.000683767
-0.00074325
-0.000771253
-0.000801678
-0.000656165
-0.000114988
0.000394432
0.000905536
0.000325823
-0.000167966
-0.000667678
-0.00127639
-0.00194912
-0.00261582
-0.00312558
-0.00328212
-0.0034658
-0.00364709
-0.00322998
-0.00279336
-0.00235892
-0.00208223
-0.00189855
-0.00170798
-0.00170901
-0.00214008
-0.0025374
-0.0029367
-0.00347688
-0.00402114
-0.00456425
-0.00480289
-0.00486215
-0.00493505
-0.00468227
-0.00369814
-0.00277134
-0.00184158
-0.00149324
-0.00116552
-0.000836733
-0.00120261
-0.00197753
-0.0027202
-0.00335522
-0.00374334
-0.00414958
-0.00455383
-0.00490469
-0.00525907
-0.00561264
-0.00575728
-0.00577859
-0.00580917
-0.00547276
-0.00431057
-0.00321221
-0.0021107
-0.00238392
-0.00255359
-0.00273077
-0.00333826
-0.00419984
-0.00504112
-0.00556338
-0.00536427
-0.00521929
-0.00507048
-0.00533252
-0.00560914
-0.00588426
-0.0057995
-0.00550206
-0.00522085
-0.00432424
-0.00204153
0.000135119
0.0023164
0.00193758
0.0014647
0.000999459
0.000186808
-0.000830543
-0.00183131
-0.00273072
-0.00340053
-0.00408623
-0.00476976
-0.00475567
-0.00471542
-0.00467715
-0.00301241
-0.000385725
0.00216675
0.0040185
0.00428095
0.00465902
0.00502811
0.00477031
0.00455854
0.00434373
0.00452203
0.00493302
0.00532652
0.00559471
0.0055778
0.00558157
0.00558384
0.00593291
0.00625641
0.00658129
0.00680173
0.0069602
0.00712291
0.00753714
0.0085204
0.00946131
0.0104039
0.0104225
0.010405
0.0103901
0.00972334
0.0086701
0.00764604
0.00704124
0.00738638
0.00766317
0.00794445
0.0085446
0.00915666
0.00976699
0.00911615
0.00771624
0.00637156
0.00516414
0.00427343
0.00336152
0.0024524
0.00203169
0.0016311
0.00122967
0.000921371
0.000668567
0.000412204
0.000700113
0.0022169
0.00364502
0.00507736
0.00599482
0.00694718
0.00789574
0.00740213
0.00605028
0.00476047
0.00351714
0.0023866
0.00124975
0.000114926
-0.000473422
-0.00109908
-0.00172127
-0.00201285
-0.00210721
-0.00221516
-0.0023216
-0.00242705
-0.00253242
-0.00263765
-0.00302388
-0.00342132
-0.00381743
-0.0039174
-0.00384072
-0.00377635
-0.00380687
-0.00405383
-0.00428552
-0.00451795
-0.0041821
-0.00382276
-0.00346554
-0.00298495
-0.00243108
-0.00188299
-0.00166721
-0.00220297
-0.00268653
-0.00317299
-0.00359445
-0.00401266
-0.00443051
-0.00467655
-0.00481988
-0.00497001
-0.00507674
-0.00508665
-0.00510313
-0.00511914
-0.00538631
-0.00563607
-0.00588667
-0.00601978
-0.00608264
-0.00615018
-0.00624314
-0.0063945
-0.0065417
-0.00668899
-0.00670828
-0.00673617
-0.00676344
-0.00669828
-0.00657784
-0.00646129
-0.00641447
-0.0065259
-0.00662655
-0.0067278
-0.00678075
-0.00683152
-0.00688237
-0.00705477
-0.00729983
-0.00753971
-0.00773078
-0.00781098
-0.00789847
-0.00798535
-0.00787146
-0.0077488
-0.00762689
-0.0075667
-0.00754353
-0.00751795
-0.00752317
-0.00759776
-0.00766764
-0.00773775
-0.00706498
-0.00635972
-0.00565753
-0.00536051
-0.00530661
-0.00523675
-0.00534829
-0.00586808
-0.00636033
-0.00685374
-0.006983
-0.00713601
-0.00728726
-0.00723519
-0.00706109
-0.00689522
-0.00681767
-0.00694116
-0.00705135
-0.00716227
-0.00710812
-0.0070648
-0.00702084
-0.00705912
-0.00714673
-0.00723102
-0.007061
-0.00631449
-0.00560638
-0.0048967
-0.00483786
-0.00480908
-0.00477839
-0.00444189
-0.00392176
-0.00341417
-0.00320985
-0.00369376
-0.00413265
-0.00457387
-0.00504657
-0.00552021
-0.00599317
-0.0063697
-0.00668806
-0.00700975
-0.00717032
-0.00696676
-0.00678681
-0.00660557
-0.00666919
-0.00674422
-0.00681843
-0.00591554
-0.00442524
-0.00297433
-0.00199991
-0.00210902
-0.00214898
-0.0021933
-0.00255205
-0.00289036
-0.00322954
-0.00354942
-0.00385759
-0.00416611
-0.0044385
-0.00462954
-0.00482549
-0.00502088
-0.00259032
-0.000328716
0.0019407
0.00296008
0.0032264
0.00353983
0.00392753
0.00449112
0.00504293
0.00559479
0.00566523
0.00571242
0.005761
0.00595079
0.00622567
0.00649488
0.00683443
0.00733314
0.00782129
0.00830948
0.00847255
0.00861967
0.0087676
0.00889263
0.00900384
0.00911577
0.00920265
0.00923296
0.00926675
0.00930029
0.00891475
0.00855568
0.00819541
0.00797517
0.00783947
0.00769871
0.00752754
0.0072864
0.00704987
0.00681335
0.00665691
0.00649573
0.00633504
0.00624868
0.00620729
0.00616318
0.00604379
0.00575311
0.0054733
0.00519316
0.00570919
0.00626419
0.00681613
0.00701285
0.00699468
0.00698967
0.00670414
0.00578379
0.00490327
0.00402139
0.00353171
0.00301874
0.00250782
0.00233463
0.00236583
0.00238458
0.00272618
0.00379895
0.0048261
0.00585478
0.00589498
0.00588531
0.00587867
0.00533684
0.00447152
0.00362677
0.00294409
0.00263094
0.0022959
0.00196258
0.00191952
0.00185905
0.0017997
0.00253858
0.00376049
0.00495195
0.00566692
0.0052975
0.00499346
0.00468587
0.00403301
0.00340158
0.00276962
0.00222617
0.00173655
0.0012443
0.000839938
0.000634043
0.00041658
0.000200063
0.000806059
0.00145378
0.00209825
0.00264719
0.00313788
0.00363145
0.00375426
0.00303608
0.00236852
0.00169875
0.00129059
0.000867461
0.000445715
0.000149289
-7.09569e-05
-0.000295432
-0.000475209
-0.000554366
-0.000639349
-0.00072389
-6.5695e-05
0.000630583
0.00132381
0.0016357
0.00171593
0.00180964
0.00171243
0.0011834
0.000680243
0.00017616
-7.62468e-05
-0.000343051
-0.000608704
-0.00082622
-0.00101438
-0.00120402
-0.00135844
-0.00143328
-0.00151266
-0.00159169
-0.00170232
-0.00181099
-0.00191964
-0.00107007
0.000361364
0.00175745
0.0026926
0.00257742
0.00252308
0.00246529
0.00156687
0.000624607
-0.000314038
-0.00102545
-0.00159832
-0.00217851
-0.00265299
-0.00288905
-0.00313854
-0.00338697
-0.00337414
-0.00337631
-0.00337763
-0.00327902
-0.00311965
-0.00296394
-0.00288787
-0.00299315
-0.00308794
-0.00318323
-0.00331386
-0.00344626
-0.00357842
-0.00294069
-0.00183465
-0.000756529
-0.000130005
-0.000532493
-0.000876058
-0.00122258
-0.00170966
-0.00218822
-0.00266672
-0.00285206
-0.00285883
-0.00287569
-0.00299995
-0.0033698
-0.00372536
-0.00408133
-0.00408715
-0.00411272
-0.00413714
-0.00416007
-0.00418203
-0.00420402
-0.00422526
-0.00424484
-0.00426449
-0.00428411
-0.00452932
-0.00478665
-0.00504302
-0.00498543
-0.00473645
-0.00449845
-0.00434655
-0.00439157
-0.00442554
-0.00446008
-0.00417501
-0.00390808
-0.00364043
-0.00328092
-0.00286549
-0.00245363
-0.00223037
-0.00243609
-0.00261775
-0.00280055
-0.00317756
-0.00356498
-0.00395139
-0.00430117
-0.00462842
-0.00495656
-0.00511032
-0.00486783
-0.00464749
-0.00442618
-0.00445381
-0.00446767
-0.00448228
-0.00455926
-0.00467433
-0.00478717
-0.004868
-0.00487588
-0.00488775
-0.00489939
-0.00507202
-0.00523562
-0.00539954
-0.00549872
-0.00555831
-0.00562001
-0.00537684
-0.00444003
-0.00354216
-0.00264314
-0.00251582
-0.00243212
-0.00234613
-0.00257347
-0.00299211
-0.00339989
-0.00375044
-0.00396991
-0.00419628
-0.00442202
-0.0047299
-0.005033
-0.00533602
-0.00547507
-0.00551382
-0.00555796
-0.00555071
-0.00542721
-0.00531012
-0.00519282
-0.00498253
-0.00476715
-0.00455227
-0.00393868
-0.00308142
-0.00223821
-0.00164224
-0.00160985
-0.00154718
-0.00148622
-0.00185673
-0.00220369
-0.00255154
-0.00285984
-0.00314384
-0.00342884
-0.0037709
-0.00424347
-0.00470856
-0.00517355
-0.00487414
-0.00461586
-0.00435566
-0.00415103
-0.00398043
-0.00380819
-0.00315952
-0.00142515
0.000249629
0.00192579
0.00163537
0.00123151
0.000834095
0.000729022
0.000803296
0.000867988
0.00106168
0.00154816
0.00201864
0.00248946
0.0029405
0.00339211
0.00384321
0.00346204
0.00257091
0.0017076
0.000979126
0.000560074
0.000125178
-0.000308426
-0.0007082
-0.00110562
-0.00150274
-0.000732198
0.00075404
0.00220119
0.00339015
0.00398803
0.00461623
0.00524218
0.00508056
0.00496028
0.00483797
0.00454745
0.00415377
0.00376589
0.00365449
0.00417337
0.00465887
0.00514561
0.00552235
0.00589227
0.00626216
0.005979
0.00529517
0.00463285
0.00395242
0.00323244
0.00251525
0.00179866
0.00133753
0.000891964
0.000446051
0.00111786
0.00247569
0.00379671
0.00496251
0.00551245
0.00609357
0.00667248
0.00574122
0.00472099
0.00370639
0.00287388
0.00215372
0.00142852
0.00082564
0.000500009
0.000160494
-0.000177962
0.000422855
0.00107924
0.00173211
0.00254117
0.00344582
0.00434466
0.00496013
0.00445903
0.00401541
0.00356931
0.00262059
0.00164256
0.00066702
-2.72932e-05
-0.000548392
-0.00107777
-0.00147081
-0.00155466
-0.00165413
-0.0017527
-0.000421273
0.000995124
0.00240578
0.00279344
0.00255157
0.0023418
0.00206341
0.00163207
0.00120888
0.000785708
0.000255917
-0.000279851
-0.000814778
-0.00120239
-0.00149919
-0.00180026
-0.0020817
-0.00228741
-0.00249673
-0.00270565
-0.00142205
-4.88967e-05
0.00131839
0.00162741
0.0012847
0.000974975
0.000544896
-0.000156282
-0.000843204
-0.00153015
-0.0160814
-0.0314658
-0.0467932
-0.0621081
0.000675546
-0.00277825
-0.00288513
-0.00297944
-0.00307427
-0.00316899
-0.00340052
-0.00364023
-0.0038793
-0.00338547
-0.00244027
-0.00151839
-0.000991324
-0.00136656
-0.00169675
-0.00202885
-0.0020261
-0.00200276
-0.00198047
-0.0021045
-0.0023187
-0.00252825
-0.00273586
-0.00293882
-0.0031418
-0.00334459
-0.00349397
-0.00363992
-0.0037859
-0.00368012
-0.00341914
-0.00316605
-0.00277382
-0.00183312
-0.000920222
-6.8583e-06
-0.0002123
-0.000486926
-0.000757899
-0.000666927
-0.000352614
-4.95187e-05
-5.96114e-05
-0.000785413
-0.00147559
-0.00216684
-0.00222987
-0.00225376
-0.00227953
-0.00134205
0.000189456
0.00169059
0.00301871
0.00366211
0.00433813
0.00501192
0.00510055
0.00515254
0.00520625
0.00515153
0.00502994
0.00491171
0.00483973
0.00487356
0.00490225
0.00493117
0.0048859
0.00483603
0.00478642
0.00475701
0.00474008
0.00472256
0.00463899
0.00440452
0.00417754
0.00395041
0.00354023
0.00311888
0.00269847
0.00289894
0.00348294
0.00404801
0.00456886
0.0049131
0.00526545
0.00561708
0.00561251
0.00558543
0.00555945
0.00480097
0.00359007
0.0024019
0.00143041
0.000954759
0.000455947
-4.12891e-05
-0.000303209
-0.00054998
-0.000797237
-0.00104721
-0.00129879
-0.00155006
-0.00174406
-0.00171248
-0.00169162
-0.00167027
-0.00161927
-0.00156642
-0.00151371
-0.00154701
-0.00163349
-0.00171738
-0.00123521
0.000540079
0.0022527
0.00396666
0.00371907
0.00334644
0.00298006
0.00215254
0.00104019
-5.77183e-05
-0.000905476
-0.00118159
-0.00148428
-0.00178545
-0.00183022
-0.00185851
-0.00188756
-0.000965443
0.000545044
0.00202659
0.00309286
0.00251739
0.00201917
0.00151781
0.000780247
2.80904e-05
-0.000722684
-0.00129058
-0.00174503
-0.00220435
-0.00251458
-0.00248528
-0.00247181
-0.00245761
-0.00259517
-0.0027424
-0.00288904
-0.0029747
-0.00302255
-0.00307211
-0.0027461
-0.000936693
0.000802363
0.00254306
0.00179575
0.000888012
-1.14701e-05
-0.000515793
-0.000774875
-0.00104504
-0.00132375
-0.00162353
-0.00192206
-0.00222037
-0.00250309
-0.00278457
-0.00306584
-0.00330089
-0.00350721
-0.00371466
-0.00386606
-0.00388973
-0.00391924
-0.00394846
-0.00395979
-0.00396995
-0.00398016
-0.00393279
-0.00384974
-0.00376839
-0.0036882
-0.00361266
-0.00353697
-0.00346136
-0.00344802
-0.00343877
-0.00342934
-0.00343814
-0.00345825
-0.00347783
-0.00353657
-0.00368476
-0.00382876
-0.00397281
-0.00409364
-0.00421285
-0.00433202
-0.00438403
-0.00439435
-0.00440655
-0.00441956
-0.00443618
-0.00445262
-0.00446905
-0.00451135
-0.00455533
-0.00459919
-0.00462906
-0.00465024
-0.00467179
-0.00463739
-0.00447515
-0.00431881
-0.00416234
-0.00405685
-0.00395481
-0.00385271
-0.00392475
-0.00410489
-0.00428001
-0.00442585
-0.00450441
-0.00458592
-0.00466722
-0.00394926
-0.00317898
-0.00241174
-0.00202868
-0.00188443
-0.00172963
-0.00148429
-0.000878781
-0.00028989
0.000299217
0.00125637
0.0022372
0.0032161
0.00366779
0.00379176
0.0039302
0.00429503
0.00517926
0.00603962
0.00690028
0.00711745
0.00729161
0.00746752
0.00779485
0.00821624
0.00863308
0.00891849
0.00868459
0.00847388
0.00826233
0.00818243
0.00811137
0.00803999
0.00791089
0.00774593
0.00758271
0.00748015
0.00751637
0.00754645
0.00757677
0.00771724
0.00786498
0.00801227
0.00789572
0.00761511
0.00734195
0.00705338
0.00672998
0.0064084
0.00608701
0.00604605
0.00602396
0.00600106
0.00567585
0.00516266
0.00465814
0.00428347
0.00442241
0.0045388
0.00465608
0.00442099
0.00416237
0.00390499
0.00379355
0.003773
0.00374851
0.00368218
0.00351971
0.00336156
0.00320336
0.00356805
0.00396777
0.00436563
0.00439145
0.00418563
0.00399003
0.00374303
0.00329408
0.00285427
0.00241444
0.00257777
0.00278184
0.00298396
0.00282
0.00242811
0.00204638
0.00173696
0.00159355
0.00144311
0.00129311
0.0012388
0.00119103
0.00114303
0.00137034
0.00176906
0.00216006
0.00235909
0.00211843
0.00189685
0.00167463
0.0015364
0.00140398
0.00127143
0.00120491
0.00117954
0.00115244
0.00110711
0.000989388
0.000874856
0.000760285
0.000458329
0.000143805
-0.000169914
-0.000288014
-0.000284149
-0.000285483
-0.000343704
-0.00053265
-0.000715873
-0.000899183
-0.000812737
-0.000707886
-0.000603906
-0.000429948
-0.000212441
3.03319e-06
0.00014138
-2.51161e-05
-0.000178554
-0.000332415
-0.000595819
-0.000866547
-0.00113674
-0.00111766
-0.000918189
-0.000726513
-0.000622877
-0.000721345
-0.000811202
-0.000901346
-0.000935334
-0.000965433
-0.000995669
-0.00114071
-0.00135731
-0.00157073
-0.00171905
-0.00171828
-0.00172377
-0.00172899
-0.00181453
-0.00190555
-0.00199627
-0.00204972
-0.0020799
-0.00211104
-0.00214459
-0.00218795
-0.00223087
-0.00227376
-0.00233031
-0.00238776
-0.00244512
-0.00234756
-0.00215336
-0.00196335
-0.0018365
-0.00185451
-0.00186647
-0.00187867
-0.00184807
-0.00181453
-0.00178113
-0.00189144
-0.00209144
-0.00228755
-0.00246099
-0.00254459
-0.00263186
-0.0027189
-0.00280022
-0.00288109
-0.0029619
-0.00295909
-0.00290404
-0.00285121
-0.00258241
-0.00181916
-0.00107698
-0.000334542
-9.86497e-05
0.000101763
0.000303474
0.000628677
0.00103096
0.00142974
0.00186173
0.0023699
0.00287452
0.00337887
0.00362018
0.00384293
0.00406625
0.00419755
0.00427134
0.00434742
0.00442458
0.00450657
0.0045883
0.00466997
0.00462202
0.00456504
0.00450846
0.0048282
0.00538304
0.00592782
0.00632769
0.00639525
0.00647631
0.00655676
0.00645934
0.0063495
0.00624025
0.00594685
0.00553843
0.00513503
0.00481626
0.00483219
0.0048345
0.00483737
0.00489228
0.00495081
0.00500915
0.00508072
0.00516055
0.00523997
0.00538046
0.00566087
0.00593539
0.00620992
0.0059228
0.00559627
0.0052716
0.00478182
0.00418896
0.00360074
0.00318803
0.00317729
0.00315036
0.00312409
0.00337621
0.00364783
0.00391845
0.0037358
0.00326959
0.00281516
0.00252462
0.00288348
0.00321597
0.00354925
0.0033394
0.00309122
0.00284477
0.00291254
0.00317696
0.0034333
0.00339386
0.00267615
0.00198614
0.00129557
0.00171858
0.00222037
0.00271861
0.0026974
0.00235094
0.00201773
0.0018448
0.00230749
0.0027445
0.00318217
0.00283669
0.0024357
0.00203724
0.00177346
0.00159415
0.00141162
0.00148824
0.00215831
0.0028043
0.00345073
0.003411
0.00332234
0.0032357
0.0032232
0.00325721
0.00328935
0.00324375
0.00301982
0.00280311
0.00258629
0.00250355
0.00243046
0.00235705
0.00233167
0.00233639
0.00233992
0.00232776
0.00225333
0.0021814
0.00210944
0.00204933
0.00199012
0.00193091
0.00186381
0.00179178
0.00172
0.0017275
0.0020487
0.00235735
0.00266624
0.00316725
0.0036817
0.00419522
0.00395783
0.00324984
0.00256081
0.00189946
0.00134905
0.000794738
0.000241013
0.000717077
0.00126692
0.00181346
0.00212883
0.0022991
0.00247489
0.00252259
0.00206444
0.00162633
0.00118778
0.00151941
0.00190636
0.00229086
0.001991
0.001262
0.000550229
-2.46188e-05
-5.63693e-05
-0.000109145
-0.000161066
0.000445073
0.00109835
0.00174931
0.00182675
0.0015444
0.00127618
0.000962601
0.000471046
-1.32574e-05
-0.000497467
-0.000542544
-0.000555789
-0.00057025
7.59336e-05
0.00113639
0.00218008
0.00284271
0.00199646
0.00120889
0.000419675
8.07818e-05
-0.000225209
-0.000532229
-0.000750702
-0.00091358
-0.00107847
-0.00119074
-0.00109538
-0.00100806
-0.000920489
-0.000910263
-0.000905667
-0.00090086
-0.000641731
-0.000223032
0.00018925
0.000581832
0.000896378
0.00121366
0.0015306
0.000889332
0.000178682
-0.000528782
-0.000794637
-0.000783091
-0.000782112
-0.000795255
-0.000865917
-0.000934337
-0.00100279
-0.00124216
-0.00149385
-0.00174489
-0.00183845
-0.00183309
-0.00183148
-0.00181916
-0.00176496
-0.0017124
-0.00165981
-0.00167333
-0.00169168
-0.00170983
-0.00174431
-0.00178903
-0.00183334
-0.00189575
-0.00202996
-0.00216135
-0.00229275
-0.0021001
-0.00188384
-0.00166863
-0.0015811
-0.00157383
-0.00156355
-0.00162174
-0.00195057
-0.00226899
-0.00258756
-0.00246943
-0.00231932
-0.00217052
-0.00212912
-0.00215525
-0.00217882
-0.00205816
-0.00136593
-0.00069562
-2.49948e-05
0.000385863
0.000777336
0.00116924
0.00103975
0.000582582
0.000137995
0.000103039
0.00169128
0.00321778
0.00474543
0.00526215
0.005704
0.00614831
0.00588933
0.00518831
0.00450426
0.00394771
0.00389707
0.00382766
0.003759
0.00361032
0.00345584
0.00330169
0.00343201
0.00374118
0.0040435
0.00434461
0.0046406
0.00493656
0.0052323
0.00486873
0.0044566
0.00404658
0.00387194
0.00384544
0.00381349
0.00378986
0.00379828
0.00380551
0.00381278
0.00389145
0.00397535
0.00405901
0.0040221
0.00390936
0.00379949
0.00368846
0.00357305
0.00345789
0.0033428
0.00335504
0.00337673
0.00339806
0.00337234
0.00331702
0.00326283
0.00315387
0.00282803
0.00251037
0.00219264
0.0021906
0.00221205
0.00223262
0.00232444
0.00246106
0.00259594
0.00266988
0.00250247
0.00234399
0.00218529
0.00234401
0.00252628
0.00270756
0.00302684
0.0034329
0.00383551
0.00408103
0.00370464
0.00335114
0.00299707
0.00280381
0.00262269
0.00244126
0.00235295
0.00232328
0.00229151
0.00238446
0.00297113
0.00353949
0.0041081
0.00396929
0.00377765
0.00358807
0.0032418
0.00279697
0.00235603
0.00202702
0.00214104
0.00223899
0.00233744
0.00235906
0.00237492
0.00239097
0.00224008
0.00198407
0.00173203
0.00160062
0.00194717
0.00227628
0.00260577
0.00238603
0.00212521
0.00186605
0.00166244
0.0014939
0.00132423
0.00132104
0.00197694
0.00260875
0.00324096
0.00267904
0.00202769
0.00138001
0.00118898
0.00128585
0.00137236
0.00153446
0.00199473
0.00244403
0.0028934
0.00226595
0.00155779
0.000853009
0.00105547
0.00182982
0.00258324
0.00309146
0.00262673
0.00219695
0.00176624
0.00124276
0.000712603
0.000183065
0.000334326
0.000914773
0.00147957
0.00188699
0.00166978
0.00147487
0.0012793
0.000886752
0.000479557
7.31694e-05
0.000141718
0.000509751
0.00086693
0.00120741
0.00148095
0.00175666
0.00203209
0.00134336
0.000582082
-0.000176103
-0.000568321
-0.000729558
-0.000898824
-0.00081035
0.000297966
0.00136959
0.00244175
0.00219845
0.00185556
0.00151641
0.00108058
0.000583965
8.98293e-05
-0.000195194
0.000347761
0.000861284
0.00137548
0.00102195
0.000602756
0.000186153
-9.90228e-05
-0.000301147
-0.000506036
-0.000542536
8.74613e-05
0.000693714
0.00130037
0.00119571
0.00103701
0.000880303
0.000596527
0.000232673
-0.000128135
-0.000260511
0.000512068
0.00125258
0.00199369
0.00244178
0.00286727
0.00329326
0.00307646
0.00245399
0.00184605
0.00134731
0.00128207
0.00120182
0.00112214
0.000900556
0.00066828
0.000436536
0.000541304
0.000858509
0.00116814
0.00137525
0.00117565
0.000990266
0.000804518
0.00111212
0.00145724
0.00180083
0.00189351
0.0018277
0.00176741
0.00162692
0.00116919
0.000722707
0.000276147
0.000671011
0.00113004
0.00158655
0.00182795
0.00193338
0.00204342
0.00197739
0.00121437
0.00047583
-0.000263045
-0.000320519
-0.000325718
-0.000332707
-0.000162123
0.000120552
0.00039919
0.000703201
0.0011078
0.00150867
0.0019094
0.00119543
0.000396297
-0.000399374
-0.00066487
-0.000595258
-0.000537143
-0.000501077
-0.000553867
-0.000603588
-0.000653379
0.000138673
0.000994986
0.00184852
0.00163319
0.000742386
-0.000124811
-0.000849132
-0.00100567
-0.00118141
-0.00135637
-0.00130135
-0.00122864
-0.00115658
-0.00076048
-0.000159674
0.000433778
0.001031
0.00164338
0.00225483
0.0028659
0.0018792
0.000769838
-0.000334617
-0.000873709
-0.00105517
-0.0012486
-0.00137735
-0.00125169
-0.00113471
-0.00101751
-0.000243906
0.000579943
0.00140154
0.00201603
0.00249937
0.00298681
0.00317482
0.00217739
0.00122055
0.000262982
-0.000169017
-0.000560101
-0.000952297
-0.00115434
-0.00123611
-0.00132186
-0.00138517
-0.0013602
-0.00133821
-0.00131614
-0.00100142
-0.000664208
-0.000327979
0.000111892
0.000617197
0.00111997
0.00144918
0.00109096
0.000755966
0.000420419
0.000983876
0.00161675
0.00224688
-0.00823142
-0.0257349
-0.0429923
0.00337352
0.00171824
0.00166476
0.00155794
0.00193447
0.00234813
0.00276028
0.00250872
0.00183722
0.00118013
0.00062648
0.000483539
0.000327048
0.000171111
0.000668102
0.00121561
0.00176107
0.00160036
0.00099274
0.000400334
-0.000108538
-0.000285369
-0.000473078
-0.000660302
-0.000708438
-0.000745705
-0.000783308
-0.000195975
0.00078678
0.00175582
0.0024069
0.00179736
0.00122982
0.000661277
0.000368385
9.71702e-05
-0.00017458
-0.000335359
-0.00042586
-0.000518616
-0.000627179
-0.000798897
-0.000968424
-0.00113791
-0.000217098
0.000788374
0.0017904
0.00184404
0.00129708
0.000770195
0.000278272
-7.34166e-05
-0.000429472
-0.000785151
-0.00084304
-0.000877593
-0.000912887
-0.00100872
-0.00114288
-0.0012757
-0.00136095
-0.00125767
-0.00116061
-0.00106341
0.000151521
0.00145333
0.00275146
0.00249483
0.00125339
4.48728e-05
-0.000946493
-0.00107483
-0.00123119
-0.00138654
-0.00145215
-0.00151068
-0.0015694
-0.00153518
-0.00144209
-0.00135097
-0.00117895
-0.000686155
-0.000204096
0.000277998
-0.00022158
-0.000797997
-0.00137155
-0.00166208
-0.00177317
-0.00189
-0.00193272
-0.00168252
-0.00144196
-0.00120124
-0.000956276
-0.000711117
-0.000466122
-0.00013622
0.000247415
0.000629068
0.000791864
8.72049e-05
-0.000589017
-0.00126572
-0.0013406
-0.00136803
-0.00139697
-0.00151965
-0.00170176
-0.00188183
-0.00203686
-0.00209262
-0.00215154
-0.00221032
-0.00215339
-0.00208736
-0.00202167
-0.00140993
-0.000452177
0.000493859
0.00109571
0.000332814
-0.000385848
-0.00110547
-0.00133976
-0.0015356
-0.00173254
-0.00182069
-0.00183987
-0.00186124
-0.00189429
-0.00197398
-0.00205213
-0.00213028
-0.00215264
-0.00217059
-0.00218866
-0.00218555
-0.00216901
-0.00215291
-0.00216278
-0.00227569
-0.00238524
-0.00249484
-0.0025436
-0.00258752
-0.00263156
-0.00266185
-0.00268342
-0.00270524
-0.00273162
-0.0027761
-0.00281999
-0.00286386
-0.00282291
-0.00277526
-0.00272785
-0.00270257
-0.00269133
-0.00267965
-0.00268117
-0.00273495
-0.00278705
-0.00283916
-0.00298698
-0.00314231
-0.00329731
-0.00336854
-0.00338659
-0.00340631
-0.00341022
-0.00335164
-0.00329508
-0.00323849
-0.00321202
-0.00318797
-0.00316385
-0.00317686
-0.00321342
-0.00324921
-0.00327742
-0.0032755
-0.00327453
-0.00327353
-0.0034491
-0.00363862
-0.00382758
-0.00387834
-0.00384137
-0.00380718
-0.00378736
-0.0038248
-0.00386042
-0.00389608
-0.0038796
-0.00385897
-0.00383849
-0.00384266
-0.0038625
-0.00388183
-0.0039011
-0.00392012
-0.00393913
-0.00395813
-0.00397031
-0.00398194
-0.00399357
-0.00404186
-0.0041134
-0.00418417
-0.00422099
-0.00412315
-0.00402957
-0.00393591
-0.00394421
-0.00396064
-0.00397681
-0.00397675
-0.00396637
-0.00395631
-0.00394903
-0.00395273
-0.00395609
-0.00395947
-0.00403732
-0.00412109
-0.00420463
-0.00417933
-0.00408491
-0.0039927
-0.00392337
-0.00394495
-0.0039637
-0.00398252
-0.00406547
-0.0041535
-0.00424132
-0.00422492
-0.00414232
-0.00406182
-0.00399877
-0.0040051
-0.00400928
-0.00401352
-0.00394289
-0.0038663
-0.00378993
-0.00384253
-0.00397704
-0.00410894
-0.00422562
-0.00420573
-0.00419006
-0.00417426
-0.00415823
-0.00414117
-0.00412415
-0.00410714
-0.00405029
-0.00398473
-0.00391948
-0.00389648
-0.00391439
-0.00393104
-0.00394772
-0.00396439
-0.00398104
-0.00399769
-0.00401433
-0.00401862
-0.00401096
-0.00400367
-0.00400006
-0.00402952
-0.00405795
-0.00408639
-0.00408668
-0.0040808
-0.00407511
-0.00408385
-0.00410656
-0.00412883
-0.00413981
-0.00404955
-0.00396243
-0.00387527
-0.00388781
-0.00392223
-0.00395595
-0.00397349
-0.00397532
-0.00397764
-0.00398796
-0.00407022
-0.00415025
-0.0042303
-0.00420801
-0.00416326
-0.00411923
-0.00409948
-0.0041033
-0.0041064
