0
0.0156356
0.013744
0.01325
0.0126407
0.0129006
0.0136598
0.0143765
0.0146356
0.0138601
0.0131713
0.0124766
0.0127984
0.0131485
0.0134957
0.0135927
0.0135437
0.0135067
0.0134255
0.0132471
0.013077
0.0129065
0.0124983
0.0121103
0.0117212
0.0117231
0.0119531
0.0121642
0.0124209
0.012777
0.0131245
0.0134721
0.0124637
0.0115669
0.0106625
0.0103462
0.0103732
0.0103725
0.0105242
0.0110139
0.0114755
0.0119386
0.0116813
0.0114025
0.0111258
0.0105486
0.0097961
0.00905882
0.00869893
0.00918939
0.00961104
0.0100375
0.00977207
0.00948557
0.0092012
0.0090026
0.00885442
0.00870246
0.0086878
0.00898109
0.00924947
0.0095194
0.00901245
0.00848162
0.00795352
0.00774512
0.00772434
0.00768879
0.00782725
0.00835462
0.00885054
0.00934816
0.00858951
0.00793075
0.00726518
0.00773765
0.00887723
0.00996278
0.0104363
0.00952394
0.0087213
0.00791134
0.00791329
0.00785195
0.00779564
0.00753144
0.00714555
0.00676971
0.00644721
0.00624589
0.0060355
0.00582614
0.00574187
0.00566192
0.00558176
0.00546804
0.00533464
0.00520297
0.00519494
0.00546552
0.00571426
0.00596429
0.00621292
0.00646117
0.00670907
0.00694965
0.00718578
0.00742189
0.00765265
0.00787184
0.00809158
0.00831094
0.00761365
0.00688549
0.00616079
0.00558765
0.00510425
0.00461477
0.00421754
0.0040262
0.00381956
0.00361439
0.00344029
0.00326411
0.00308835
0.00343911
0.00410022
0.00473695
0.00495219
0.00421402
0.00354865
0.00287881
0.00347013
0.00396595
0.00446818
0.00460314
0.00452155
0.00445628
0.00452897
0.00491553
0.0052781
0.00564192
0.00534725
0.00502901
0.004713
0.00442297
0.00414856
0.00387339
0.00387881
0.00451653
0.00510647
0.00569907
0.00652993
0.00736854
0.00820533
0.00793266
0.00700386
0.00612478
0.00532181
0.00469742
0.00406081
0.00342603
0.00320208
0.00299383
0.00278474
0.00351508
0.00480116
0.0060447
0.00696059
0.00713209
0.00735768
0.00757899
0.00676416
0.00602598
0.0052833
0.00469028
0.00418602
0.00367603
0.00327474
0.00311688
0.00294161
0.00276785
0.00337219
0.00391939
0.00446993
0.00464294
0.00459213
0.00455753
0.00454881
0.00460122
0.00464915
0.00469734
0.00543855
0.00620591
0.00697028
0.00679406
0.00605944
0.00536584
0.00464338
0.00386128
0.00308455
0.00230855
0.002151
0.00201815
0.00188372
0.00287027
0.00452228
0.00612464
0.00691405
0.00586159
0.00494125
0.00401286
0.00331625
0.00262976
0.00194352
0.00155119
0.00133384
0.00110444
0.00168337
0.00408656
0.00635789
0.00863531
0.00773275
0.00705493
0.00636228
0.00533931
0.00411953
0.00291525
0.00194521
0.00150492
0.00102819
0.000554676
0.000472338
0.000362816
0.000255343
0.0014635
0.00345482
0.00538887
0.00625298
0.00469245
0.00330247
0.00190257
0.00118896
0.000504692
-0.000180663
-0.000693872
-0.00110427
-0.00152121
-0.00154381
-0.00067649
0.000128258
0.00093621
0.00239935
0.00388827
0.00537337
0.00510225
0.00378328
0.00253804
0.00142043
0.000601008
-0.000237719
-0.00107398
-0.00152136
-0.00195164
-0.00238249
-0.00262905
-0.00276546
-0.0029092
-0.00222242
0.000341822
0.00277486
0.00521351
0.00424906
0.00351696
0.00277008
0.00184808
0.000821176
-0.000197234
-0.00111889
-0.0018221
-0.00253912
-0.00325424
-0.00356896
-0.00391025
-0.00424929
-0.00364577
-0.00247874
-0.00135118
-0.000377193
0.000245043
0.00089005
0.00153266
0.000864382
0.000139318
-0.000580975
-0.00145873
-0.00243011
-0.00339394
-0.00415176
-0.00444377
-0.00476643
-0.00508663
-0.00462792
-0.00413519
-0.00364538
-0.00235143
-0.000576558
0.00116405
0.00232945
0.00219025
0.00213764
0.00207936
0.00124969
0.000386399
-0.000473532
-0.00133015
-0.00218426
-0.0030374
-0.00374336
-0.00411735
-0.00451268
-0.0049061
-0.00490987
-0.00493923
-0.00496687
-0.00372902
-0.00173255
0.000211624
0.00148378
0.00122917
0.00107467
0.000913843
-6.11272e-05
-0.000981718
-0.00190465
-0.0026996
-0.00341747
-0.00413943
-0.00468528
-0.00483406
-0.00500842
-0.0051809
-0.00404073
-0.00284136
-0.00164737
-0.000615812
0.000317509
0.00125597
0.00174405
0.00121394
0.000750203
0.000282785
-0.000824677
-0.00196066
-0.00309335
-0.00390442
-0.00452167
-0.00515058
-0.00560041
-0.0056472
-0.00571977
-0.00579059
-0.00569073
-0.00558297
-0.00547585
-0.0042907
-0.00245761
-0.000668202
0.000479313
0.000168314
-4.93906e-05
-0.000272756
-0.00141277
-0.00249305
-0.00357576
-0.00424153
-0.00465614
-0.00508615
-0.0054167
-0.00552475
-0.00564675
-0.00576772
-0.00542736
-0.00511657
-0.0048043
-0.00383958
-0.00248219
-0.00115125
-0.000274535
-0.000429488
-0.000519361
-0.000613212
-0.00157454
-0.00257657
-0.00357478
-0.00424141
-0.00470773
-0.00518601
-0.00561151
-0.00591984
-0.0062351
-0.00654954
-0.00603015
-0.00547088
-0.00491479
-0.00362852
-0.00190251
-0.000206015
0.000906761
0.000693904
0.000563648
0.000428427
-0.000773128
-0.00190708
-0.00304382
-0.00386319
-0.00449079
-0.00512947
-0.00565206
-0.0059139
-0.0061915
-0.00646779
-0.0064504
-0.00645112
-0.00645072
-0.00517606
-0.00313229
-0.00113831
0.000249554
0.00025809
0.000351237
0.000439082
0.000165395
-0.000125987
-0.000415929
-0.00118267
-0.00223718
-0.00327282
-0.00415627
-0.00469332
-0.00525084
-0.00580643
-0.00592669
-0.00607329
-0.00621811
-0.00505819
-0.00310968
-0.00121141
0.000187426
0.000448504
0.00077822
0.00110338
0.000922763
0.000716812
0.000512642
6.91164e-05
-0.000518987
-0.00109765
-0.00157037
-0.00180213
-0.00204813
-0.00229297
-0.000735486
0.000711749
0.00216387
0.00336238
0.00440705
0.00545969
0.0061171
0.00587977
0.0056963
0.00550983
0.00468213
0.00389374
0.00310395
0.00230436
0.0014991
0.000695135
0.000263963
0.000678373
0.00104196
0.00140813
0.00310254
0.00486358
0.00661856
0.00746543
0.00776125
0.00808939
0.0082375
0.00798164
0.00774999
0.00751719
0.00655133
0.0056299
0.00470695
0.00381038
0.00293011
0.00204991
0.00153907
0.00186598
0.00214323
0.00242307
0.00413988
0.00592991
0.00771354
0.00820193
0.00790384
0.00765216
0.00731184
0.00677602
0.00625227
0.00572842
0.00469397
0.00369053
0.00268645
0.00191556
0.00128656
0.000650022
0.000322105
0.00069356
0.00102392
0.00135629
0.00331065
0.0051686
0.00702999
0.00764528
0.00750337
0.00740547
0.00707626
0.00622706
0.00540889
0.00458988
0.00373731
0.00288383
0.00203138
0.00130352
0.000651705
-3.73543e-06
-0.000641998
-0.0012427
-0.00184487
-0.00244627
-0.00144965
-0.00054585
0.000362233
0.00149069
0.00275291
0.00400603
0.00471249
0.00417668
0.00371248
0.00324471
0.00256035
0.00186498
0.00117104
0.000395961
-0.000428145
-0.00124852
-0.00198079
-0.00251343
-0.0030568
-0.00359895
-0.00367464
-0.0037767
-0.00387715
-0.00276503
-0.000914906
0.000891353
0.00209696
0.00193341
0.00184739
0.0017571
0.00112384
0.000521914
-8.10969e-05
-0.000745128
-0.00144613
-0.00214426
-0.0027752
-0.003254
-0.0037408
-0.00422661
-0.00443672
-0.00463149
-0.00482691
-0.00391588
-0.00233077
-0.000785165
0.000374509
0.00065333
0.000981048
0.00130567
0.000837116
0.000413321
-1.24963e-05
-0.000706208
-0.00156312
-0.00241
-0.00314112
-0.00360882
-0.00409064
-0.00457113
-0.0047775
-0.00496845
-0.00516004
-0.00529498
-0.00539532
-0.00549746
-0.00506841
-0.00343096
-0.00186207
-0.000291128
-0.000225086
-7.61111e-05
6.81278e-05
-0.000251579
-0.00085458
-0.00144133
-0.00210383
-0.00293753
-0.0037609
-0.00458394
-0.00484619
-0.00513891
-0.00542964
-0.00567398
-0.00588983
-0.006107
-0.00577637
-0.00419929
-0.00269205
-0.00118264
-0.000615667
-0.000102362
0.000413309
0.000475478
0.00026057
6.09793e-05
-0.000366748
-0.0013122
-0.00222848
-0.00314535
-0.00362239
-0.00412277
-0.00462134
-0.00500292
-0.00531278
-0.00562618
-0.00552024
-0.00446041
-0.00345328
-0.0024444
-0.00134739
-0.0002464
0.000853186
0.001145
0.000942529
0.000766896
0.000464751
-0.000122372
-0.000693543
-0.00126496
-0.00197283
-0.00267262
-0.0033721
-0.00385808
-0.00421322
-0.00457499
-0.00455107
-0.00365006
-0.00279693
-0.00194214
-0.000629299
0.000657685
0.00194468
0.00250633
0.00262366
0.00276454
0.00268235
0.00209519
0.0015355
0.000974956
0.00040188
-0.000171385
-0.000744031
-0.00123412
-0.00167343
-0.00211497
-0.0024524
-0.00255355
-0.0026671
-0.00277987
-0.000316276
0.00200861
0.00433837
0.00525929
0.00531663
0.00541943
0.00533932
0.00484821
0.00437924
0.00390961
0.00304711
0.00216247
0.00127993
0.0006788
0.000250508
-0.000186397
-0.000291252
0.000358869
0.000968781
0.00158016
0.0030564
0.00448589
0.00591633
0.00624943
0.0059093
0.00560465
0.00517339
0.00445749
0.00375716
0.00305675
0.00227745
0.00149421
0.000711989
1.17583e-05
-0.000637879
-0.00128947
-0.00187382
-0.00230607
-0.00274575
-0.00318459
-0.00219578
-0.00112335
-5.6351e-05
0.00112137
0.00236647
0.00360681
0.00453035
0.00420689
0.00394804
0.00368613
0.00283622
0.0019521
0.00107065
0.000136689
-0.000829122
-0.0017923
-0.00255682
-0.0028694
-0.00320484
-0.00353877
-0.00371718
-0.00388612
-0.00405538
-0.0032103
-0.00174218
-0.000307396
0.000895641
0.00118182
0.00151448
0.00184443
0.00138464
0.000877865
0.000373998
-0.000440399
-0.00144533
-0.00243955
-0.00322905
-0.00355179
-0.00389789
-0.00424246
-0.00441412
-0.0045752
-0.00473666
-0.00450483
-0.00403122
-0.00357031
-0.00294709
-0.00195459
-0.000981749
-8.89309e-06
0.000206493
0.000375847
0.000547352
0.000131309
-0.000646043
-0.00140443
-0.00213949
-0.00278095
-0.00342647
-0.00407114
-0.00433733
-0.00458028
-0.00482415
-0.00494196
-0.00498216
-0.00502621
-0.00466596
-0.00338394
-0.00214929
-0.000913504
-0.0145638
-0.0291103
-0.0435976
-0.0580734
0.00286526
-0.000591511
-0.000928883
-0.00178497
-0.0026144
-0.00344433
-0.00389387
-0.00431971
-0.0047463
-0.00499828
-0.00514263
-0.00529218
-0.00522436
-0.00466137
-0.00412345
-0.00358482
-0.00218166
-0.000726554
0.00072455
0.00147408
0.00179084
0.00212864
0.00228486
0.00202961
0.00179488
0.00155937
0.000753707
-8.64631e-05
-0.000924111
-0.00162155
-0.00223223
-0.00284656
-0.00336619
-0.00351442
-0.00368072
-0.00384596
-0.00197566
1.92258e-05
0.00200606
0.0031156
0.00368339
0.00427708
0.00468076
0.00465447
0.00464918
0.00464287
0.00443581
0.00421642
0.00399785
0.0034185
0.00261673
0.00182656
0.00123125
0.00140526
0.00154176
0.00167995
0.00280329
0.00398722
0.00516706
0.00590924
0.00638089
0.00686516
0.00710919
0.00680681
0.00653112
0.0062544
0.00555951
0.00483899
0.00412039
0.00322803
0.0022287
0.00123549
0.000368884
-0.000209251
-0.0008007
-0.00139094
-0.00177224
-0.00214005
-0.00250816
-0.00126942
0.00096158
0.0031429
0.00497758
0.00544005
0.00596773
0.00649179
0.00580442
0.00504107
0.00428209
0.00330232
0.00218654
0.00107832
0.000152621
-0.000356834
-0.000885626
-0.00141299
-0.00169681
-0.00196493
-0.00223354
-0.002403
-0.00251113
-0.00262206
-0.00249282
-0.00141583
-0.000384766
0.000647492
0.00190728
0.00318049
0.00445186
0.00512638
0.00543148
0.00575375
0.00550284
0.00394503
0.00245033
0.000954072
0.000347129
-0.00020253
-0.000754368
-0.00112762
-0.00139032
-0.00165798
-0.00189241
-0.00205182
-0.00221459
-0.00237706
-0.00214238
-0.00188245
-0.00162394
-0.000577704
0.000955707
0.00246489
0.00381555
0.00453972
0.00529249
0.00604322
0.00565888
0.00520189
0.0047487
0.00371429
0.00232045
0.000944645
-0.000176891
-0.000717235
-0.00128411
-0.00184922
-0.00212587
-0.00238368
-0.00264212
-0.00282426
-0.00295911
-0.00309602
-0.0029797
-0.00186366
-0.000794941
0.000274982
0.00189386
0.00354694
0.00519691
0.00594775
0.00614118
0.00636015
0.00636733
0.00589353
0.00544233
0.00499051
0.00329828
0.0015269
-0.000239222
-0.00118389
-0.00161899
-0.0020771
-0.00246225
-0.00268371
-0.00291247
-0.00314069
-0.00332527
-0.00350685
-0.00368841
-0.00307735
-0.00197505
-0.000896228
0.000241317
0.00160957
0.00296603
0.00432179
0.00482532
0.00527274
0.00572231
0.00572904
0.00546118
0.00520606
0.00467233
0.00350276
0.00236315
0.00122322
0.000304543
-0.000598887
-0.00150219
-0.00200146
-0.00224991
-0.00250949
-0.00274391
-0.00288158
-0.00302351
-0.00316511
-0.00329797
-0.00343015
-0.00356223
-0.00315245
-0.00240647
-0.00167633
-0.000758333
0.000588386
0.00191458
0.00324051
0.00368127
0.00406328
0.00444759
0.00414504
0.00341621
0.00270718
0.00185076
0.000658571
-0.00051749
-0.00169322
-0.00205952
-0.00237196
-0.00268653
-0.00287647
-0.00298902
-0.00310492
-0.00324163
-0.00346145
-0.00367736
-0.00389326
-0.00346668
-0.00299779
-0.0025312
-0.00171911
-0.000692685
0.000323291
0.00134595
0.00238402
0.00342049
0.0044561
0.00479132
0.00507963
0.00536976
0.00431441
0.00242326
0.000570825
-0.00099387
-0.00141915
-0.00189448
-0.00236717
-0.00252367
-0.00265892
-0.00279499
-0.00288193
-0.00293834
-0.00299604
-0.00298268
-0.00280696
-0.00263855
-0.00246996
-0.000354548
0.00188959
0.0041261
0.00512941
0.00536533
0.00563475
0.00578223
0.00565449
0.00553893
0.00542294
0.0046023
0.00373497
0.00287044
0.00187107
0.000788192
-0.00029009
-0.00119538
-0.00141876
-0.00167172
-0.00192316
-0.00216732
-0.00241078
-0.00265406
-0.00278544
-0.00284713
-0.00291181
-0.00302023
-0.00322913
-0.00343348
-0.00363784
-0.00303634
-0.00238087
-0.00172831
-0.000892952
5.58531e-05
0.000998919
0.00174256
0.0016991
0.00168975
0.00167893
0.00102412
0.000326179
-0.000369292
-0.000930752
-0.00140854
-0.00188953
-0.00226657
-0.0024066
-0.00255673
-0.00270629
-0.00276724
-0.00282213
-0.00287723
-0.00174518
0.000125923
0.00196365
0.00352469
0.00445128
0.0054043
0.00635537
0.00620424
0.00597816
0.00575548
0.00583845
0.00611191
0.00637699
0.00622395
0.00441664
0.00268158
0.000944912
0.000153046
-0.000573708
-0.00130262
-0.00168191
-0.00184328
-0.0020138
-0.0021762
-0.00232111
-0.00246665
-0.00261203
-0.00128767
0.000136329
0.00155489
0.00273057
0.00375436
0.00478373
0.00538284
0.00428383
0.0032577
0.00222936
0.0015911
0.000980083
0.000368434
0.00108887
0.00263971
0.00415416
0.00503489
0.00446297
0.00395283
0.00344051
0.00337527
0.00334084
0.00330515
0.00249786
0.00120949
-5.75567e-05
-0.000491654
0.000981934
0.00237413
0.00376857
0.00378279
0.00370177
0.00362481
0.00327536
0.00275611
0.00224442
0.00165144
0.000736923
-0.000163374
-0.00106351
-0.00131643
-0.00152439
-0.00173404
-0.000362892
0.00199441
0.0043086
0.00592913
0.00595964
0.00605638
0.00615027
0.00547941
0.00475598
0.00403534
0.00335554
0.00270151
0.00204695
0.00135611
0.000520037
-0.000309312
-0.00113825
-0.00141134
-0.00164558
-0.00188124
-0.00203834
-0.00214638
-0.00225637
-0.00172402
0.000279099
0.00221979
0.00416145
0.00476821
0.00528147
0.00579818
0.00491525
0.00315841
0.00143903
9.18252e-05
-0.000401268
-0.000929105
-0.00145508
-0.00138783
-0.00127917
-0.00117231
-0.000286883
0.00108469
0.00243519
0.00325702
0.00198701
0.000803768
-0.000382058
-0.000759347
-0.00107974
-0.0014022
-0.000719666
0.000590716
0.00187437
0.00298659
0.00370498
0.00443885
0.00517149
0.00346632
0.00159122
-0.000275426
-0.00113191
-0.00135644
-0.00160651
-0.00173561
-0.00139076
-0.00106546
-0.000739629
0.00115781
0.00316448
0.00516509
0.0054944
0.00477838
0.00410532
0.00373397
0.00405722
0.00435209
0.00464787
0.0031921
0.00161382
4.17786e-05
-0.00072631
-0.000991172
-0.00127614
-0.00153252
-0.00172563
-0.00192113
-0.00211638
-0.000599583
0.00103718
0.00266779
0.0030985
0.00277824
0.00248843
0.00222626
0.00207762
0.00192455
0.00177178
0.000814724
-0.000198642
-0.00120894
-0.00175799
-0.00201816
-0.0022897
-0.00235285
-0.0019398
-0.00154614
-0.00115201
0.000600225
0.00244768
0.00428985
0.00479579
0.00446502
0.00416788
0.00390547
0.00378514
0.00365925
0.00353368
0.00258089
0.00156989
0.000562015
-0.000194327
-0.000792892
-0.00139725
-0.00183136
-0.00187645
-0.00193694
-0.00199677
-0.000395119
0.00132395
0.003037
0.00368898
0.00367611
0.00368955
0.00332451
0.00209441
0.000899466
-0.00029592
0.000750671
0.00195683
0.00315574
0.00385095
0.00423026
0.00462172
0.00493988
0.00497076
0.00501292
0.00505461
0.00350948
0.00185173
0.000199707
-0.000645741
-0.000985414
-0.00134468
-0.00138595
-0.000172377
0.000991032
0.0021555
0.00323137
0.00430015
0.00536836
0.00481237
0.00323853
0.00170572
0.000362353
-0.0002283
-0.000847894
-0.00146587
-0.00165763
-0.00181858
-0.0019806
-0.00104624
0.000575172
0.00216856
0.00342821
0.00336605
0.00335537
0.00334269
0.00229836
0.00118035
6.60612e-05
-0.000600817
-0.000986871
-0.00138352
-0.00174857
-0.00199106
-0.00223811
-0.0024848
-0.000718067
0.00119295
0.00309691
0.0036636
0.00339119
0.00315142
0.0026934
0.00137573
9.22733e-05
-0.00119151
-0.00145052
-0.00163513
-0.00182248
-0.00137029
-0.000517062
0.000320065
0.00106516
0.00144533
0.00183924
0.00223232
0.00173631
0.00117611
0.000618807
-2.0107e-05
-0.000709997
-0.0013974
-0.00181542
-0.00116802
-0.00056193
4.52732e-05
0.00120118
0.00239621
0.00358882
0.00340638
0.00236083
0.00134906
0.000408415
-0.000247738
-0.000914249
-0.00157986
-0.00181125
-0.00201084
-0.00221149
-0.00163785
-0.000578248
0.000462047
0.00152244
0.00266183
0.00379736
0.00493216
0.00338135
0.00163551
-0.000101593
-0.000981488
-0.00132264
-0.00168395
-0.00178598
-0.000865109
1.63151e-05
0.000898565
0.00155921
0.0022032
0.00284734
0.00237298
0.0011962
4.68454e-05
-0.000943057
-0.00129999
-0.00168054
-0.00205992
-0.000566362
0.00106347
0.00268693
0.00303542
0.00258264
0.00216035
0.00160667
0.000536252
-0.000513934
-0.00156409
-0.00179487
-0.00196532
-0.00213791
-0.00156548
-0.000525068
0.000497015
0.00149978
0.00242557
0.00335356
0.00428077
0.00275154
0.0010426
-0.000658349
-0.0014841
-0.00175933
-0.00205493
-0.00229776
-0.00233535
-0.00238056
-0.00242546
-0.00112195
0.000280091
0.00167742
0.00175616
0.00100578
0.000286821
-0.000408888
-0.00100943
-0.00161307
-0.00221615
-0.00178847
-0.00128494
-0.000784608
3.63498e-05
0.00105864
0.00207271
0.00260189
0.00121156
-0.00010664
-0.00142654
-0.00172898
-0.00195594
-0.00218553
-0.00116001
0.000654614
0.00243875
0.00389954
0.00407909
0.00430578
0.00453056
0.00302858
0.00139957
-0.000223555
-0.00100549
-0.00125789
-0.00152959
-0.00178268
-0.00196552
-0.00215082
-0.00233588
-0.00036966
0.00175504
0.00387237
0.00434363
0.0037788
0.00325239
0.00257324
0.00129357
3.68269e-05
-0.00121983
-0.000746573
-0.000144916
0.000451605
0.00124409
0.00215958
0.00306992
0.00349122
0.00197656
0.000533664
-0.0009108
-0.000264437
0.000537336
0.00133286
0.00170783
0.00181779
0.00193733
0.00183068
0.000829671
-0.000138087
-0.00110635
-0.00140297
-0.00164926
-0.0018972
-0.000916905
0.00083647
0.00256053
0.00381729
0.00322229
0.00269481
0.00216526
0.00119381
0.000189922
-0.000812067
-0.000991553
-0.000652946
-0.000333308
0.000149286
0.00127542
0.0023775
0.00347966
0.00350172
0.00344284
0.00338692
0.00254719
0.001214
-0.000100453
-0.00117789
-0.00131644
-0.00148866
-0.00165954
-0.000835316
6.30783e-05
0.000958163
0.00187882
0.00281529
0.00375051
0.00431731
0.00342622
0.00258803
0.00174854
0.000807136
-0.000141339
-0.00108888
-0.0012324
-0.00086917
-0.00052432
3.08312e-05
0.00141733
0.00277315
0.0041291
0.00329311
0.00229256
0.00129859
0.000518904
-0.000125374
-0.000774017
-0.00106761
4.35789e-05
0.00110399
0.00216545
0.00254333
0.0028694
0.00319708
0.00248535
0.00111853
-0.000224059
-0.00133906
-0.00155164
-0.00179608
-0.00203921
-0.00106065
9.62498e-06
0.00107589
0.00165919
0.0019377
0.00222679
0.00243419
0.00231995
0.00221716
0.00211404
0.00116643
0.000155497
-0.000852491
-0.00140449
-0.00166869
-0.00194285
-0.00207062
-0.00162029
-0.00119064
-0.000760556
0.000377416
0.00156835
0.00275658
0.00263714
0.00169275
0.000777989
-7.11914e-05
-0.00065827
-0.00125413
-0.00184927
-0.00205577
-0.00223263
-0.0024104
-0.00172125
-0.000485301
0.000730642
0.00159696
0.00107748
0.000606811
0.00013477
-0.00039121
-0.000920972
-0.00145023
-0.00128638
-0.000685145
-9.95859e-05
0.000396382
0.000536334
0.000688593
0.000840317
9.07768e-05
-0.000726967
-0.00154177
-0.00154205
-0.00102812
-0.000532431
3.2783e-05
0.000872023
0.00170117
0.00253008
0.00220866
0.00179966
0.00139398
0.000814798
0.000126297
-0.000557941
-0.00116304
-0.00145532
-0.00175821
-0.00206054
-0.00221178
-0.00235139
-0.0024913
-0.00154411
8.9302e-05
0.0016979
0.00294742
0.00277368
0.00264915
0.002523
0.00136698
0.000132835
-0.00109777
-0.00167647
-0.00184321
-0.00202402
-0.00213866
-0.00199335
-0.00185708
-0.00172059
-0.000268331
0.00128392
0.00283168
0.00268788
0.00147547
0.000300535
-0.000718376
-0.00111612
-0.00153487
-0.00195261
-0.0021601
-0.00235131
-0.00254295
-0.00195024
-0.00086211
0.000208347
0.00112248
0.00141679
0.00173204
0.00204637
0.00127686
0.000424458
-0.000424534
-0.00101406
-0.00143942
-0.00187008
-0.00223531
-0.00234276
-0.0024589
-0.00257467
-0.00152789
-0.000392214
0.000739674
0.00143322
0.00184947
0.00227484
0.002419
0.00145045
0.000520288
-0.000410548
-0.000914826
-0.0013859
-0.00185778
-0.00215886
-0.00235191
-0.00254849
-0.00245552
-0.00121561
-1.52743e-05
0.00118558
0.0016573
0.0020724
0.00248914
0.00236048
0.00188705
0.00142555
0.000892063
7.38204e-05
-0.000734283
-0.00154218
-0.00175674
-0.00192527
-0.00209523
-0.00190364
-0.00148348
-0.00107128
-0.000561881
0.000332639
0.00121363
0.00209449
0.00162302
0.00104705
0.00047497
-8.40657e-05
-0.000634639
-0.00118513
-0.00166588
-0.00187127
-0.00208572
-0.00229973
-0.00115727
8.976e-05
0.00133247
-0.00810812
-0.0243052
-0.040266
0.00430291
0.00150987
0.000297414
-0.000966899
-0.0012711
-0.00150071
-0.00173265
-0.00186851
-0.0019436
-0.00202066
-0.00172757
3.27047e-05
0.00174306
0.00345395
0.00280402
0.00197079
0.00114418
0.000353457
-0.000414248
-0.00118221
-0.00168958
-0.00116533
-0.000675576
-0.000185009
0.000343111
0.000873848
0.00140415
0.0010348
9.60767e-05
-0.000823215
-0.00158677
-0.00173212
-0.00189776
-0.00206263
-0.000538167
0.00111723
0.00276722
0.00326809
0.00304127
0.00283855
0.00245416
0.0013522
0.000274564
-0.00080316
-0.00110915
-0.00135466
-0.00160199
-0.00174259
-0.00181561
-0.00189081
-0.00167088
-0.000281161
0.00106929
0.00242015
0.00235017
0.00216906
0.00199171
0.00129134
0.000259976
-0.000759884
-0.00142652
-0.000692997
-5.71005e-06
0.000682638
0.00125382
0.0018155
0.00237712
0.0020311
0.00111025
0.000208752
-0.000579712
-0.000919167
-0.00127303
-0.00162619
-0.00178471
-0.00192788
-0.00207144
-0.00130496
3.78638e-05
0.00136109
0.00225427
0.0014421
0.000685828
-7.17666e-05
-0.000652731
-0.00121949
-0.00178634
-0.00183453
-0.00155407
-0.00128445
-0.000928372
-0.000230337
0.000456179
0.00114262
0.000554077
-0.000134438
-0.000819277
-0.00125811
-0.00154088
-0.00182851
-0.00205694
-0.00205184
-0.00205428
-0.00205647
-0.00148543
-0.000869555
-0.000255525
-0.000412884
-0.00105918
-0.00168931
-0.00222679
-0.00239593
-0.0025768
-0.00275718
-0.00270083
-0.00262585
-0.00255151
-0.00239243
-0.00217967
-0.00196877
-0.00186956
-0.00221316
-0.00254235
-0.00287178
-0.00292408
-0.00295446
-0.00298553
-0.00296288
-0.00290621
-0.00285065
-0.00280038
-0.00277107
-0.00274111
-0.00271119
-0.00291552
-0.00313827
-0.00336028
-0.00345597
-0.00347151
-0.0034896
-0.00348666
-0.00340069
-0.00331742
-0.00323412
-0.00318385
-0.00313623
-0.00308856
-0.00322637
-0.0034818
-0.00373333
-0.00393211
-0.00392166
-0.00391786
-0.00391386
-0.00389428
-0.00387349
-0.00385274
-0.00381223
-0.00375918
-0.00370657
-0.00369146
-0.00382507
-0.00395388
-0.00408277
-0.00413222
-0.00417533
-0.00421862
-0.00419472
-0.00412819
-0.00406305
-0.00401951
-0.00406169
-0.00410114
-0.00414065
-0.00419217
-0.00424461
-0.004297
-0.00434893
-0.00440056
-0.00445217
-0.00448997
-0.00447307
-0.0044579
-0.00444269
-0.00443606
-0.00443011
-0.00442415
-0.00446925
-0.00454674
-0.00462318
-0.00468411
-0.00468358
-0.00468498
-0.00468632
-0.00467142
-0.00465524
-0.00463911
-0.00462381
-0.00460903
-0.00459425
-0.00459475
-0.00465582
-0.00471496
-0.00477412
-0.00481705
-0.00485868
-0.00490031
-0.0049103
-0.0049002
-0.00489074
-0.00488423
-0.00488952
-0.00489444
-0.00489937
-0.00491703
-0.0049357
-0.00495433
-0.00495227
-0.00493707
-0.0049223
-0.00491195
-0.00491922
-0.00492594
-0.00493267
-0.0049013
-0.00486691
-0.00483263
-0.00482906
-0.00484499
-0.00486031
-0.00487162
-0.00486695
-0.00486277
-0.00485858
-0.00489996
-0.00494497
-0.00498983
-0.00499183
-0.0049666
-0.00494222
-0.00492592
-0.00494174
-0.00495656
-0.00497141
-0.00494165
-0.00490834
-0.00487516
-0.00486214
-0.00486192
-0.00486131
-0.00486528
-0.00491023
-0.00495388
-0.00499755
-0.0050308
-0.0050228
-0.00501608
-0.00500933
-0.00499425
-0.00497737
-0.00496055
-0.00495355
-0.00495608
-0.00495832
-0.00496056
-0.00496281
-0.00496505
-0.00496728
-0.00496952
-0.00496399
-0.00495094
-0.00493813
-0.00492519
-0.00491111
-0.00489708
-0.00488305
-0.004852
-0.00481723
-0.00478259
-0.00477002
-0.00477882
-0.00478696
-0.00479773
-0.00483196
-0.00486546
-0.00489895
-0.00488371
-0.00485778
-0.00483219
-0.00481637
-0.00481002
-0.00480338
-0.00480052
-0.00483137
-0.00486119
-0.00489101
-0.00487372
-0.0048461
-0.0048188
-0.00483829
-0.00490312
-0.00496653
