0
0.018112
0.0173974
0.0183794
0.0192189
0.0189733
0.0180885
0.017258
0.0167851
0.0171241
0.0173955
0.0176721
0.0174162
0.0171456
0.0168767
0.016677
0.0165177
0.0163554
0.0161741
0.0159495
0.0157288
0.0155082
0.0157542
0.0159617
0.016172
0.0161961
0.0161117
0.0160363
0.0159278
0.0157461
0.0155707
0.015395
0.0149217
0.0144733
0.0140236
0.0135499
0.0130625
0.0125769
0.0125668
0.0136257
0.0145967
0.0155732
0.0144907
0.0133472
0.0122104
0.0116357
0.0113903
0.011119
0.0109219
0.0108866
0.0108384
0.0107912
0.0115032
0.0122377
0.0129692
0.012761
0.0120026
0.0112892
0.0107379
0.0105582
0.0103494
0.0101431
0.0108734
0.0116323
0.0123878
0.0123619
0.0118778
0.0114307
0.0112968
0.011874
0.0123942
0.0129181
0.0119696
0.0111383
0.0102991
0.0106091
0.011593
0.0125225
0.012917
0.0120989
0.0113769
0.0106485
0.0105249
0.0103544
0.0101878
0.0102982
0.0105715
0.0108316
0.0108357
0.0102611
0.00973226
0.00920068
0.00935768
0.0095375
0.00971529
0.00956583
0.00922393
0.00889739
0.00872277
0.00889252
0.00903552
0.00918035
0.00865058
0.00809854
0.00754905
0.00794762
0.0089041
0.00981643
0.010666
0.0113681
0.0120804
0.0127909
0.0116278
0.0104012
0.00918136
0.00839838
0.00787353
0.00732987
0.00706712
0.00743319
0.00775107
0.00807211
0.00829535
0.00852564
0.00875505
0.00843029
0.00777883
0.00715298
0.00663224
0.00635177
0.00605366
0.00575733
0.00685942
0.00785496
0.00885699
0.00865096
0.00773222
0.00686815
0.00632469
0.00651211
0.00664472
0.00678121
0.00757165
0.00838488
0.00919521
0.00883118
0.00777327
0.00676845
0.00597294
0.00565684
0.00530569
0.00495766
0.0048076
0.00466508
0.00452221
0.00504915
0.00597197
0.00686426
0.0075677
0.0078415
0.00814648
0.00844873
0.00746419
0.00643265
0.00540608
0.0048868
0.00466834
0.0044282
0.00438603
0.00478656
0.00515418
0.00552367
0.00765358
0.00965216
0.0116574
0.0111173
0.00906953
0.00713423
0.00560195
0.00499483
0.00432155
0.00365403
0.00344217
0.00319768
0.00295589
0.00416282
0.00622849
0.00822927
0.00966424
0.00981443
0.0100568
0.0102922
0.00897731
0.00760341
0.0062357
0.0054847
0.00510043
0.00469046
0.00500372
0.00694555
0.00876827
0.0105969
0.00967484
0.00864509
0.00762448
0.0067056
0.00584805
0.00498735
0.00425588
0.00381423
0.00335265
0.00289314
0.00265449
0.00242502
0.00219522
0.00337021
0.00537995
0.00732795
0.00876851
0.00905589
0.00942406
0.00978604
0.00839273
0.00712474
0.00584973
0.00494528
0.00426148
0.00356317
0.00292033
0.0023992
0.00187028
0.00134265
0.00126354
0.00115325
0.00104528
0.00272551
0.0054702
0.00813699
0.00944324
0.00766581
0.006105
0.00453132
0.00355804
0.00261082
0.00166311
0.00107031
0.000689343
0.000294261
-1.51531e-05
-0.000133845
-0.000265527
-0.000396131
0.00075055
0.00194956
0.00314332
0.00374848
0.00400196
0.00427923
0.004311
0.00379182
0.00331109
0.00282838
0.0024444
0.00206507
0.00168594
0.00151582
0.00147058
0.00141689
0.00185803
0.00341718
0.00489815
0.00638243
0.00679876
0.00728702
0.00776975
0.00703022
0.00556041
0.00414203
0.0029589
0.00231364
0.00163291
0.000955487
0.000561955
0.000149812
-0.000260522
-0.000593902
-0.000881031
-0.00117088
-0.000981272
0.000292553
0.0014919
0.00269464
0.00310065
0.00347123
0.00384368
0.00348458
0.00268791
0.00192154
0.0011814
0.000504016
-0.000176651
-0.000856192
-0.00112433
-0.00137389
-0.00162436
-0.00174637
-0.00179144
-0.00184155
-0.00189429
-0.00195386
-0.0020129
-0.0020719
-0.00226424
-0.00246233
-0.00265979
-0.00274781
-0.00277017
-0.00279683
-0.00285432
-0.00298232
-0.00310551
-0.00322885
-0.00335776
-0.00348614
-0.00361438
-0.00363172
-0.00358253
-0.00353777
-0.00350467
-0.00349859
-0.00349076
-0.00348305
-0.00352928
-0.00357193
-0.00361475
-0.003611
-0.0035793
-0.00354946
-0.00353931
-0.00357398
-0.00360569
-0.00363756
-0.00356601
-0.00348978
-0.00341395
-0.00337232
-0.00335127
-0.00332892
-0.00334962
-0.00346764
-0.00357923
-0.00369109
-0.003843
-0.0039966
-0.0041499
-0.00420597
-0.00420356
-0.0042049
-0.00420824
-0.00421665
-0.00422472
-0.0042328
-0.00415213
-0.00406739
-0.00398302
-0.00395682
-0.00396564
-0.00397222
-0.00400154
-0.0040821
-0.00415929
-0.0042366
-0.00329724
-0.00242371
-0.00154711
-0.00102431
-0.000714576
-0.000391726
-9.66164e-05
0.00013808
0.000376303
0.000614002
0.000606025
0.000613578
0.000620141
0.000809285
0.00110829
0.00139999
0.00164792
0.00179602
0.0019502
0.00210382
0.00249131
0.00288963
0.00328676
0.00346005
0.00349829
0.00354494
0.00354417
0.00343715
0.00333691
0.00323638
0.00385325
0.00450425
0.00515231
0.00548369
0.0056238
0.00577563
0.0059192
0.00604597
0.00617362
0.00630106
0.00596447
0.00565707
0.00534825
0.00513757
0.00498616
0.00483128
0.00500661
0.00593042
0.00680688
0.00768518
0.00644765
0.005342
0.0042296
0.00355745
0.00315119
0.00272908
0.0028327
0.00412637
0.00534545
0.0065676
0.00701803
0.00742965
0.00784315
0.00761104
0.00698895
0.00639145
0.00576654
0.00508193
0.00440181
0.00372223
0.00330818
0.00287846
0.00245022
0.00277683
0.00355982
0.00431416
0.00499637
0.00551202
0.00603714
0.00656105
0.00587634
0.00513143
0.00439105
0.00373369
0.00312701
0.002518
0.00197731
0.00159042
0.00119474
0.000800056
0.00143386
0.00200505
0.00257931
0.00344989
0.00449964
0.00553739
0.00604703
0.00535743
0.00474046
0.00411988
0.00340693
0.00270034
0.00199422
0.00145337
0.00101287
0.000566915
0.000172246
-0.000107402
-0.000393564
-0.000678997
-0.000579995
-0.000461296
-0.000343907
0.00070571
0.00231995
0.0038988
0.0047616
0.00399542
0.00332654
0.0026527
0.00219033
0.00171602
0.00124297
0.000767754
0.000291461
-0.000184206
-0.000607622
-0.000912987
-0.00122494
-0.00153613
-0.00162687
-0.001706
-0.00178571
-0.00182904
-0.0018503
-0.00187282
-0.00178826
-0.00146059
-0.00114751
-0.000833946
0.000189319
0.00116996
0.00215194
0.0022547
0.00182358
0.00142405
0.00105014
0.000738108
0.000422839
0.000108125
0.000999126
0.00181912
0.00264227
0.0029721
0.00300218
0.00304959
0.00287234
0.00218689
0.00153161
0.000875336
0.000369471
-0.000127877
-0.000625142
-0.000962552
-0.00120265
-0.00144808
-0.00169448
-0.00194421
-0.00219345
-0.00244244
-0.00256013
-0.00268521
-0.00280973
-0.00284799
-0.00283376
-0.00282254
-0.00277441
-0.00264273
-0.00251597
-0.00238908
-0.00235679
-0.00232963
-0.0023022
-0.00234528
-0.00243122
-0.00251463
-0.00264153
-0.00286711
-0.00308682
-0.00330662
-0.00272807
-0.00219546
-0.00166085
-0.00114144
-0.000631407
-0.000121422
0.000296462
0.000505641
0.000726374
0.000946205
0.00118224
0.00141709
0.00165174
0.0016018
0.00137848
0.00116518
0.0012101
0.0018434
0.00244294
0.0030437
0.00291113
0.00273848
0.00256827
0.00286055
0.00343473
0.0039925
0.00440717
0.00449502
0.00460102
0.0047059
0.00453822
0.00438592
0.00423294
0.00415426
0.00412089
0.00408504
0.00414685
0.00443049
0.00470148
0.00497288
0.00436494
0.00370883
0.00305612
0.00243718
0.00183921
0.00124074
0.000720395
0.000376883
2.3981e-05
-0.000328013
0.0010794
0.00238822
0.00370103
0.00452146
0.00504114
0.0055768
0.00572695
0.00500253
0.00432697
0.00364946
0.0028533
0.00206452
0.0012762
0.000711741
0.000284234
-0.000150302
-0.00049885
-0.000653193
-0.000817979
-0.000982016
-0.00101666
-0.00104397
-0.00107166
-9.0619e-05
0.00150649
0.00306832
0.00419561
0.00433142
0.00452096
0.00470737
0.00369195
0.00274284
0.00179116
0.00106685
0.000481721
-0.000110311
-0.000598906
-0.000853709
-0.00112087
-0.00138708
-0.00140596
-0.00141072
-0.00141624
-0.00143152
-0.00145278
-0.0014737
-0.00153131
-0.00167246
-0.00180897
-0.00194559
-0.00212675
-0.00230534
-0.00248386
-0.00262275
-0.00273732
-0.00285307
-0.00270925
-0.00197453
-0.00127221
-0.0005689
-0.000203954
0.000178668
0.000559938
0.000721266
0.000747818
0.000781523
0.000730867
0.000488989
0.000257539
2.57816e-05
0.000648424
0.00131988
0.00198804
0.00190428
0.00135981
0.000840339
0.000283978
-0.00035406
-0.000987101
-0.00161974
-0.00164763
-0.00170743
-0.00176549
-0.00179112
-0.00179682
-0.00180356
-0.00182597
-0.00188423
-0.00194054
-0.0019969
-0.00210933
-0.00222493
-0.00234023
-0.00202881
-0.00145583
-0.000897168
-0.000357399
0.000138348
0.000635881
0.0011328
0.000769335
0.000451227
0.000131082
0.000384422
0.000989396
0.0015754
0.00199623
0.00203916
0.00210174
0.00216322
0.00154396
0.000885155
0.000229085
-0.000225264
-0.000555564
-0.000891959
-0.00119619
-0.00142833
-0.00166396
-0.00189917
-0.00199976
-0.00209228
-0.00218513
-0.00220134
-0.0021705
-0.00214212
-0.00213536
-0.00221431
-0.00228876
-0.00236337
-0.0012175
-9.5819e-08
0.00121238
0.0017938
0.00198724
0.0022004
0.00226813
0.00200695
0.00176291
0.00151823
0.00141636
0.00132309
0.00122949
0.00120452
0.00122172
0.00123675
0.00115292
0.000678631
0.000224747
-0.000229715
-0.000650323
-0.00106852
-0.00148642
-0.00181138
-0.00207908
-0.00234942
-0.00253792
-0.0025405
-0.00255252
-0.00256405
-0.00266031
-0.0027616
-0.00286253
-0.00286302
-0.00280174
-0.00274365
-0.00231617
-0.00104659
0.000179187
0.00140593
0.00133178
0.00117898
0.00103029
0.00105233
0.00117953
0.00130131
0.00127312
0.000652297
6.18779e-05
-0.000529475
0.000347502
0.00131292
0.00227293
0.00248493
0.00223623
0.00201084
0.00193234
0.00219131
0.00243315
0.0026756
-0.0110215
-0.025557
-0.0400362
-0.0545037
0.00616768
0.00289979
0.00282879
0.00263634
0.00245012
0.00226377
0.00253985
0.00284401
0.00314647
0.00330615
0.00337776
0.00345367
0.00348091
0.00339771
0.00332007
0.00324222
0.00321759
0.00319624
0.00317476
0.00347384
0.00397039
0.00445671
0.00477363
0.00470348
0.00465246
0.00460055
0.00429096
0.00396572
0.00364157
0.00366792
0.0039104
0.00414204
0.00428714
0.00408918
0.00390823
0.00372662
0.00337293
0.00300888
0.00264569
0.00264378
0.00286474
0.0030746
0.00340304
0.00400115
0.00458552
0.00516998
0.00462764
0.00401563
0.00340761
0.00277513
0.0021279
0.00148202
0.000914472
0.000654604
0.000380052
0.000106479
0.00062935
0.00120153
0.00177078
0.0023581
0.0029563
0.00355339
0.00372672
0.00293327
0.00218729
0.00143974
0.00106258
0.000708965
0.000354556
6.27392e-05
-0.000190356
-0.000445073
-0.000653375
-0.000756218
-0.000864033
-0.000971504
-0.00111603
-0.00126276
-0.00140925
-0.000582086
0.000846308
0.00224453
0.00320503
0.00243511
0.00174873
0.00105902
0.000643887
0.000246439
-0.000151474
-0.000445708
-0.00067579
-0.000908712
-0.00111052
-0.0012419
-0.00137651
-0.00151084
-0.0015529
-0.00158906
-0.00162548
-0.00166786
-0.00171394
-0.00175979
-0.00182316
-0.00195579
-0.00208502
-0.00221428
-0.00219621
-0.00216877
-0.00214181
-0.00220941
-0.00233549
-0.00245869
-0.0025491
-0.00256445
-0.00258333
-0.00260202
-0.00268682
-0.00277577
-0.00286443
-0.00282811
-0.00271446
-0.00260455
-0.00254824
-0.00261462
-0.00267517
-0.00273594
-0.00276516
-0.00279232
-0.00281956
-0.00291154
-0.00304357
-0.0031736
-0.00329508
-0.00338278
-0.00347197
-0.00356101
-0.00363343
-0.00370471
-0.00377598
-0.00380989
-0.00382066
-0.00383249
-0.00384044
-0.00383965
-0.00383927
-0.00383887
-0.00382077
-0.00380154
-0.00378238
-0.00379303
-0.00382215
-0.00385039
-0.00387659
-0.00389464
-0.00391304
-0.00393141
-0.00391949
-0.00390562
-0.00389186
-0.00393185
-0.00400513
-0.00407681
-0.00412788
-0.00413176
-0.00413781
-0.00414375
-0.00416122
-0.00417942
-0.00419757
-0.00423158
-0.00427542
-0.00431877
-0.00434791
-0.00434458
-0.00434274
-0.00434083
-0.00440518
-0.00447378
-0.00454213
-0.00435068
-0.00399821
-0.00365343
-0.00324051
-0.0025588
-0.00188999
-0.00122121
-0.00143267
-0.0017015
-0.00196747
-0.00196495
-0.00179582
-0.00163443
-0.00121499
-0.000206305
0.000774678
0.00175603
0.00218357
0.00257446
0.00296665
0.00323673
0.00343101
0.00362855
0.00383031
0.00404991
0.0042685
0.00448693
0.00455229
0.00460753
0.00466318
0.00491987
0.00530126
0.00567668
0.0059853
0.00614101
0.00630346
0.00646546
0.00640128
0.00632222
0.00624391
0.00622283
0.00623732
0.00625019
0.0062123
0.00605815
0.00590935
0.00576044
0.00574925
0.00574718
0.0057447
0.00566802
0.00554526
0.00542468
0.00527249
0.00499542
0.00472418
0.00445291
0.00434125
0.00424026
0.00413889
0.00408217
0.0040532
0.00402301
0.00386639
0.00342046
0.00298778
0.00255489
0.00217793
0.00180499
0.0014322
0.00146883
0.00175989
0.00203942
0.00210063
0.00129749
0.000533312
-0.000231914
-0.000417686
-0.000564624
-0.000713147
-0.000817319
-0.000893936
-0.000971701
-0.0010424
-0.00109716
-0.00115257
-0.0012079
-0.00120116
-0.00119026
-0.00117955
-0.00125676
-0.00138862
-0.00151797
-0.00161977
-0.00165847
-0.00169991
-0.00174118
-0.00185892
-0.0019817
-0.00210415
-0.00220648
-0.00229625
-0.00238648
-0.00246687
-0.00250861
-0.00255201
-0.0025953
-0.00266235
-0.00273095
-0.00279942
-0.00282427
-0.00282195
-0.00282083
-0.00286572
-0.00301604
-0.00316165
-0.00330733
-0.00329002
-0.00326171
-0.0032339
-0.00317826
-0.00310532
-0.00303319
-0.00296747
-0.00292703
-0.00288554
-0.00284413
-0.00284875
-0.00285649
-0.00286409
-0.00288582
-0.00291635
-0.00294647
-0.00298086
-0.00302502
-0.00306872
-0.0031124
-0.0031444
-0.00317559
-0.00320678
-0.00318712
-0.00313578
-0.00308585
-0.00305303
-0.00305945
-0.00306417
-0.00306896
-0.00306924
-0.00306921
-0.00306919
-0.003082
-0.0031028
-0.00312324
-0.00315392
-0.0032251
-0.0032945
-0.00336391
-0.00349265
-0.00362535
-0.00375776
-0.00380866
-0.00380874
-0.00381099
-0.00382777
-0.00387801
-0.00392679
-0.00397559
-0.00393301
-0.00388421
-0.00383571
-0.00378961
-0.00374502
-0.0037004
-0.00366531
-0.00366781
-0.00366872
-0.0036697
-0.00368568
-0.00370268
-0.00371962
-0.00373271
-0.00374338
-0.00375415
-0.00374468
-0.00368887
-0.00363506
-0.00358122
-0.00349374
-0.00340401
-0.00331445
-0.00295625
-0.0024306
-0.00191243
-0.00164515
-0.0019524
-0.00223526
-0.00251891
-0.0017696
-0.000949582
-0.000133215
0.000353156
0.000633398
0.00092204
0.00122232
0.00157074
0.00191686
0.00226278
0.00256852
0.00287125
0.00317386
0.00350582
0.00385601
0.00420515
0.00450629
0.00469783
0.00489377
0.00508937
0.00502588
0.00494446
0.00486386
0.00495496
0.00515326
0.00534695
0.00549206
0.00544476
0.00540549
0.00536591
0.00523479
0.00509741
0.00496039
0.00492059
0.00494153
0.00495993
0.00505523
0.00532642
0.00559011
0.0058539
0.00566447
0.00544358
0.00522418
0.0051241
0.00509864
0.00507012
0.00498093
0.00475249
0.00452997
0.00430738
0.00431422
0.00433707
0.00435925
0.00414836
0.0037919
0.0034417
0.0032176
0.00349259
0.0037469
0.00400185
0.00391371
0.0038016
0.00369056
0.00346505
0.00316808
0.00287429
0.0027581
0.00304875
0.00332255
0.00359682
0.00318907
0.00273372
0.00228069
0.00206338
0.00199355
0.00191777
0.0018216
0.00164362
0.00146911
0.0012946
0.00149021
0.00171174
0.00193203
0.00193534
0.00180294
0.00167614
0.00141452
0.000844413
0.000287253
-0.000269981
-4.37992e-05
0.000237482
0.000516308
0.000443126
0.000149726
-0.000134547
-0.000395339
-0.000601777
-0.000810241
-0.00101845
-0.00100057
-0.000966719
-0.000933535
-0.000998953
-0.00112606
-0.00125058
-0.00139052
-0.00159131
-0.00178949
-0.00198762
-0.00211227
-0.00223162
-0.00235109
-0.00242674
-0.00247494
-0.0025242
-0.00254396
-0.00249625
-0.00245127
-0.00240623
-0.00236106
-0.00231592
-0.00227081
-0.00231531
-0.00241589
-0.00251415
-0.00259856
-0.00262798
-0.00265956
-0.00269104
-0.00277352
-0.00285957
-0.00294541
-0.00301746
-0.00308084
-0.00314452
-0.00320018
-0.00323757
-0.00327565
-0.00331367
-0.00323707
-0.00315235
-0.00306802
-0.00304854
-0.0030697
-0.00308923
-0.00310269
-0.00310209
-0.00310205
-0.00310199
-0.00314935
-0.00320007
-0.00325062
-0.0033524
-0.00348624
-0.00361871
-0.00371519
-0.00366935
-0.00362915
-0.00358875
-0.00362028
-0.00365694
-0.00369337
-0.00371453
-0.0037261
-0.00373804
-0.00374005
-0.00370284
-0.0036672
-0.00363152
-0.00356702
-0.00350049
-0.00343409
-0.00349948
-0.00364744
-0.00379206
-0.00391606
-0.00395823
-0.00400357
-0.00404875
-0.00404387
-0.00403539
-0.00402705
-0.00399752
-0.0039547
-0.00391244
-0.00382886
-0.00358173
-0.00334116
-0.00310053
-0.0031029
-0.00312281
-0.00314201
-0.0030745
-0.00295262
-0.00283294
-0.00270947
-0.00257103
-0.00243328
-0.00229561
-0.00173554
-0.00114533
-0.00055674
-9.26455e-05
0.000293202
0.000681775
0.00104054
0.00128261
0.001529
0.00177503
0.0019304
0.00207909
0.00222793
0.00235146
0.00245909
0.00256726
0.00269023
0.00287218
0.00305172
0.00323122
0.00312654
0.0030013
0.00287695
0.00290056
0.00301705
0.00312988
0.00321537
0.00319228
0.00317336
0.0031543
0.00327935
0.00341479
0.00354974
0.00347695
0.00327378
0.00307574
0.00291277
0.00288896
0.00285985
0.00283096
0.00292587
0.00302973
0.00313318
0.00322388
0.00330656
0.00338949
0.00344681
0.00340297
0.00336302
0.00332295
0.00287879
0.00240544
0.00193355
0.00201842
0.00245293
0.00287386
0.00320091
0.00315516
0.00312355
0.00309144
0.0028044
0.0024989
0.00219433
0.0019162
0.00165477
0.0013929
0.00119186
0.00123103
0.00126111
0.0012915
0.00121491
0.00113053
0.00104651
0.00112957
0.00131759
0.00150152
0.00156806
0.00116952
0.000788753
0.000407607
0.000518532
0.000665517
0.000811037
0.000774384
0.000623225
0.000476472
0.000303073
2.44782e-05
-0.000249968
-0.000524364
-0.000438254
-0.000325677
-0.000214174
-1.5034e-05
0.000239114
0.000491018
0.000581458
3.26591e-05
-0.000491878
-0.00101693
-0.00108499
-0.00111932
-0.00115488
-0.00122915
-0.00132776
-0.00142539
-0.0015218
-0.00161344
-0.00170519
-0.00179686
-0.00122995
-0.000614782
-1.8573e-06
8.61157e-05
-0.000156095
-0.000385884
-0.00058978
-0.000689791
-0.000793576
-0.000897144
-0.000820978
-0.000731563
-0.000642704
-0.000417205
-0.000105833
0.000202137
0.000370497
-1.39438e-05
-0.000377702
-0.000741955
-0.000838422
-0.000914978
-0.000992212
-0.00087685
-0.000640369
-0.00040852
-0.000189486
-2.13826e-05
0.00014847
0.000318133
0.000517737
0.000719433
0.000920905
0.00084008
0.000581634
0.000329892
0.000102278
-2.93305e-05
-0.000164359
-0.000299164
0.000124155
0.000588724
0.00105144
0.00116603
0.00106145
0.000964942
0.000841267
0.000610928
0.00038465
0.000158389
0.000183934
0.00022823
0.00027181
0.000502307
0.000850399
0.00119396
0.00140969
0.00111913
0.000847195
0.000574781
0.000509705
0.000460149
0.000410066
0.000362232
0.000315812
0.000269375
0.000211475
0.000108057
6.36271e-06
-9.532e-05
0.000147682
0.00041631
0.000683817
0.000802675
0.000827861
0.000856414
0.000831143
0.000593184
0.000363074
0.000132847
0.000108419
9.94254e-05
8.98822e-05
0.00028658
0.000613135
0.000934777
0.0011168
0.000745643
0.000394653
4.31908e-05
-2.46871e-05
-7.1238e-05
-0.000118522
-4.82898e-05
9.59488e-05
0.000237428
0.000319579
0.00016658
2.21178e-05
-0.000122546
-8.24319e-06
0.000125458
0.000258368
0.00045634
0.000695246
0.000932518
0.00102215
0.000527061
5.32121e-05
-0.000421056
-0.000115333
0.00024894
0.000610865
0.000726303
0.000686292
0.000651848
0.000637518
0.000703607
0.000766787
0.000830026
0.000595468
0.000338591
8.26899e-05
-0.000170898
-0.000422945
-0.000674868
-0.000864538
-0.000808055
-0.000760341
-0.00071235
-0.000626712
-0.000538281
-0.000450013
-0.000195997
0.000162471
0.00051699
0.000691462
0.000152686
-0.000360507
-0.000874241
-0.000762593
-0.000603679
-0.000446545
-0.000518283
-0.000734396
-0.000945267
-0.00108254
-0.000927893
-0.000783631
-0.000639104
-0.000462061
-0.000282662
-0.000103473
-0.000137328
-0.000305575
-0.000468983
-0.000634962
-0.000810795
-0.000986159
-0.00116142
-0.00106402
-0.000945975
-0.000828738
-0.000654969
-0.000445591
-0.000237605
-8.20642e-05
-0.000134112
-0.000178866
-0.000223842
-7.15247e-05
9.57052e-05
0.000262298
0.000189228
-3.50858e-05
-0.000253967
-0.000438335
-0.000485624
-0.000537655
-0.000589486
-0.000469408
-0.000336306
-0.00020375
-0.000154095
-0.000156791
-0.000157665
-0.000189985
-0.000346679
-0.000498946
-0.000651261
-0.000686126
-0.000712007
-0.000738182
-0.000804829
-0.000897019
-0.00098826
-0.00105906
-0.0010489
-0.00104155
-0.00103411
-0.00110494
-0.00118172
-0.00125824
-0.0013583
-0.0014732
-0.00158751
-0.00171963
-0.00192249
-0.00212278
-0.00232301
-0.00146866
-0.000534111
0.000397035
0.000434692
-9.20356e-05
-0.000598986
-0.00104463
-0.00124563
-0.00145489
-0.00166373
-0.00136014
-0.00101744
-0.000676321
-0.000619474
-0.000742247
-0.000858778
-0.000959353
-0.000996066
-0.00103494
-0.00107371
-0.000740056
-0.000378002
-1.71671e-05
-8.21682e-06
-0.000221619
-0.00042728
-0.000637045
-0.000862448
-0.00108716
-0.00131175
-0.00120318
-0.00106906
-0.000935903
-0.000814846
-0.000701485
-0.00058794
-0.000531527
-0.00070133
-0.000863322
-0.00102547
-0.00132563
-0.00163623
-0.00194627
-0.00207369
-0.00208563
-0.00210148
-0.002136
-0.00224509
-0.00235157
-0.00245806
-0.00251368
-0.00256533
-0.00261708
-0.00268097
-0.00275253
-0.00282378
-0.00287843
-0.00286742
-0.00285863
-0.00284978
-0.00286579
-0.00288372
-0.00290156
-0.00290001
-0.0028862
-0.0028728
-0.00287015
-0.0029101
-0.00294858
-0.00298709
-0.00299438
-0.00299924
-0.00300418
-0.00303926
-0.00309339
-0.00314685
-0.0031929
-0.00320961
-0.00322729
-0.00324493
-0.00319397
-0.00313772
-0.00308168
-0.00309171
-0.00314353
-0.00319391
-0.00323612
-0.00324579
-0.00325654
-0.00326725
-0.00329801
-0.0033303
-0.00336252
-0.0116049
-0.0250395
-0.0382918
-0.00239595
-0.00362643
-0.00361855
-0.00365194
-0.00363306
-0.00361028
-0.00358764
-0.00358067
-0.00358363
-0.00358625
-0.00358568
-0.00357243
-0.0035596
-0.00354677
-0.00349591
-0.00344213
-0.00338848
-0.00343649
-0.00354883
-0.00365897
-0.00374209
-0.00371802
-0.00369752
-0.00367691
-0.00364188
-0.00360575
-0.00356967
-0.00352609
-0.00347777
-0.00342963
-0.00339004
-0.00338422
-0.0033773
-0.00337041
-0.00340581
-0.00344448
-0.00348302
-0.00353361
-0.00359181
-0.00364973
-0.003699
-0.00371411
-0.00373034
-0.00374651
-0.00369813
-0.00364473
-0.00359153
-0.00358393
-0.00360521
-0.00362553
-0.00363507
-0.00360176
-0.00356988
-0.00353797
-0.00358383
-0.00363574
-0.00368742
-0.00371443
-0.00372581
-0.00373769
-0.00374308
-0.00372286
-0.00370349
-0.0036841
-0.00371995
-0.00376011
-0.0038001
-0.00382838
-0.00384923
-0.00387031
-0.00385496
-0.00369524
-0.00354032
-0.00338534
-0.00317809
-0.00296686
-0.00275589
-0.00241631
-0.00199533
-0.00157728
-0.0012572
-0.00132525
-0.00138066
-0.00143645
-0.00127538
-0.00109737
-0.000920023
-0.000725974
-0.000521399
-0.000317296
-7.84741e-05
0.000298371
0.000670506
0.00104255
0.00109506
0.0011224
0.00115054
0.0012203
0.00131646
0.00141169
0.00145937
0.00131851
0.00118382
0.00104902
0.00107081
0.00110492
0.00113861
0.00114609
0.00113696
0.00112837
0.00112401
0.00113646
0.00114836
0.00116027
0.00122826
0.00130063
0.00137282
0.00138983
0.00137185
0.001355
0.00132656
0.00125223
0.00117943
0.00110662
0.00108802
0.00107371
0.00105928
0.00103382
0.00100137
0.000969166
0.000939683
0.000920956
0.000901897
0.000882861
0.000802011
0.000716319
0.000630835
0.000547515
0.000465589
0.00038367
0.000298974
0.000203109
0.000107661
1.22603e-05
-8.65532e-05
-0.000185581
-0.000284539
-0.000397345
-0.000518909
-0.000640117
-0.000745269
-0.000786921
-0.000830563
-0.000874114
-0.000910719
-0.000946751
-0.000982779
-0.00112216
-0.00132707
-0.00152978
-0.00171028
-0.00180283
-0.00189811
-0.00199323
-0.00212626
-0.00226221
-0.00239799
-0.00245983
-0.00247475
-0.00249114
-0.00252366
-0.00262033
-0.00271491
-0.0028095
-0.00285502
-0.00289662
-0.00293832
-0.00299644
-0.00306497
-0.00313313
-0.00318892
-0.00319569
-0.003204
-0.00321226
-0.00329165
-0.00337666
-0.00346144
-0.00349752
-0.00350268
-0.0035088
-0.00351512
-0.00352237
-0.00352959
-0.00353681
-0.0035594
-0.0035832
-0.00360695
-0.00364404
-0.00368959
-0.00373485
-0.00378304
-0.00384287
-0.0039023
-0.0039617
-0.00397252
-0.00397946
-0.00398651
-0.00398294
-0.00397264
-0.00396255
-0.00396223
-0.00400067
-0.00403787
-0.00407509
-0.00407493
-0.00407178
-0.00406872
-0.00407503
-0.00408729
-0.00409935
-0.00410999
-0.00411497
-0.00412013
-0.00412527
-0.00413465
-0.00414436
-0.00415405
-0.00416846
-0.00418587
-0.00420317
-0.00422622
-0.00427206
-0.00431716
-0.00436226
-0.00438033
-0.00439622
-0.00441218
-0.00440053
-0.00437135
-0.00434274
-0.00432368
-0.00434258
-0.0043603
-0.00437804
-0.00439325
-0.00440825
-0.00442324
-0.00443236
-0.00443776
-0.00444327
-0.00445051
-0.00447338
-0.00449576
-0.00451814
-0.00453182
-0.00451102
-0.00449129
-0.00447154
-0.00447293
-0.00447896
-0.00448484
-0.00449161
-0.00449922
-0.00450681
-0.00451439
-0.00452197
-0.00452955
-0.00453711
-0.00454468
-0.0045616
-0.00458759
-0.00461328
-0.00463275
-0.00459646
-0.0045619
-0.0045273
-0.00452309
-0.00452554
-0.00452778
-0.00453357
-0.00454278
-0.00455187
-0.00456313
-0.00459372
-0.0046237
-0.00465369
-0.00463715
-0.00461041
-0.004584
-0.00458526
-0.00461335
-0.0046406
-0.00466528
-0.0046668
-0.00466902
-0.00467121
-0.00468003
-0.0046903
-0.00470052
-0.00470743
-0.00471115
-0.00471495
