0
0.0137594
0.0126662
0.0128473
0.0129222
0.012944
0.012929
0.012917
0.0128931
0.0128431
0.0127953
0.0127474
0.0124801
0.0122071
0.011935
0.0118907
0.0119792
0.0120567
0.0120537
0.0118675
0.0116967
0.0115249
0.011503
0.011469
0.011436
0.011444
0.011476
0.011506
0.0114436
0.0111731
0.0109199
0.0106658
0.0104939
0.0103157
0.0101382
0.0100504
0.0100151
0.00997555
0.00998875
0.0101197
0.0102409
0.0103627
0.0100357
0.0096956
0.00935707
0.00903063
0.00871153
0.00839235
0.00823151
0.00842618
0.0085921
0.00876005
0.00864516
0.00852167
0.00839907
0.00822878
0.00803071
0.00783516
0.00774674
0.00789946
0.0080328
0.00816746
0.00815034
0.00812845
0.00810697
0.00790152
0.00758837
0.00728421
0.00705224
0.00698377
0.00690254
0.00682243
0.00743843
0.00799877
0.0085626
0.00870434
0.00859854
0.00851229
0.00830728
0.00783822
0.00739052
0.00694185
0.00690949
0.00684474
0.0067826
0.00704184
0.00748984
0.00792247
0.00805414
0.00750603
0.00701146
0.00651352
0.00633144
0.00616016
0.00598832
0.00599088
0.00609596
0.00619297
0.00621742
0.00607717
0.0059498
0.00582163
0.00593936
0.0060653
0.00619042
0.00640737
0.00667821
0.00694451
0.00728238
0.00778127
0.00826711
0.0087532
0.00819697
0.00760534
0.0070173
0.00662345
0.00634439
0.00605705
0.00579835
0.00560221
0.00540162
0.00520167
0.00563557
0.00602091
0.00640933
0.00635863
0.00604914
0.00575962
0.005404
0.00490226
0.00441226
0.00392212
0.00407742
0.00418406
0.0042942
0.00444288
0.00461441
0.00478398
0.00511602
0.00581445
0.00648451
0.00715568
0.00646159
0.00571873
0.00498061
0.00442167
0.00396912
0.00350934
0.0031906
0.00318788
0.00316175
0.0031374
0.00334226
0.00355534
0.00376749
0.00448796
0.00550866
0.00650573
0.00699003
0.00631514
0.00572647
0.00513233
0.00468841
0.00425065
0.00381309
0.0035866
0.0034852
0.0033748
0.00337287
0.00361404
0.0038371
0.00406117
0.00525093
0.00636863
0.00748994
0.00722435
0.00613728
0.00511144
0.00420403
0.00357238
0.00292167
0.00227328
0.00206955
0.00183397
0.00160102
0.0018048
0.00226761
0.00271108
0.00340599
0.00466635
0.00588421
0.00710337
0.00652257
0.00587216
0.00522768
0.0045837
0.0039406
0.00329836
0.00282018
0.00271149
0.00257656
0.0024437
0.00218838
0.00192855
0.00166942
0.00196576
0.00259202
0.00319395
0.00373776
0.00414739
0.00456596
0.0049833
0.00442928
0.00383699
0.00324825
0.00287081
0.00261937
0.0023594
0.00212732
0.00195638
0.00178138
0.00160692
0.00206689
0.00248162
0.00289895
0.00346656
0.00412347
0.00477319
0.00498833
0.00422122
0.00352388
0.00282263
0.00229864
0.00176302
0.00122896
0.00101079
0.000980968
0.000938077
0.000779961
0.000359144
-4.28465e-05
-0.000445585
-0.000256122
-4.22739e-05
0.000169589
0.000729834
0.00149741
0.00224959
0.00264431
0.00222958
0.00187125
0.00150953
0.00118875
0.000870068
0.000551676
0.000303681
9.78107e-05
-0.000110668
-0.000238651
-0.000185366
-0.00014457
-0.000102974
0.00035571
0.000831581
0.00130563
0.0017171
0.00209094
0.00246683
0.00256897
0.00205281
0.00157942
0.00110376
0.000681756
0.000256686
-0.000167599
-0.000402366
-0.000523742
-0.000652631
-0.000722405
-0.00065983
-0.000606282
-0.000552197
-3.15394e-05
0.000456954
0.000946957
0.00103309
0.000877739
0.000738832
0.00059676
0.000449855
0.000303471
0.000157248
-9.90569e-05
-0.000359889
-0.000620068
-0.000875079
-0.00112685
-0.00137851
-0.00153911
-0.00149401
-0.00146269
-0.00143049
-0.000870912
-0.000288599
0.000291428
0.000682373
0.000959796
0.00124438
0.00135283
0.00106408
0.000802015
0.000538531
0.000197503
-0.000146608
-0.000490061
-0.00069509
-0.000817031
-0.000944289
-0.00103989
-0.00106483
-0.00109438
-0.0011236
-0.000432991
0.000209445
0.0008542
0.00138764
0.00185418
0.00232448
0.00245897
0.00183418
0.00125983
0.000682943
0.000372664
4.53986e-05
-0.000280333
-0.000557559
-0.000805483
-0.00105499
-0.00122313
-0.00120758
-0.00120399
-0.00119962
-0.000194149
0.00085631
0.0019025
0.00253807
0.00292654
0.00333048
0.00338824
0.00266459
0.00199229
0.00131755
0.000836923
0.000365859
-0.000105214
-0.00048331
-0.000805354
-0.00113058
-0.00132415
-0.00122033
-0.0011357
-0.00104995
-0.00055685
-4.51858e-05
0.000464637
0.00103318
0.00163672
0.00223725
0.0025166
0.00206843
0.00166717
0.00126343
0.000861728
0.000460406
5.95699e-05
-0.000113032
-0.000148155
-0.000191951
-0.000235719
-0.000280776
-0.000325694
-0.000370564
0.00010473
0.000546565
0.000989955
0.00156514
0.00221955
0.00286814
0.00317569
0.0027101
0.00229373
0.00187479
0.00153866
0.00120687
0.000875234
0.000628355
0.000432676
0.000234036
4.87301e-05
-0.000107096
-0.000264569
-0.000421743
-3.68194e-05
0.000373982
0.000782657
0.00160784
0.0026838
0.00374282
0.00435268
0.00394293
0.00359703
0.00324759
0.00263961
0.00204841
0.0014569
0.00104164
0.000732905
0.000417968
0.000116164
-0.000157254
-0.000432086
-0.000706492
-0.000884975
-0.00106915
-0.00125275
-0.00113761
-0.000842077
-0.000557997
1.80754e-05
0.00125559
0.002451
0.00364753
0.00352857
0.00334442
0.00316448
0.00262087
0.00185787
0.00110921
0.00045383
1.09844e-05
-0.000444281
-0.000898235
-0.00116738
-0.00144745
-0.00172652
-0.00181506
-0.00178833
-0.00176863
-0.00151527
-0.000732436
1.73548e-05
0.000768239
0.00141934
0.00206471
0.00270965
0.0028353
0.00264667
0.00247724
0.00218348
0.00160988
0.00105384
0.000497402
0.000300527
8.22669e-05
-0.000134445
-0.000114925
4.76738e-05
0.000201495
0.000482647
0.00105196
0.00160334
0.00215514
0.00256413
0.00298118
0.00339724
0.00327274
0.00282078
0.00238888
0.00194666
0.00148311
0.00102137
0.000560077
0.000402182
0.000260079
0.000117208
0.000128855
0.00023413
0.000333731
0.000656514
0.00148564
0.00228383
0.0030829
0.00320942
0.00337551
0.00353908
0.00329173
0.00279515
0.00231385
0.00181487
0.0012771
0.000742235
0.000207831
1.75535e-05
-0.000154561
-0.000327539
-0.00043948
-0.000514369
-0.000591341
-0.000378554
0.000492242
0.00132354
0.00215617
0.00264572
0.00315473
0.00366201
0.00357111
0.00311696
0.00268449
0.00222798
0.0017191
0.00121386
0.000708996
0.000625175
0.000517014
0.000410391
0.000421914
0.000505275
0.000584379
0.000796678
0.00131128
0.0018078
0.0023048
0.00280296
0.00330067
0.00379783
0.00367093
0.00316467
0.00268084
0.0021764
0.00162737
0.00108153
0.000536137
0.000269981
-1.18898e-05
-0.000292537
-0.000432454
-0.000486673
-0.000545736
-0.000457517
-3.51649e-05
0.000367611
0.000771046
0.001581
0.00241205
0.00324094
0.00335728
0.00303984
0.00274746
0.00234383
0.00169013
0.00105138
0.00041251
0.000236543
3.4518e-05
-0.0001658
-0.000219437
-0.000183673
-0.000153009
1.51975e-05
0.000495599
0.00095782
0.00142055
0.00195796
0.00249057
0.00302284
0.002943
0.00249027
0.00205903
0.00164548
0.00127432
0.0009012
0.000528607
0.000243638
-3.62387e-05
-0.000316087
-0.000490708
-0.000601122
-0.000715005
-0.000707049
-0.000422531
-0.000153782
0.000115548
0.000770097
0.00140243
0.0020353
0.00211033
0.00184514
0.00159918
0.00128208
0.000805255
0.000337834
-0.00012959
-0.000414701
-0.000689419
-0.000964408
-0.00119174
-0.0013899
-0.00158947
-0.00172085
-0.00169756
-0.00168284
-0.00166767
-0.000534616
0.000535528
0.00160796
0.00193331
0.00180253
0.00169699
0.00146817
0.000961847
0.000471323
-1.95299e-05
-0.000407443
-0.000800577
-0.00119299
-0.00146503
-0.00166341
-0.0018656
-0.00198873
-0.00193267
-0.00188646
-0.00183976
-0.00113681
-0.00039754
0.000338945
0.000925163
0.00141924
0.00191779
0.00210989
0.0016056
0.00113971
0.000672242
0.000232607
-0.000208061
-0.000648196
-0.00101551
-0.00133814
-0.00166285
-0.00188476
-0.00187333
-0.00187452
-0.00187503
-0.001291
-0.000674221
-5.98757e-05
0.000489248
0.000998192
0.00150875
0.00174174
0.00134357
0.000979765
0.000614504
0.000155178
-0.000298606
-0.0007522
-0.00105802
-0.00127329
-0.00149318
-0.0016391
-0.00161745
-0.00160478
-0.00159164
-0.000785494
-2.25495e-05
0.000741886
0.00130866
0.00175427
0.00220585
0.00244947
0.00222075
0.00201741
0.00181293
0.00137103
0.000915807
0.000461777
0.000135486
-0.000112397
-0.000364172
-0.000508579
-0.000409226
-0.000322876
-0.00023593
0.00047313
0.00114858
0.00182508
0.00220771
0.00241012
0.00262182
0.00265324
0.00227538
0.00191946
0.00156276
0.00115755
0.000749882
0.000342773
5.9184e-05
-0.000148551
-0.000360046
-0.000527763
-0.000596483
-0.000670313
-0.000743799
5.41816e-05
0.000805773
0.001559
0.00202954
0.00232657
0.00263233
0.00275875
0.00247791
0.00221857
0.00195839
0.00144561
0.000918408
0.000392506
1.34826e-05
-0.000275225
-0.000568319
-0.000813314
-0.000949614
-0.0010914
-0.00123276
-0.000656724
-3.87379e-05
0.000576441
0.00101282
0.00133917
0.00167087
0.00186553
0.00152165
0.00120588
0.000888988
0.000601974
0.000316992
3.21998e-05
-0.000248571
-0.000526768
-0.000804811
-0.00101658
-0.00107763
-0.00114635
-0.0012146
-0.000741277
-0.000236032
0.000267062
0.000669254
0.00100923
0.00135204
0.00155106
0.00118433
0.000846838
0.000508201
0.000132436
-0.000245223
-0.0006224
-0.000942776
-0.00122811
-0.00151493
-0.00173595
-0.00180749
-0.00188655
-0.00196515
-0.00178596
-0.0015914
-0.00139782
-0.000976071
-0.00041417
0.000140073
0.000527971
0.000536341
0.000563871
0.000590405
0.000243455
-0.000125791
-0.000493541
-0.000769723
-0.00098942
-0.00121174
-0.00141927
-0.00156961
-0.00172268
-0.00187546
-0.00192268
-0.00196344
-0.00200448
-0.00163718
-0.00101864
-0.000413298
1.20493e-05
2.60771e-05
6.06568e-05
9.41748e-05
-0.0129703
-0.0268223
-0.0406213
-0.0544091
0.00230381
-0.000785777
-0.000890758
-0.00113095
-0.00136418
-0.00159752
-0.00169914
-0.00179261
-0.00188638
-0.00152076
-0.00087226
-0.000238425
0.000246225
0.000389624
0.000549776
0.00070894
0.000623029
0.000522113
0.000422038
0.000335489
0.000257331
0.000178837
9.72456e-05
8.44647e-06
-7.99101e-05
-0.000168201
-0.000327386
-0.000490809
-0.000653863
-0.000274368
0.000439532
0.00113632
0.00172468
0.00188373
0.00206366
0.00224239
0.00201499
0.00176259
0.00151167
0.00128759
0.0010802
0.000872187
0.000735264
0.000760248
0.00077731
0.000794741
0.000638536
0.000471661
0.000305469
0.00038378
0.000612962
0.000834586
0.00107839
0.00140894
0.00173496
0.00206088
0.00203202
0.00198102
0.00193115
0.00174215
0.00146737
0.00119701
0.000930474
0.000672813
0.000414972
0.000157389
9.27572e-05
4.02821e-05
-1.27287e-05
-0.000140142
-0.000313478
-0.000484437
-0.00040706
0.00023735
0.000853879
0.00147116
0.00161553
0.00173003
0.00184585
0.00185015
0.00178561
0.00172443
0.00158323
0.00112649
0.000685288
0.000243762
5.94956e-05
-0.000108364
-0.000276846
-0.000394802
-0.000481515
-0.000569634
-0.000625244
-0.000606883
-0.000592063
-0.000577087
-0.000421588
-0.000257309
-9.36042e-05
0.000383004
0.00105289
0.00171297
0.00224626
0.00227882
0.00233508
0.00239016
0.00197263
0.00152536
0.00107993
0.000741428
0.000469225
0.000194147
-4.8836e-05
-0.000219174
-0.000392779
-0.000566065
-0.000647763
-0.000723542
-0.000799529
-0.000646985
-0.000353106
-6.6148e-05
0.00029202
0.000812456
0.00132479
0.00183701
0.00218303
0.00251812
0.0028534
0.00284904
0.00263448
0.00242996
0.00213968
0.0015119
0.000900488
0.000288879
-1.40275e-05
-0.000296836
-0.000580318
-0.000783827
-0.000937779
-0.0010939
-0.00122039
-0.00127963
-0.00134194
-0.00140405
-0.00139694
-0.00138536
-0.001374
-0.00139723
-0.00144189
-0.00148551
-0.0015151
-0.00148916
-0.00146582
-0.00144239
-0.00138113
-0.00131748
-0.001254
-0.00114186
-0.00099961
-0.000858882
-0.000542062
0.00017718
0.000877215
0.00157749
0.00162908
0.00163851
0.00164987
0.00154994
0.00138114
0.00121566
0.000897344
0.0002299
-0.000420917
-0.0010719
-0.00128088
-0.00146089
-0.00164207
-0.00163392
-0.00150841
-0.00138839
-0.00125667
-0.00107938
-0.000904335
-0.000729346
-0.000767272
-0.000819083
-0.000870214
-0.000949493
-0.00104618
-0.001142
-0.00123888
-0.00133824
-0.00143739
-0.00153646
-0.00162838
-0.00171976
-0.00181107
-0.00184859
-0.00185272
-0.00185836
-0.00187302
-0.00192364
-0.00197258
-0.00202156
-0.00203966
-0.00205572
-0.00207186
-0.00206336
-0.00203956
-0.00201648
-0.00200433
-0.00201723
-0.00202899
-0.00204079
-0.00200875
-0.00197385
-0.0019391
-0.00185535
-0.00174121
-0.00162853
-0.00157236
-0.00164543
-0.00171264
-0.00178005
-0.00178701
-0.00178997
-0.00179311
-0.00180958
-0.00183434
-0.00185871
-0.00190598
-0.00204378
-0.00217741
-0.0023111
-0.00238142
-0.00244747
-0.00251366
-0.0025158
-0.00247816
-0.00244232
-0.00242598
-0.0024544
-0.00248081
-0.00250728
-0.00254419
-0.00258178
-0.00261929
-0.00268972
-0.00278058
-0.00287045
-0.00295174
-0.00299915
-0.00304802
-0.00309678
-0.00298514
-0.00286288
-0.0027412
-0.00247993
-0.00213197
-0.00178814
-0.00154797
-0.00154491
-0.00153141
-0.00151838
-0.00127091
-0.00100794
-0.000745876
-0.000456835
-0.000151125
0.000153584
0.000495547
0.000922986
0.0013463
0.00176942
0.00202736
0.00227401
0.00252093
0.00265339
0.00271463
0.00277892
0.00282755
0.00281492
0.00280498
0.00279493
0.00267305
0.00254372
0.00241483
0.00245953
0.00261225
0.00276014
0.0028668
0.00287882
0.00289495
0.00291089
0.00293323
0.00295599
0.00297871
0.00301781
0.0030671
0.0031159
0.00306679
0.00263057
0.00221148
0.00179201
0.00194503
0.00213671
0.00232656
0.00252574
0.00273063
0.0029351
0.00301799
0.00282287
0.0026399
0.00245657
0.00206738
0.00166451
0.00126257
0.00105644
0.000972348
0.000883085
0.000960946
0.00142066
0.00186358
0.00230685
0.0024267
0.00252443
0.00262303
0.00237958
0.00192313
0.00147618
0.00104506
0.000676967
0.000306498
-6.35534e-05
-0.000255137
-0.000434386
-0.000614008
-0.000639943
-0.000570106
-0.000504408
-0.000336227
6.61921e-05
0.000458301
0.000850515
0.000850019
0.000822634
0.000796414
0.000643256
0.000411044
0.000182383
-1.60653e-05
-9.4997e-05
-0.000178926
-0.000262572
-0.000418902
-0.000580103
-0.000740962
-0.000563432
-0.000174939
0.000204313
0.000631939
0.00116983
0.00170261
0.00223515
0.00155215
0.000785985
2.39719e-05
-0.000363985
-0.000518405
-0.000682519
-0.000808961
-0.000850286
-0.000895152
-0.000939832
-0.000823179
-0.000695479
-0.000568349
-0.0002076
0.000298792
0.000798657
0.00119875
0.00120433
0.00122642
0.00124779
0.000947654
0.000625492
0.000304519
0.000647268
0.00140418
0.00214318
0.00258851
0.00236045
0.00216063
0.00195981
0.00190339
0.00185703
0.00181029
0.00178572
0.001775
0.00176371
0.00164693
0.00111271
0.000596251
7.94858e-05
-2.07366e-05
-9.1924e-05
-0.000164255
-0.00018679
-0.000178254
-0.000171011
0.00013179
0.00111136
0.00206216
0.00301336
0.00318004
0.00329191
0.00340595
0.00316591
0.00270484
0.00225326
0.00179817
0.00133545
0.00087343
0.000411761
0.000218837
4.4833e-05
-0.000129805
-0.000260482
-0.000363675
-0.000467911
-0.000450122
5.00349e-05
0.000530013
0.00101042
0.00139326
0.00176899
0.0021447
0.0020583
0.00168314
0.00132008
0.00103115
0.000912826
0.000787632
0.000662819
0.000395527
0.000118427
-0.000158048
-0.000332926
-0.000444227
-0.000558025
-0.000602076
-0.000370826
-0.000150955
6.91996e-05
0.000853007
0.00167592
0.00249657
0.00279296
0.00276137
0.00274311
0.0025089
0.00178118
0.00107403
0.000366625
0.000203514
7.89148e-05
-4.71407e-05
-0.000128224
-0.000181195
-0.000235259
-0.000309035
-0.000428137
-0.000545316
-0.000662477
4.67356e-05
0.000813868
0.00157805
0.00193287
0.00203139
0.00214015
0.00209782
0.0014595
0.00084563
0.000231271
-6.73846e-05
-0.000343457
-0.000620214
-0.000823848
-0.000981686
-0.00114123
-0.00123059
-0.00115944
-0.00109476
-0.00102988
-0.000322283
0.000430457
0.00118079
0.00155969
0.00170591
0.0018613
0.00186131
0.00124823
0.000660058
7.13655e-05
-0.000199814
-0.000448201
-0.000697297
-0.000923033
-0.0011341
-0.00134559
-0.00133768
-0.000827226
-0.000337116
0.000153412
0.000627154
0.00109937
0.00157127
0.00146387
0.000993678
0.000538219
0.00016804
-5.79179e-06
-0.000187247
-0.000368258
-0.000487493
-0.000602227
-0.000717047
-0.000863078
-0.00102863
-0.00119327
-0.00116496
-0.000373135
0.000388011
0.00114977
0.000710339
0.00018515
-0.000336255
-0.000676568
-0.00090322
-0.00113416
-0.00129603
-0.00118575
-0.00108622
-0.000986348
-0.000285971
0.000457043
0.00119781
0.00145897
0.00141941
0.00139165
0.00124884
0.000652369
7.40878e-05
-0.000504452
-0.000765306
-0.00100312
-0.00124164
-0.00125267
-0.00112108
-0.000995153
-0.000728125
9.68962e-05
0.000899564
0.00170248
0.00184945
0.00194901
0.00205034
0.00170282
0.00107398
0.000456548
-8.45717e-05
-0.00032323
-0.000573427
-0.000822983
-0.000728029
-0.00060824
-0.000489505
-0.00035934
-0.000222066
-8.51731e-05
4.61668e-05
0.00015578
0.000266148
0.000376402
0.000973738
0.00160594
0.0022363
0.00214677
0.00160557
0.00108218
0.00062403
0.000425717
0.000217563
9.94719e-06
-0.000165037
-0.000337532
-0.000509989
-0.000337052
5.25857e-05
0.000433612
0.000839153
0.00134131
0.00183938
0.00233722
0.00191377
0.00142361
0.000936378
0.000625685
0.000425953
0.000222134
4.09601e-05
-5.16437e-05
-0.000147557
-0.000243272
-0.000223464
-0.000195252
-0.000167382
0.000207534
0.00080023
0.00138418
0.00181927
0.00166486
0.00153298
0.00140035
0.000908292
0.000390319
-0.000126278
-0.000289511
-0.000230768
-0.000180487
-0.000145917
-0.00017473
-0.000201121
-0.000227583
-0.000129117
-2.15797e-05
8.55335e-05
0.000460164
0.00100272
0.00153852
0.0018695
0.00138957
0.000940608
0.000490812
0.000220326
-3.68402e-05
-0.000294315
-0.000416595
-0.000453914
-0.000494403
-0.000535453
-0.000579293
-0.000622996
-0.000666671
-2.08118e-05
0.000675252
0.00136891
0.00155942
0.00143364
0.00131982
0.00116176
0.000830046
0.00050508
0.000180105
-0.000108903
-0.000395072
-0.000681133
-0.000856194
-0.00096144
-0.00106921
-0.00109534
-0.000798733
-0.000514387
-0.000229796
0.000344384
0.000939533
0.00153346
0.00142666
0.000879316
0.000348778
-0.000132116
-0.000415072
-0.000705176
-0.000994799
-0.00101778
-0.00102105
-0.00102505
-0.00106888
-0.00113777
-0.00120568
-0.0010925
-0.000262084
0.000541152
0.0013448
0.00144936
0.00150213
0.00155678
0.00125541
0.000730239
0.000213722
-0.00023839
-0.000435267
-0.000641416
-0.000847072
-0.000981194
-0.00110992
-0.00123876
-0.000910789
-0.000295525
0.000308711
0.000817257
0.00094648
0.00108955
0.00123201
0.00131528
0.00139409
0.001473
0.00121689
0.000750031
0.00029124
-0.000115517
-0.000315989
-0.00052387
-0.000731328
-0.000361649
5.0729e-05
0.000461244
0.000664642
0.00073759
0.00081525
0.000868821
0.000827825
0.000790311
0.000752697
0.000507237
0.000246444
-1.36e-05
-0.000183868
-0.000297561
-0.000413231
-0.000394497
0.000156129
0.000687014
0.00121823
0.0012803
0.0013073
0.00133555
0.00137218
0.00141411
0.00145582
0.00141009
0.00101803
0.000638804
0.000259389
0.0001202
-9.31202e-07
-0.000122628
-0.000211996
-0.000280995
-0.00035068
-0.000352853
-8.78102e-05
0.000167394
0.00042277
0.000697632
0.000973779
0.00124968
0.00100142
0.000423043
-0.000143034
-0.000593584
-0.000585881
-0.000594668
-0.000602855
-0.000624783
-0.000647725
-0.000670615
-0.000473192
-0.000137007
0.000193959
0.000506301
0.00074482
0.000985814
0.00122655
0.00110081
0.000947597
0.000795478
0.000508563
0.000136794
-0.000231674
-0.000530831
-0.00055568
-0.000590308
-0.000624563
-0.000614033
-0.000600136
-0.000586368
-0.000348254
3.12082e-05
0.000405365
0.000713805
0.000761904
0.000819233
0.000876193
0.000442372
-2.82032e-05
-0.000497137
-0.000784207
-0.000956513
-0.00113277
-0.00128363
-0.0013348
-0.00138946
-0.00144396
-0.000712724
7.74348e-05
0.000864948
0.000987949
0.000691835
0.000410756
0.000124365
-0.000181547
-0.000486553
-0.000791375
-0.000974648
-0.0011486
-0.00132277
-0.00133426
-0.00124316
-0.00115574
-0.00100769
-0.000619754
-0.000240536
0.000138721
0.000447657
0.000751068
0.00105446
0.00112941
0.00106024
0.000996183
0.000834337
0.00028557
-0.000249236
-0.000784156
-0.00094671
-0.00108088
-0.00121596
-0.00124954
-0.00121909
-0.0011909
-0.00114446
-0.00102591
-0.000909968
-0.000794015
-0.000347479
0.000123926
0.000594134
0.000733942
0.000665181
0.000603743
0.000485497
0.000143008
-0.000191428
-0.000525913
-0.000700628
-0.000863063
-0.00102581
-0.00110198
-0.0011235
-0.00114689
-0.00108339
-0.000675772
-0.000280389
0.000115144
0.000203791
0.000268967
0.000334911
0.000139001
-0.000222161
-0.000577348
-0.000888557
-0.00102537
-0.00116813
-0.00131058
-0.00136619
-0.00141512
-0.00146425
-0.00137223
-0.00119111
-0.00101319
-0.000905271
-0.00107488
-0.00123481
-0.00139496
-0.00119317
-0.000963797
-0.000735534
-0.000395524
1.496e-05
0.000422737
0.000727635
0.000625234
0.0005369
0.000448143
0.000198373
-6.35904e-05
-0.000324956
-0.000581393
-0.000834644
-0.00108783
-0.00130256
-0.00136535
-0.0014333
-0.00150103
-0.0011655
-0.000799221
-0.000434241
-0.000350028
-0.000443253
-0.000530352
-0.000629948
-0.000778417
-0.000925116
-0.00107178
-0.00117183
-0.00126824
-0.0013647
-0.00120259
-0.000877122
-0.000557436
-0.000342417
-0.000542426
-0.000728182
-0.000914297
-0.00108822
-0.0012611
-0.0014339
-0.00144883
-0.00136397
-0.00128255
-0.00120406
-0.00113747
-0.00107051
-0.00100362
-0.000877641
-0.000747181
-0.000616961
-0.000462914
-0.000293847
-0.000125401
-7.56492e-05
-0.000496161
-0.000900501
-0.00130511
-0.00140007
-0.00147105
-0.00154279
-0.00153399
-0.00147427
-0.00141631
-0.00132774
-0.00111798
-0.000912447
-0.000706906
-0.000476727
-0.000244779
-1.30472e-05
-4.43136e-05
-0.000241896
-0.000433759
-0.00063625
-0.000880493
-0.00112317
-0.00136574
-0.00141609
-0.00145151
-0.00148741
-0.00153029
-0.00157759
-0.00162472
-0.00157374
-0.0011339
-0.000707372
-0.00028068
-0.000152346
-4.72365e-05
5.85781e-05
-0.00885047
-0.0234605
-0.0378706
-0.000129231
-0.00156448
-0.00169288
-0.00186475
-0.00184064
-0.00180147
-0.00176284
-0.0015681
-0.00127466
-0.000984691
-0.000668206
-0.000246464
0.0001715
0.000589312
0.000516993
0.000406578
0.000297501
-5.42209e-05
-0.000559392
-0.00105914
-0.0014693
-0.00152448
-0.00159139
-0.00165786
-0.00165751
-0.00165197
-0.00164659
-0.00151646
-0.0013074
-0.00110109
-0.000856498
-0.000460116
-6.90055e-05
0.000322021
0.000244154
0.000129745
1.66157e-05
-0.000260715
-0.000641907
-0.00101943
-0.00134054
-0.00143822
-0.00154318
-0.00164784
-0.0016323
-0.00160738
-0.00158278
-0.00143983
-0.00122196
-0.0010067
-0.00076728
-0.000431997
-0.000100076
0.000231737
0.000213045
0.000166937
0.000121756
-0.000150194
-0.000565676
-0.000976191
-0.00131703
-0.00138174
-0.00145542
-0.00152877
-0.00157446
-0.00161797
-0.00166151
-0.00168235
-0.00168879
-0.00169571
-0.00160664
-0.00113704
-0.00068015
-0.000223141
-0.000199671
-0.000210231
-0.000219677
-0.000344331
-0.000541918
-0.000737007
-0.000913188
-0.00101445
-0.00111807
-0.00122155
-0.00139399
-0.00157175
-0.00174922
-0.00161559
-0.00128487
-0.000960747
-0.000648334
-0.000382577
-0.000115482
0.000151396
-0.000170213
-0.000537936
-0.00090393
-0.00109943
-0.00118681
-0.00127763
-0.001326
-0.00120667
-0.00109283
-0.000978882
-0.000690053
-0.000387612
-8.58045e-05
1.08464e-05
-2.25707e-05
-5.178e-05
-0.000135305
-0.000433753
-0.000725099
-0.00101649
-0.00116221
-0.00129635
-0.00143078
-0.00147542
-0.00146313
-0.00145268
-0.00141956
-0.00129678
-0.00117695
-0.0010571
-0.000832506
-0.000599763
-0.000367429
-0.000456823
-0.000750193
-0.00103685
-0.00129279
-0.00142656
-0.00156415
-0.00170152
-0.00174217
-0.00177513
-0.00180832
-0.0017221
-0.00156017
-0.00140076
-0.00126934
-0.00124899
-0.00122512
-0.00120137
-0.00140505
-0.00162662
-0.00184749
-0.00198509
-0.00206983
-0.0021562
-0.00222703
-0.00223658
-0.00224808
-0.0022595
-0.00211604
-0.00196038
-0.0018052
-0.00187274
-0.00208156
-0.00228576
-0.00245999
-0.00251509
-0.00257392
-0.0026326
-0.00269211
-0.00275165
-0.00281115
-0.00278644
-0.0027083
-0.00263191
-0.00258583
-0.0026601
-0.00273052
-0.00280102
-0.00290071
-0.00300266
-0.00310448
-0.00315601
-0.00317562
-0.00319622
-0.003207
-0.00317896
-0.00315216
-0.00312534
-0.00317739
-0.00323568
-0.00329375
-0.00332633
-0.00334272
-0.00335962
-0.00337926
-0.00340989
-0.00344016
-0.00347042
-0.0034793
-0.00348648
-0.0034937
-0.00351954
-0.00355721
-0.00359447
-0.00362344
-0.00361951
-0.00361661
-0.00361368
-0.00363374
-0.00365563
-0.00367745
-0.00368728
-0.0036895
-0.00369195
-0.00369819
-0.0037195
-0.00374034
-0.00376117
-0.00376586
-0.00376926
-0.0037727
-0.00378812
-0.00381116
-0.00383394
-0.00385216
-0.00385228
-0.00385296
-0.00385363
-0.0038526
-0.00385143
-0.00385028
-0.00386772
-0.00389698
-0.00392585
-0.00394928
-0.00395108
-0.00395356
-0.00395601
-0.00398631
-0.00401882
-0.00405124
-0.00406339
-0.00406267
-0.00406235
-0.00406052
-0.00405277
-0.00404521
-0.00403765
-0.00405281
-0.00406978
-0.00408669
-0.00408762
-0.00407841
-0.00406952
-0.00406292
-0.00407686
-0.00409017
-0.00410349
-0.00411561
-0.00412301
-0.00413056
-0.00413809
-0.00414286
-0.00414703
-0.00415121
-0.00415471
-0.00415754
-0.0041604
-0.00416325
-0.0041661
-0.00416895
-0.0041718
-0.00417464
-0.00418348
-0.00419813
-0.00421259
-0.00422618
-0.00423188
-0.00423782
-0.00424375
-0.00424079
-0.00423589
-0.00423105
-0.00422536
-0.00421886
-0.00421239
-0.00420766
-0.00421853
-0.00422892
-0.00423931
-0.00424306
-0.00424534
-0.00424767
-0.00424367
-0.00423356
-0.00422364
-0.00421737
-0.00424391
-0.00426943
-0.00429496
-0.0042984
-0.00429699
-0.00429573
-0.00429581
-0.00429718
-0.00429851
