0
0.012204
0.011055
0.0110229
0.0108981
0.0110211
0.0112832
0.0115334
0.0116713
0.0115553
0.0114606
0.0113642
0.0109775
0.0105832
0.0101901
0.0101058
0.0102016
0.0102825
0.010292
0.0101386
0.00999881
0.00985813
0.00929355
0.00876456
0.00823353
0.00792922
0.00775726
0.00757478
0.00739124
0.00720291
0.00701527
0.00682788
0.00698795
0.00711958
0.0072533
0.00714351
0.00689163
0.00665165
0.00640622
0.00615024
0.00589553
0.00564112
0.00554223
0.00544821
0.00535395
0.00495172
0.00436959
0.00380282
0.00344119
0.00354274
0.00360708
0.00367429
0.00364954
0.003622
0.00359473
0.00354574
0.00348409
0.00342354
0.00335234
0.00325721
0.00316414
0.00307105
0.00293654
0.00280091
0.00266558
0.00258362
0.002533
0.00247998
0.00249894
0.00267935
0.00284676
0.00301493
0.00320975
0.00340218
0.00359449
0.00465306
0.00621935
0.00774342
0.00880676
0.00882809
0.0089308
0.00902699
0.00861555
0.00824431
0.00787052
0.00732335
0.0066745
0.00603456
0.00556331
0.00547234
0.00535203
0.00523418
0.00511297
0.00499184
0.00487088
0.0047852
0.00472031
0.00465392
0.00445103
0.0039402
0.00345383
0.00296634
0.00325724
0.00357428
0.00388884
0.00408606
0.00421401
0.00434707
0.00453085
0.00483016
0.0051202
0.0054105
0.00481095
0.00418134
0.00355498
0.00319341
0.00298819
0.00277142
0.00255308
0.00232877
0.00210525
0.001882
0.00172393
0.00156118
0.00139902
0.00138348
0.00145445
0.0015188
0.00144116
0.00104233
0.000668257
0.000292882
0.000329676
0.000335494
0.000343626
0.000233244
5.30713e-05
-0.000121612
-3.29806e-05
0.000650141
0.00128788
0.00192805
0.00142341
0.000877779
0.000336013
-0.000176846
-0.00067218
-0.00116808
-0.00151515
-0.00152754
-0.00156471
-0.00159999
-0.00166668
-0.00173443
-0.001802
-0.00161722
-0.00128327
-0.000960803
-0.000680653
-0.00049733
-0.000307156
-0.000117766
-0.000169356
-0.000229921
-0.000289739
-0.000602605
-0.00106508
-0.00151594
-0.00181747
-0.00178084
-0.00176894
-0.00175525
-0.00155132
-0.00136154
-0.001171
-0.00114901
-0.00122685
-0.00129733
-0.00145268
-0.00179855
-0.00213011
-0.00246223
-0.00273436
-0.00301044
-0.00328584
-0.00324729
-0.00302253
-0.00281152
-0.00244797
-0.00174185
-0.0010614
-0.000380071
0.000384747
0.00115186
0.00191771
0.00172719
0.000968998
0.000252529
-0.000377691
-0.000807503
-0.00125102
-0.00169292
-0.00193131
-0.00216132
-0.00239161
-0.00225662
-0.00190469
-0.00156867
-0.00106472
-0.000183355
0.000669995
0.00152412
0.00131256
0.00105853
0.00080786
0.000769324
0.000857104
0.000935845
0.00110743
0.0014875
0.00185234
0.00221775
0.00255038
0.00288485
0.00321872
0.00344386
0.00360416
0.00376878
0.00381255
0.00358416
0.00337512
0.00316502
0.00324937
0.00331305
0.00337808
0.00331753
0.00318228
0.0030524
0.00274315
0.00202897
0.00134391
0.000657772
0.000374456
0.00010823
-0.000158811
0.000135757
0.000764942
0.00137013
0.00201612
0.00275162
0.00347993
0.00420773
0.00367485
0.00308959
0.00250873
0.00193962
0.00137797
0.000816585
0.00043976
0.000479397
0.000490456
0.000503455
0.00150537
0.00254814
0.0035867
0.00411528
0.00433894
0.00458307
0.00437217
0.00313554
0.00197036
0.000801914
0.000249354
-0.000344268
-0.000934299
-0.00110626
-0.00102816
-0.000967103
-0.000733363
-0.000111467
0.000483361
0.00107921
0.00155229
0.00203301
0.00251256
0.00193446
0.000724047
-0.000442213
-0.00135398
-0.00168491
-0.00205438
-0.00242078
-0.00268608
-0.00294661
-0.0032071
-0.0034028
-0.00355962
-0.00371883
-0.00344086
-0.0021739
-0.00097456
0.000227685
0.000124847
-3.57362e-05
-0.000192266
-0.000507118
-0.000916475
-0.00131902
-0.00170013
-0.00203238
-0.00236743
-0.00270184
-0.00291034
-0.00311295
-0.00331568
-0.00257963
-0.00128124
-2.16217e-05
0.000763981
0.000472368
0.000252008
2.72526e-05
-0.000427582
-0.000866712
-0.0013063
-0.00155588
-0.00169141
-0.00183423
-0.00196211
-0.0020575
-0.0021549
-0.00225203
-0.00205416
-0.00187579
-0.00169638
-0.00109451
-0.00023928
0.000598354
0.00102313
0.000511362
6.10683e-05
-0.00039263
-0.000612837
-0.000822053
-0.00103171
-0.00117281
-0.00127269
-0.00137511
-0.00152927
-0.00180124
-0.00206527
-0.00232946
-0.00269239
-0.00305949
-0.00342584
-0.00348076
-0.00334841
-0.00322825
-0.00285939
-0.0019285
-0.00103482
-0.000139907
-0.000716618
-0.00136171
-0.00200161
-0.00241098
-0.0026813
-0.00296015
-0.00324331
-0.00353801
-0.0038316
-0.00412488
-0.00433747
-0.00455492
-0.00477179
-0.00483797
-0.0048134
-0.00479461
-0.00473112
-0.0045671
-0.00440965
-0.00425198
-0.00446934
-0.00466274
-0.00485741
-0.00390271
-0.00225613
-0.000655234
0.000372536
9.66117e-05
-9.69722e-05
-0.000295488
-0.000776713
-0.00127104
-0.00176393
-0.00221639
-0.00264423
-0.00307308
-0.00342883
-0.00361965
-0.00382053
-0.00402054
-0.00362355
-0.00319803
-0.00277482
-0.00176406
-0.000399432
0.00094148
0.00165748
0.000954665
0.000340845
-0.000277736
-0.0010274
-0.001768
-0.00250825
-0.00300184
-0.00334635
-0.00369966
-0.00399917
-0.00417847
-0.00436497
-0.0045508
-0.00471424
-0.00487886
-0.00504321
-0.00421926
-0.00279878
-0.00141671
-0.000339591
4.22629e-05
0.000466302
0.000887235
0.000280593
-0.000376449
-0.0010296
-0.00170666
-0.00239773
-0.0030871
-0.00365252
-0.00393749
-0.00423922
-0.00453956
-0.00473345
-0.00493359
-0.0051331
-0.00521472
-0.00522501
-0.00523961
-0.00519594
-0.00502065
-0.00485354
-0.00468614
-0.00458849
-0.00449446
-0.00440033
-0.0044788
-0.00466166
-0.00483801
-0.00498437
-0.00506205
-0.00514377
-0.00522515
-0.00534275
-0.00545804
-0.00557333
-0.00564271
-0.00568427
-0.00572744
-0.00568818
-0.00546198
-0.00524725
-0.00503209
-0.00502084
-0.00499742
-0.00497475
-0.00511016
-0.00534131
-0.00556647
-0.00534263
-0.00409853
-0.00291665
-0.00173246
-0.00161178
-0.00154597
-0.00147698
-0.00177514
-0.0022956
-0.00280227
-0.00318474
-0.00328401
-0.00339991
-0.0035147
-0.00366055
-0.00380438
-0.00394817
-0.00388007
-0.00368347
-0.00349467
-0.00300287
-0.00182346
-0.000685884
0.000452816
0.000259325
-3.49219e-06
-0.000261932
-0.00062803
-0.00105915
-0.00148595
-0.001772
-0.00173826
-0.00172327
-0.0017072
-0.00179304
-0.00187283
-0.00195288
-0.00131771
-0.0002485
0.000794189
0.00157951
0.00177794
0.00201026
0.00224034
0.00197119
0.00173132
0.00149003
0.00163658
0.00201866
0.00238666
0.0028721
0.00362316
0.004358
0.00509292
0.00516486
0.00520145
0.00524003
0.00511078
0.00487962
0.00465461
0.00446402
0.00435217
0.00423593
0.00412008
0.00410073
0.00407586
0.00405134
0.00410767
0.00421317
0.00431573
0.00452236
0.00496536
0.00539435
0.00582365
0.00606098
0.00628772
0.00651481
0.00641735
0.00612242
0.00583908
0.0054711
0.00491179
0.00436399
0.00381616
0.00364978
0.00346196
0.00327557
0.0035864
0.00419994
0.00479566
0.00520454
0.00518705
0.00519367
0.00519892
0.00467451
0.00418057
0.00368546
0.00333107
0.0030625
0.0027894
0.00274569
0.00322274
0.00367001
0.00411844
0.00440633
0.00468513
0.00496414
0.00451656
0.00362627
0.00276174
0.00202182
0.00156745
0.00109763
0.000629195
0.000651702
0.000646803
0.000643436
0.00128212
0.00231218
0.00331933
0.00387359
0.00339594
0.00297614
0.0025536
0.00180477
0.00103857
0.000274176
-0.000214476
-0.000534627
-0.000863749
-0.00109245
-0.00109428
-0.00110864
-0.0011223
0.000408096
0.00185164
0.00329838
0.00370223
0.00346937
0.0032718
0.00282999
0.00183652
0.000874442
-8.82989e-05
-0.000497088
-0.000935816
-0.00137242
-0.00168753
-0.00192824
-0.00217275
-0.0020829
-0.00123279
-0.000425142
0.000383938
0.00133589
0.00229498
0.00325264
0.00319075
0.00250578
0.00185547
0.00118816
0.000485583
-0.00021431
-0.000913589
-0.00133499
-0.00177101
-0.00220576
-0.00253907
-0.0028102
-0.00308439
-0.00284659
-0.00144379
-0.000105484
0.00123486
0.00138842
0.00147423
0.00156361
0.00116948
0.000479856
-0.000193111
-0.00079775
-0.00124567
-0.00170153
-0.00215647
-0.00242626
-0.0027057
-0.00298432
-0.00303993
-0.00295899
-0.00288546
-0.00250354
-0.00142012
-0.00037537
0.000670331
0.000185191
-0.000217699
-0.000624547
-0.000854295
-0.000975663
-0.00110268
-0.00124639
-0.00142905
-0.00160943
-0.00178975
-0.0015983
-0.00138554
-0.00117413
-0.000669654
1.41292e-05
0.000687686
0.000970085
0.000361073
-0.000200129
-0.000763266
-0.000989596
-0.00123348
-0.00147618
-0.0015161
-0.00143168
-0.00135391
-0.00132354
-0.00140188
-0.00147442
-0.00154719
-0.000503533
0.000604328
0.00170765
0.00176305
0.00117574
0.000622739
4.94644e-05
-0.000566594
-0.00117977
-0.00179245
-0.00171486
-0.00167343
-0.00163016
-0.00151026
-0.00134334
-0.00117904
-0.000681394
0.000575865
0.00179225
0.0030095
0.00260442
0.00210411
0.00160927
0.00102116
0.000376187
-0.000265162
-0.000823198
-0.00119179
-0.00156982
-0.00194697
-0.00205793
-0.00215303
-0.00224884
-0.00181742
-0.00106245
-0.000324964
0.000376394
0.000933899
0.00149825
0.00206166
0.00153616
0.000946368
0.000360495
-0.000246477
-0.000866067
-0.00148437
-0.00197181
-0.00216159
-0.00236643
-0.0025703
-0.00271421
-0.00285441
-0.00299465
-0.00249845
-0.00161132
-0.000745068
2.25685e-05
0.000399478
0.000795937
0.001191
0.000493146
-0.000269653
-0.00102837
-0.00160054
-0.00205769
-0.00252022
-0.00286832
-0.00295673
-0.00305824
-0.00315898
-0.00326535
-0.00337196
-0.00347845
-0.00326263
-0.00284864
-0.00244509
-0.00195683
-0.00127605
-0.000605693
6.45176e-05
-0.000507192
-0.00115354
-0.00179548
-0.00228284
-0.00267478
-0.00307113
-0.00338494
-0.00337508
-0.00338149
-0.00338708
-0.00355153
-0.00372547
-0.00389876
-0.00401632
-0.00409951
-0.00418434
-0.0041887
-0.00400983
-0.0038403
-0.00367047
-0.0170718
-0.0312893
-0.0454519
-0.0596031
0.00150724
-0.00214086
-0.0025105
-0.00284381
-0.00317859
-0.00351297
-0.00373453
-0.00394898
-0.00416357
-0.00426875
-0.00430651
-0.00434758
-0.00438017
-0.00439387
-0.00440848
-0.00442304
-0.00419124
-0.00394448
-0.0036987
-0.00317209
-0.00247259
-0.00178232
-0.00125441
-0.00109716
-0.000921812
-0.000747526
-0.00123141
-0.00175553
-0.00227716
-0.00260488
-0.00281286
-0.00302651
-0.0032006
-0.00322021
-0.00324738
-0.00327415
-0.00314466
-0.00300558
-0.00286711
-0.00239622
-0.00172047
-0.00105539
-0.000381082
0.000313953
0.0010073
0.00170005
0.0014763
0.0011957
0.000918145
0.00047237
-7.69611e-05
-0.000620724
-0.00107197
-0.00115845
-0.00126254
-0.00136568
-0.00115927
-0.000933693
-0.000709263
-0.000222612
0.000425711
0.00106559
0.00152439
0.00156972
0.00163497
0.0016992
0.00162838
0.00154915
0.0014704
0.00103333
0.000375132
-0.000271785
-0.00077846
-0.000964506
-0.00116579
-0.00136614
-0.00152232
-0.00167557
-0.00182881
-0.00168706
-0.00136312
-0.00104821
-0.000608112
0.000325606
0.00123481
0.00214432
0.00197481
0.00173729
0.00150323
0.00163548
0.00199417
0.00234171
0.00266394
0.00292757
0.00319373
0.00345952
0.00352901
0.00358599
0.0036435
0.00367721
0.00369621
0.00371589
0.00381271
0.00421437
0.00460121
0.00498838
0.00518276
0.00536472
0.00554709
0.00558398
0.00553091
0.00548214
0.00542655
0.00535583
0.00528588
0.00521597
0.00503623
0.00484963
0.00466352
0.00470602
0.00488996
0.00506707
0.00532229
0.0057554
0.00617975
0.00660412
0.00640835
0.00617301
0.00593974
0.00550918
0.00495669
0.00441044
0.00382664
0.00309422
0.00236942
0.00164495
0.0013935
0.00117268
0.00095064
0.00119845
0.00173705
0.00226161
0.00274245
0.00312254
0.00350697
0.00389084
0.00326518
0.00257491
0.00188827
0.00137118
0.00095935
0.000543025
0.000170157
-3.3012e-05
-0.000243849
-0.000454136
-0.000549461
-0.000637264
-0.000725333
-0.00080995
-0.00089241
-0.000974892
-0.00104066
-0.00106834
-0.00109774
-0.00112704
-0.00137691
-0.00164089
-0.00190398
-0.0020582
-0.00214486
-0.00223455
-0.00234263
-0.00249317
-0.00264162
-0.00279004
-0.00294008
-0.00309011
-0.00324
-0.00322544
-0.00310892
-0.00299717
-0.00286383
-0.00264573
-0.00243171
-0.00221769
-0.00218677
-0.00216784
-0.00214837
-0.00217617
-0.00223325
-0.00228894
-0.00238066
-0.00255463
-0.00272471
-0.0028948
-0.00300027
-0.00310141
-0.00320266
-0.00317227
-0.00306021
-0.00295196
-0.00284844
-0.00276405
-0.00267886
-0.00259378
-0.00262345
-0.00266063
-0.00269744
-0.00268581
-0.00264409
-0.00260378
-0.002635
-0.0028299
-0.00301725
-0.00320477
-0.00299736
-0.00276407
-0.00253214
-0.00245399
-0.00247138
-0.00248445
-0.00251263
-0.00257489
-0.00263557
-0.00269627
-0.00253384
-0.00235678
-0.00218053
-0.00200842
-0.00183896
-0.00166953
-0.0016503
-0.00222427
-0.00277124
-0.00331894
-0.00344644
-0.00354594
-0.00364661
-0.00372041
-0.00377753
-0.00383534
-0.00388899
-0.00393327
-0.00397792
-0.00402251
-0.00402842
-0.00403175
-0.00403519
-0.00412853
-0.0042777
-0.00442427
-0.00454627
-0.00457105
-0.00460011
-0.00462895
-0.00460112
-0.00456951
-0.00453811
-0.00445454
-0.00433858
-0.00422415
-0.00414776
-0.00415837
-0.00416514
-0.00417207
-0.00403039
-0.00387887
-0.00372792
-0.00367457
-0.00368196
-0.00368667
-0.00369608
-0.00371599
-0.00373542
-0.00375485
-0.00372466
-0.00369117
-0.00365785
-0.0036877
-0.00375683
-0.00382418
-0.00387715
-0.00387315
-0.00387163
-0.00387001
-0.00386958
-0.00386923
-0.00386888
-0.00383288
-0.00377471
-0.00371755
-0.00366053
-0.00360384
-0.0035472
-0.0034906
-0.00335665
-0.00321759
-0.00307887
-0.00275904
-0.00232658
-0.00189938
-0.00154578
-0.00148299
-0.00140767
-0.00133296
-0.0013727
-0.00142018
-0.00146727
-0.000935513
-4.34827e-05
0.000832228
0.00157116
0.00199648
0.00243494
0.00287246
0.00327278
0.00367027
0.00406754
0.00424629
0.00428889
0.00433731
0.00457372
0.00524102
0.00588925
0.00653775
0.00685216
0.00714358
0.00743574
0.00756877
0.00760264
0.00764073
0.00763376
0.00744942
0.00727281
0.00709603
0.00660731
0.00609767
0.00558935
0.00553808
0.0057717
0.00599299
0.00607501
0.00583729
0.00561338
0.00538908
0.00535116
0.00532603
0.00530037
0.00545579
0.00572401
0.00598723
0.00618734
0.0061377
0.00609868
0.00605924
0.00567924
0.00527614
0.00487436
0.00492106
0.00524745
0.00556174
0.00575972
0.00569058
0.00563277
0.00557453
0.00575967
0.00596142
0.0061623
0.0061931
0.00611777
0.00604698
0.00585201
0.00537311
0.00490654
0.00443985
0.00465878
0.00492485
0.00518873
0.00519083
0.00502955
0.00487525
0.00469445
0.00440958
0.0041293
0.00384907
0.00413116
0.00445196
0.00477087
0.00475025
0.00451768
0.00429415
0.00411956
0.00405769
0.00399118
0.00392491
0.00413389
0.00436182
0.00458876
0.00417958
0.00337338
0.00258433
0.00186879
0.00144487
0.0010092
0.000574377
0.00143794
0.00239114
0.00333985
0.00333557
0.00273608
0.00216171
0.00194712
0.00255825
0.00313476
0.00371222
0.00413894
0.00455485
0.00497085
0.00483768
0.00436153
0.00389989
0.00363779
0.00383355
0.00401031
0.00418771
0.00354802
0.00285171
0.0021583
0.00166431
0.00129513
0.000921127
0.00059773
0.000472834
0.000339905
0.000207414
0.00125102
0.00237625
0.00349722
0.00389464
0.00383963
0.00380316
0.00358426
0.00294922
0.00233168
0.00171393
0.00120376
0.000701517
0.000199359
-4.94987e-05
-0.00013994
-0.000236755
-0.000148177
0.000672711
0.00146316
0.00225421
0.00201106
0.00169531
0.00138276
0.00101723
0.00061875
0.000221931
-9.09095e-05
-0.000211621
-0.000340013
-0.000467991
0.000883273
0.00233791
0.0037872
0.00415123
0.00383623
0.00354889
0.0032544
0.00294582
0.00263805
0.0023305
0.00198372
0.00163443
0.00128551
0.000951775
0.000627634
0.000303368
2.99425e-05
-4.30902e-05
-0.000124112
-0.000204748
0.000418371
0.00109092
0.00176095
0.00166829
0.00109829
0.000547871
0.000206676
0.000346179
0.000466343
0.000587184
0.000930429
0.00128923
0.00164712
0.00191718
0.00213215
0.00234915
0.0024491
0.00208664
0.00174289
0.00139867
0.00168988
0.00202611
0.00236028
0.0025345
0.00260847
0.00268636
0.00277943
0.00290774
0.00303455
0.00316131
0.00324943
0.00333473
0.00342008
0.00334189
0.00316132
0.00298494
0.00267018
0.00203844
0.00141973
0.000800998
0.00140392
0.00209378
0.00277965
0.0032103
0.00348083
0.00375746
0.00380041
0.00292
0.00207663
0.00123247
0.00113144
0.00108373
0.00103396
0.0010809
0.00118838
0.0012934
0.00138886
0.00144639
0.00150536
0.00156423
0.00148627
0.00139853
0.00131125
0.00123527
0.00116642
0.00109734
0.00103618
0.00100619
0.000975013
0.000943902
0.00052746
8.35774e-05
-0.000358889
-3.96011e-05
0.000757196
0.00153477
0.00214628
0.00209923
0.00207785
0.00205547
0.00153797
0.000985104
0.000434045
5.03759e-05
-0.000228182
-0.000510603
-0.000707449
-0.000566768
-0.000439278
-0.000311376
0.000440662
0.00123729
0.00203157
0.00191579
0.00122916
0.000565122
-9.07909e-06
-0.00022567
-0.0004559
-0.000685426
-0.000659121
-0.000614304
-0.000570235
-0.00044061
-0.000257362
-7.63189e-05
0.000104175
0.000282576
0.000460921
0.00063913
0.000220814
-0.000240505
-0.000699819
-0.000960759
-0.0010971
-0.00123811
-0.000983277
0.000837826
0.00259752
0.00435822
0.00373692
0.00294283
0.00215597
0.00163959
0.0012933
0.000940782
0.000651838
0.000612869
0.000564389
0.000516308
0.00139294
0.00233636
0.00327651
0.00335648
0.00289631
0.00245705
0.00214325
0.00232842
0.00249448
0.00266114
0.00294991
0.00324742
0.00354436
0.00357646
0.00344223
0.0033144
0.00324766
0.0034235
0.00359001
0.00375676
0.00341342
0.003033
0.00265427
0.00257157
0.00267488
0.00277108
0.00285939
0.00291561
0.00297299
0.00303029
0.00307623
0.00312131
0.00316639
0.003188
0.00319484
0.00320224
0.00315402
0.0028857
0.00262585
0.00236587
0.00288883
0.00346893
0.00404646
0.0037244
0.00283707
0.00197159
0.00150145
0.00259823
0.00363552
0.00467425
0.00368813
0.00255369
0.00142565
0.000855843
0.000637214
0.00040563
0.000464514
0.00167132
0.0028344
0.00399824
0.00339893
0.00267004
0.00194653
0.00169666
0.00174475
0.00178172
0.00177286
0.00158095
0.00139599
0.00121091
0.00151632
0.00185774
0.00219758
0.00234109
0.00236108
0.00238564
0.00239849
0.00236569
0.0023346
0.00230347
0.0024591
0.00262844
0.00279715
0.00289938
0.00295974
0.00302161
0.00296471
0.00243773
0.00192849
0.00141897
0.00126985
0.00114755
0.00102435
0.00102311
0.00109858
0.00117118
0.0012668
0.0014534
0.00163651
0.00181962
0.00185731
0.00188418
0.00191142
0.00177493
0.00153545
0.00129992
0.00108915
0.000976552
0.000860438
0.000744539
0.000950159
0.00117957
0.00140794
0.0015707
0.0016921
0.00181492
0.00189676
0.00181675
0.00174269
0.00166848
0.0025054
0.00340969
0.00431087
0.00395553
0.00280919
0.00169249
0.000762365
0.000573252
0.000357331
0.000142541
0.000328237
0.000543719
0.000757964
0.0013224
0.00210717
0.00288337
0.00331811
0.00240052
0.00153258
0.000663484
0.00145986
0.00238028
0.00329556
0.0034022
0.00299943
0.00261536
0.00219937
0.00165875
0.00112302
0.000587508
0.000472482
0.000389036
0.000304513
5.56526e-05
-0.000296693
-0.000645058
-0.00082119
-0.00031514
0.000166007
0.000647703
0.00078886
0.000904368
0.00102071
0.000913673
0.000665931
0.000423415
0.000181538
-5.75808e-05
-0.000296627
-0.000535505
-0.000752728
-0.000968183
-0.00118355
-0.00132853
-0.00142911
-0.00153121
-0.00138473
-0.00025378
0.000841201
0.00193668
0.00138644
0.000712594
4.36384e-05
-0.000299488
-0.000437042
-0.000581822
-0.000718947
-0.000827081
-0.000936171
-0.00104515
-0.00117442
-0.00130514
-0.00143572
-0.00157071
-0.00170845
-0.00184599
-0.00196452
-0.00200799
-0.0020541
-0.00210007
-0.00188508
-0.00165051
-0.00141679
-0.00140923
-0.0015443
-0.00167423
-0.00179863
-0.00190071
-0.00200351
-0.00210621
-0.00218573
-0.00226345
-0.00234117
-0.00244106
-0.00255491
-0.00266818
-0.00274516
-0.00267851
-0.00261696
-0.00255527
-0.00213953
-0.0016972
-0.00125612
-0.00126003
-0.00154468
-0.00181927
-0.00201531
-0.00189923
-0.00179418
-0.00168882
-0.00171743
-0.00175618
-0.00179456
-0.00134514
-0.000588033
0.00015777
0.000712608
0.000510646
0.000335287
0.000159121
0.000556767
0.000997811
0.00143703
0.0013937
0.00104581
0.00070878
0.000499456
0.000797039
0.00107675
0.00135689
0.00124274
0.00109861
0.000955632
0.00127076
0.00187501
0.00246878
0.00282743
0.00225403
0.0017134
0.001172
0.000959371
0.000771961
0.000583807
0.000594365
0.000730355
0.000861906
0.000850386
0.000271492
-0.000287369
-0.000846537
-0.000704628
-0.000509225
-0.000315805
-7.7222e-06
0.000372648
0.000750261
0.000998323
0.000733325
0.000486202
0.000238633
-0.00019013
-0.000632502
-0.0010741
-0.00121091
-0.00115518
-0.00110612
-0.000790195
0.000582593
0.00191812
0.00325401
0.0027814
0.00217043
0.00156462
0.000936802
0.000295338
-0.000345218
-0.000874522
-0.000964055
-0.00106859
-0.00117253
-0.00126056
-0.00134731
-0.00143405
-0.00140632
-0.00130626
-0.00120875
-0.00113234
-0.00113974
-0.00114427
-0.00114889
-0.00126327
-0.00138602
-0.0015084
-0.00163028
-0.00175179
-0.00187324
-0.0019931
-0.00210691
-0.00222086
-0.00233472
-0.00231687
-0.00228889
-0.00226127
-0.00215625
-0.00200234
-0.0018502
-0.00174792
-0.00184328
-0.00193187
-0.00202063
-0.00207237
-0.00212123
-0.00217015
-0.00223306
-0.0023048
-0.00237619
-0.00242649
-0.00239324
-0.00236285
-0.00233237
-0.00200728
-0.00165962
-0.00131296
-0.000809739
-0.000207655
0.000390692
0.000944522
0.00132258
0.00170631
0.00208958
0.00198993
0.00185297
0.00171736
0.00157713
0.00143406
0.00129118
0.00104614
0.000395875
-0.000240359
-0.000876636
-0.00101221
-0.00110891
-0.00120685
-0.00100611
-0.000616534
-0.000233538
4.85801e-05
-6.93533e-05
-0.000173828
-0.000278683
-0.000432677
-0.000590394
-0.000747881
-0.0103585
-0.0259471
-0.0413259
0.000560322
-0.00100225
-0.00111549
-0.00127694
-0.000868881
-0.000416989
3.31435e-05
0.000589933
0.00121405
0.00183551
0.00235637
0.00247926
0.0026153
0.00275081
0.00214105
0.00147366
0.000808615
0.000363836
5.86004e-05
-0.000251058
-0.000365102
0.000295245
0.000929512
0.00156422
0.00174275
0.00188563
0.00202959
0.00224021
0.002493
0.00274422
0.00279476
0.00204985
0.00133168
0.000613109
0.000599327
0.000640547
0.000679928
0.0004622
8.17124e-05
-0.000293165
-0.000494175
-5.7805e-06
0.000459615
0.000925461
0.00129685
0.00166064
0.00202444
0.00213506
0.00208535
0.00204093
0.00193385
0.00157894
0.00123238
0.000885777
0.000832504
0.000802214
0.000771191
0.000926197
0.00119896
0.0014677
0.00165979
0.00154796
0.00144614
0.00134406
0.00129104
0.00124189
0.00119265
0.00109827
0.000975327
0.000853392
0.000782301
0.000912724
0.0010365
0.00116041
0.000948648
0.000710676
0.000473712
0.000542473
0.00080492
0.0010609
0.00117558
0.000729577
0.000302065
-0.000125769
-0.000402881
-0.000667993
-0.000933323
-0.000876733
-0.000616188
-0.000362419
-9.20916e-05
0.000243517
0.000576796
0.000909935
0.00125257
0.00159574
0.00193868
0.00185436
0.00149929
0.00115319
0.00077571
0.000274279
-0.000222831
-0.000719759
-0.000724902
-0.000691299
-0.000658966
-0.00044135
-0.000106371
0.000224615
0.000529896
0.000733363
0.000939973
0.00114635
0.000573504
-6.048e-05
-0.000692093
-0.00103032
-0.00118242
-0.00134041
-0.00147401
-0.00151201
-0.00155304
-0.00159395
-0.00104605
-0.00045196
0.000140273
0.000531663
0.00079559
0.00106342
0.0011228
0.000356434
-0.000383064
-0.00112295
-0.00135904
-0.00155515
-0.00175242
-0.00181758
-0.00179898
-0.00178306
-0.00161748
-0.000858629
-0.000119157
0.000620462
0.000456879
0.000221867
-1.07241e-05
-0.000399489
-0.000887173
-0.0013714
-0.00178069
-0.00189319
-0.00201504
-0.00213651
-0.00214371
-0.00214184
-0.00214026
-0.00195355
-0.00164944
-0.00134925
-0.00106414
-0.000838766
-0.000611647
-0.000384727
-0.000906608
-0.00148764
-0.00206644
-0.00231826
-0.00236253
-0.00241332
-0.00245922
-0.00248664
-0.00251462
-0.00254257
-0.00262295
-0.00270745
-0.00279177
-0.00278001
-0.00270727
-0.0026365
-0.00251664
-0.00220219
-0.00189407
-0.00158593
-0.00192938
-0.0023245
-0.00271775
-0.00292302
-0.0030089
-0.00309847
-0.00317835
-0.00322046
-0.00326373
-0.00330693
-0.00332619
-0.00334353
-0.00336091
-0.00337629
-0.0033904
-0.00340454
-0.00342445
-0.00346727
-0.00350936
-0.00355144
-0.00355176
-0.00354875
-0.00354585
-0.00352536
-0.0034937
-0.00346242
-0.00344248
-0.00346752
-0.00349115
-0.00351481
-0.00359025
-0.00366978
-0.00374913
-0.00378691
-0.00379827
-0.00381045
-0.00382099
-0.00382512
-0.00382945
-0.00383377
-0.00384317
-0.00385297
-0.00386275
-0.00387889
-0.00389907
-0.00391911
-0.00394153
-0.0039734
-0.00400496
-0.0040365
-0.00405284
-0.00406796
-0.0040831
-0.00410338
-0.00412694
-0.00415038
-0.00417284
-0.00419144
-0.00421015
-0.00422884
-0.00422986
-0.00422945
-0.0042291
-0.00422976
-0.00423108
-0.00423238
-0.00423475
-0.00424679
-0.00425853
-0.00427026
-0.0042842
-0.00430686
-0.00432925
-0.00435163
-0.00437012
-0.00438774
-0.00440539
-0.00442323
-0.00444127
-0.00445928
-0.00447729
-0.00449529
-0.00451327
-0.00453125
-0.00454921
-0.00454416
-0.00451683
-0.00449019
-0.00446356
-0.00443707
-0.00441059
-0.00438413
-0.00441322
-0.00445447
-0.00449533
-0.00451982
-0.00452846
-0.00453758
-0.00454145
-0.00449839
-0.00445678
-0.00441515
-0.00443113
-0.00445974
-0.00448794
-0.00449914
-0.00449385
-0.00448907
-0.00448684
-0.00450765
-0.00452774
-0.00454784
-0.00453481
-0.00451451
-0.00449445
-0.00451795
-0.00458364
-0.00464802
