0
0.0159703
0.0145199
0.0145075
0.0143757
0.0145769
0.0149652
0.0153374
0.0154327
0.0149036
0.014427
0.0139469
0.0139198
0.0139055
0.0138902
0.0136162
0.0131914
0.0127797
0.0125349
0.0126665
0.012767
0.0128699
0.0126801
0.0125145
0.0123472
0.0119115
0.0113194
0.010741
0.0106607
0.0117015
0.0126495
0.0136035
0.0125339
0.01163
0.0107143
0.0103131
0.0102122
0.0100872
0.0100552
0.0102277
0.0103834
0.0105403
0.0109651
0.0113975
0.0118286
0.0115245
0.0107906
0.0100923
0.00958559
0.00951488
0.0094094
0.00930686
0.00938223
0.00946305
0.0095433
0.00951626
0.0094264
0.00934167
0.00934018
0.00952678
0.00969815
0.00987046
0.0104497
0.0110409
0.0116303
0.0112301
0.0102499
0.00931703
0.00880778
0.00925886
0.00963361
0.0100138
0.0101078
0.0102242
0.0103386
0.0103128
0.0102046
0.0101031
0.0100054
0.00991758
0.0098291
0.0097408
0.00907936
0.00846362
0.00784528
0.00796603
0.00852069
0.00904077
0.00929876
0.00896121
0.00867035
0.00837633
0.00814845
0.00792306
0.00769783
0.00764142
0.0076843
0.00771946
0.00761678
0.00720221
0.00681227
0.00642104
0.00717753
0.00797212
0.00876257
0.00873848
0.00823477
0.00776853
0.00760809
0.00814255
0.00862315
0.00910713
0.00893305
0.00873641
0.00854178
0.00844409
0.00840365
0.00835892
0.00828217
0.00813237
0.00798834
0.00784409
0.00717941
0.00655506
0.00592862
0.00561771
0.00549295
0.00535435
0.00549903
0.00627978
0.00701152
0.00774585
0.00718588
0.00672384
0.00625516
0.00616404
0.00629554
0.00641018
0.0067147
0.00744475
0.00814196
0.00884058
0.00751423
0.00611593
0.00472507
0.00401569
0.0037097
0.00337421
0.00356754
0.00494811
0.0062387
0.00753403
0.0064707
0.00532164
0.0041806
0.00366595
0.00352242
0.00335176
0.00342922
0.00406161
0.00465226
0.00524511
0.00502136
0.0047673
0.00451584
0.00429519
0.00409301
0.00388978
0.00393414
0.00453674
0.00509772
0.00566091
0.00549569
0.00538376
0.00526811
0.00471833
0.00391139
0.0031243
0.00245302
0.00204505
0.00161858
0.00119408
0.0022178
0.00313533
0.0040592
0.00447815
0.00459773
0.00473873
0.00480099
0.00468929
0.00459027
0.00449048
0.00420978
0.00392235
0.00363583
0.00413296
0.00509508
0.00602254
0.00633075
0.00523621
0.00424342
0.00324479
0.00280252
0.00238279
0.00196205
0.00225502
0.00297184
0.00365751
0.00447014
0.00556572
0.00663968
0.00771366
0.00638003
0.00495153
0.00353176
0.00281238
0.00251023
0.00217906
0.00230239
0.00344739
0.00451883
0.00559394
0.00553923
0.00556398
0.00558312
0.00523944
0.00467973
0.00413595
0.00361855
0.00316237
0.00270255
0.00224362
0.00297448
0.00362129
0.00427306
0.00468795
0.00496178
0.00524504
0.00504963
0.00377409
0.00257533
0.0013729
0.000990385
0.000642406
0.000292518
0.000359729
0.000675466
0.000973591
0.00173037
0.00352204
0.00523986
0.0069604
0.00613844
0.00521058
0.00429128
0.00351511
0.00282507
0.00213008
0.00154094
0.00118918
0.000821649
0.000455697
0.00138343
0.00236508
0.0033417
0.00416468
0.00489532
0.00563125
0.00572488
0.00436757
0.00311082
0.00184894
0.00144788
0.00098892
0.000534511
0.000345251
0.000314726
0.000273495
0.000515366
0.00139608
0.00223243
0.00307065
0.00312713
0.00323624
0.00334166
0.00268772
0.00157979
0.000503876
-0.00019733
-4.73906e-05
4.52232e-05
0.000141558
-0.000132589
-0.000422648
-0.000711254
-0.000971599
-0.00121485
-0.00145892
-0.00114957
0.000412008
0.00188802
0.00336777
0.00270216
0.00194221
0.00118955
0.000851777
0.000762971
0.000657763
0.000476351
0.00011968
-0.000224913
-0.000569849
-0.000915314
-0.0012604
-0.00160505
-0.00167085
-0.00156946
-0.00147923
-0.00137461
-0.00123895
-0.00110551
-0.000972104
-0.00121985
-0.00144225
-0.00166602
-0.00182818
-0.00195337
-0.00208083
-0.00221927
-0.00238317
-0.00254519
-0.00270712
-0.00266023
-0.00262702
-0.00259296
-0.00258088
-0.00258195
-0.00258218
-0.00210741
-0.000556414
0.000922683
0.00240453
0.00224706
0.00201425
0.00178662
0.00137066
0.000841974
0.000321257
-0.000136844
-0.000452756
-0.000777434
-0.00110113
-0.00152701
-0.00195715
-0.00238646
-0.00264105
-0.00279048
-0.00294647
-0.00276282
-0.00181067
-0.000909009
-5.26601e-06
0.000502588
0.000991304
0.00148062
0.00133145
0.000798313
0.000290355
-0.000238852
-0.000813349
-0.00138423
-0.00195461
-0.00212851
-0.00232738
-0.00252442
-0.00236037
-0.00197896
-0.00161181
-0.000759151
0.00119282
0.00307274
0.00495484
0.00389945
0.00303095
0.00215175
0.00182752
0.00183725
0.00182594
0.00177103
0.00161419
0.00146396
0.0013135
0.00218164
0.00309783
0.00400985
0.00370013
0.00265396
0.0016552
0.000837484
0.000435611
8.25007e-06
-0.000416985
-0.000360439
-0.000280564
-0.000202243
0.00112785
0.00321233
0.00524728
0.00634428
0.00530977
0.00440894
0.00350092
0.0027614
0.00201235
0.00126481
0.000740128
0.000350221
-4.7539e-05
-9.14732e-05
0.000665597
0.00137229
0.00208122
0.0026056
0.00314071
0.0036745
0.0033968
0.00262905
0.00189237
0.00133773
0.00119943
0.00103576
0.000873847
0.000722395
0.00057164
0.000421027
0.000209427
-3.89365e-05
-0.000284751
-0.00030065
0.000205246
0.000678708
0.00115357
0.00136218
0.00158674
0.00181006
0.0014097
0.000632331
-0.000121206
-0.000756854
-0.00112273
-0.00150451
-0.00188486
-0.00163202
-0.00134751
-0.00106526
-0.00101393
-0.00110242
-0.00118237
-0.000941974
2.68055e-05
0.000950539
0.00187587
0.0015253
0.00125188
0.00097415
0.000557363
5.63808e-05
-0.00043895
-0.000792865
-0.000825654
-0.000877633
-0.000928401
-0.00088435
-0.00084602
-0.000807394
-0.00100473
-0.00134493
-0.0016762
-0.00143502
0.000107013
0.00156978
0.00303553
0.00269812
0.00226823
0.00184434
0.00142384
0.00100579
0.000588096
0.000206956
-9.17515e-05
-0.000394983
-0.000697589
-0.000922652
-0.00115203
-0.00138088
-0.00146481
-0.00146078
-0.00146195
-0.00108345
0.000156902
0.00134509
0.00253495
0.00246935
0.0023383
0.00221124
0.00186443
0.00138453
0.000912997
0.000523492
0.000320788
0.000107397
-0.00010512
-9.09275e-05
-8.9986e-05
-8.82725e-05
-0.000159726
-0.000275551
-0.000388657
-0.000249911
0.000461398
0.00113859
0.00181698
0.0024546
0.00309386
0.00373227
0.00392275
0.00384097
0.00377505
0.00365527
0.00341513
0.00318222
0.00294917
0.00245935
0.00195638
0.00145474
0.00186217
0.00282212
0.00374917
0.00425492
0.00379995
0.00340072
0.00299874
0.00238357
0.00178134
0.00117906
0.000815978
0.000598533
0.000373
0.000597518
0.00184388
0.00303043
0.00421904
0.00426986
0.00425934
0.00425233
0.00392707
0.00340839
0.00290132
0.00242363
0.00201356
0.00160011
0.00118732
0.000929642
0.00066346
0.000398061
0.00106525
0.00230007
0.00350138
0.00420034
0.00375418
0.00337323
0.00298902
0.00239655
0.00181649
0.00123639
0.000892683
0.000693133
0.000485695
0.000296244
0.000146359
-5.5806e-06
-0.000157234
5.421e-05
0.000285357
0.00051514
0.00107578
0.00183785
0.00258778
0.00283014
0.00191726
0.00106995
0.000219924
-2.93129e-07
-0.000255391
-0.000508259
-0.000745568
-0.000973217
-0.00120115
-0.00138056
-0.00144993
-0.00152533
-0.00160032
-0.000203308
0.00127397
0.00274516
0.00297104
0.00243674
0.00194509
0.00140487
0.000758881
0.000119449
-0.000519639
-0.000506807
-0.000529947
-0.000551078
-0.000617788
-0.000712226
-0.000805034
-0.000514291
0.000649477
0.001764
0.00288
0.00237648
0.00196234
0.00154376
0.000977411
0.000320846
-0.000330062
-0.000823431
-0.000958422
-0.00111285
-0.00126605
-0.000567571
0.000178247
0.00092067
0.00183983
0.00286653
0.00388627
0.00423755
0.00306763
0.00198165
0.000892294
0.000240405
-0.000434514
-0.00110745
-0.00147929
-0.00166682
-0.00186413
-0.00199344
-0.00196947
-0.0019538
-0.0019377
-0.000531065
0.000953434
0.00243213
0.0026971
0.00221931
0.00178204
0.00126233
0.000559332
-0.000133053
-0.000825264
-0.00105933
-0.00131774
-0.00157457
-0.0016977
-0.00173891
-0.00178446
-0.00187694
-0.0020769
-0.0022709
-0.00246501
-0.0024816
-0.00250766
-0.00253318
-0.00183388
-0.000691012
0.000427009
0.00120212
0.00119467
0.00122885
0.00126078
0.00070828
0.000122494
-0.000460902
-0.000828712
-0.00106424
-0.00130653
-0.00147261
-0.00146625
-0.00146901
-0.0014713
-0.00152481
-0.00157555
-0.00162639
-0.000823281
0.000502906
0.00180012
0.00255361
0.00206653
0.00164526
0.00122097
0.000613068
-5.00201e-06
-0.000621888
-0.00108453
-0.00145238
-0.00182483
-0.00212231
-0.00225007
-0.00238657
-0.00252248
-0.00233869
-0.00217181
-0.00200421
-0.00189156
-0.00181263
-0.00173202
-0.00164542
-0.00154486
-0.00144512
-0.00134545
-0.000466859
0.000456825
0.0013772
0.00140707
0.0008903
0.000402431
-3.75028e-05
-0.000365362
-0.000698688
-0.00103139
-0.00129568
-0.00155568
-0.00181563
-0.00183975
-0.00171905
-0.00160596
-0.00153284
-0.00161865
-0.00169618
-0.00177406
-0.00191924
-0.0020683
-0.00221701
-0.00236091
-0.00250179
-0.00264268
-0.00269062
-0.00252682
-0.00237404
-0.00222086
-0.00142918
-0.000600082
0.000226253
0.000476916
0.000373637
0.00028855
0.000223122
0.000238723
0.000250173
0.000261824
-0.000156072
-0.00059936
-0.0010409
-0.00146266
-0.00187204
-0.00228164
-0.00250363
-0.00229839
-0.00211504
-0.00193078
-0.00210107
-0.00229258
-0.00248281
-0.00258454
-0.00263176
-0.00268169
-0.00271445
-0.00270845
-0.00270442
-0.00270029
-0.00279378
-0.0028931
-0.00299202
-0.00252093
-0.00169923
-0.000896011
-0.000167126
0.000267083
0.000715664
0.00116307
0.000974821
0.000748105
0.000523544
0.000325531
0.000143996
-3.81813e-05
-3.12121e-05
0.000406909
0.000823035
0.00123984
-0.0121606
-0.0263922
-0.0405681
-0.0547327
0.00332551
0.00031015
0.000308848
3.57453e-05
-0.000223563
-0.0004833
-6.365e-05
0.000397252
0.000855648
0.00128664
0.00170053
0.00211486
0.00233952
0.00213203
0.00194614
0.00175936
0.00232013
0.00292639
0.00352979
0.00378886
0.00383553
0.00389263
0.00399169
0.00418778
0.0043789
0.00457007
0.00451425
0.00444323
0.00437303
0.00400927
0.00346467
0.00292948
0.0025337
0.0026886
0.00281635
0.0029453
0.00352283
0.00412767
0.00473059
0.00514452
0.00544169
0.00574427
0.00596377
0.00599465
0.00603469
0.00607425
0.00589571
0.00570375
0.00551262
0.00521178
0.00484335
0.00447857
0.00409135
0.00361513
0.0031437
0.0026725
0.00307997
0.00354199
0.00400092
0.00436182
0.00466199
0.00496481
0.00502502
0.0045321
0.00406636
0.00359977
0.00311907
0.0026379
0.00215721
0.00176897
0.00143795
0.0011045
0.00106798
0.00170867
0.00231618
0.00292471
0.00293435
0.00290629
0.00288007
0.00264858
0.00229041
0.00193865
0.00161952
0.00142949
0.00123346
0.00103791
0.000898573
0.000762914
0.000627209
0.00103232
0.00177152
0.00249408
0.00311922
0.00352093
0.0039329
0.00434398
0.00408145
0.00377643
0.00347371
0.00296967
0.00234139
0.00171961
0.0011876
0.00100967
0.000815124
0.000621551
0.000594695
0.000578475
0.000561768
0.000446238
0.000269611
9.60376e-05
-9.38267e-05
-0.000320783
-0.000545775
-0.000770648
-0.000941334
-0.00110842
-0.00127551
-0.00119432
-0.000959545
-0.000732209
-0.000556593
-0.000499651
-0.00043719
-0.000375047
-0.000592605
-0.000827905
-0.00106215
-0.00127702
-0.00147979
-0.00168294
-0.00186166
-0.00194452
-0.00203178
-0.00211875
-0.00223622
-0.00235554
-0.00247467
-0.00260217
-0.00273481
-0.00286709
-0.00286945
-0.00257512
-0.00229487
-0.00201421
-0.00208959
-0.00218786
-0.00228498
-0.00238844
-0.00249576
-0.00260281
-0.00271325
-0.00283741
-0.00296082
-0.00308415
-0.00306987
-0.0030467
-0.00302396
-0.00305412
-0.00311708
-0.00317846
-0.00325026
-0.0033458
-0.00344015
-0.00353447
-0.00367162
-0.00381144
-0.00395101
-0.00397593
-0.00392979
-0.00388695
-0.00371272
-0.00323849
-0.00277846
-0.00231819
-0.002209
-0.00212276
-0.00203555
-0.0017336
-0.00129858
-0.000870047
-0.000381002
0.000347139
0.0010637
0.00178013
0.00207289
0.00233772
0.00260358
0.00288241
0.00316922
0.00345541
0.00364558
0.00361655
0.00359751
0.00357803
0.00341069
0.0032338
0.00305749
0.00315826
0.00343091
0.00369552
0.00389169
0.00381657
0.0037538
0.00369052
0.00376172
0.0038417
0.00392121
0.00392515
0.00388218
0.00384136
0.00381437
0.00381917
0.00382253
0.00382596
0.00382829
0.00383055
0.00383282
0.00375581
0.00362962
0.00350575
0.00339648
0.00332069
0.00324347
0.00316637
0.0029039
0.00262938
0.00235563
0.00228689
0.0023455
0.00239837
0.00236405
0.00198421
0.00162014
0.0012557
0.000919569
0.000585585
0.000251804
-3.47162e-05
-0.000291784
-0.000549933
-0.000671974
-0.000483161
-0.000308332
-0.000133036
0.000150008
0.000440006
0.000729437
0.000609493
0.000235159
-0.000127572
-0.000437502
-0.00053761
-0.000646914
-0.000755715
-0.000781249
-0.000801201
-0.000821381
-0.000889697
-0.000987924
-0.00108474
-0.00111295
-0.000984187
-0.00086245
-0.000740511
-0.000707657
-0.000680795
-0.000653692
-0.000688163
-0.000760905
-0.000831903
-0.000904582
-0.00098101
-0.00105721
-0.00113335
-0.0012116
-0.00128994
-0.0013682
-0.00147739
-0.00160577
-0.0017332
-0.00183727
-0.00184913
-0.00186501
-0.0018807
-0.00193684
-0.00199566
-0.00205431
-0.0020947
-0.0021237
-0.00215317
-0.0021854
-0.00222398
-0.00226226
-0.00230051
-0.00233511
-0.00236944
-0.00240375
-0.0023746
-0.00230596
-0.00223909
-0.00217599
-0.00212791
-0.00207922
-0.0020306
-0.00205044
-0.00207489
-0.00209913
-0.00208409
-0.00204458
-0.00200617
-0.0019955
-0.00204837
-0.00209845
-0.00214861
-0.00208272
-0.002009
-0.00193568
-0.00200161
-0.00215425
-0.00230303
-0.00233715
-0.00210863
-0.00189158
-0.00167422
-0.00170235
-0.00174717
-0.00179125
-0.00180803
-0.0018078
-0.0018083
-0.00184428
-0.00202074
-0.00219105
-0.00236147
-0.00252359
-0.00268502
-0.00284634
-0.00288503
-0.00284728
-0.00281281
-0.00281913
-0.00291908
-0.00301496
-0.00311093
-0.00313189
-0.0031477
-0.00316371
-0.00292161
-0.00251868
-0.00212292
-0.00182211
-0.00189703
-0.00195597
-0.00201553
-0.00203923
-0.00206045
-0.00208175
-0.00181628
-0.00137205
-0.000935761
-0.00066038
-0.000753667
-0.000831319
-0.000909565
-0.00104974
-0.00119408
-0.00133811
-0.000891805
-7.73906e-05
0.000720853
0.00133255
0.00151645
0.00171817
0.00191897
0.00266578
0.00344971
0.00423143
0.00450984
0.00447409
0.00445154
0.00445039
0.0045361
0.0046181
0.00470019
0.00506497
0.00544903
0.00583197
0.00598537
0.00599544
0.00601148
0.00604512
0.00611966
0.00619244
0.00626523
0.00618454
0.00609327
0.00600251
0.00587014
0.00571184
0.00555475
0.0053872
0.00517807
0.00497085
0.00476371
0.0045771
0.00439205
0.00420709
0.00413822
0.00414187
0.00414251
0.00428521
0.00475294
0.00520685
0.00566096
0.00563894
0.00558374
0.00552996
0.00508779
0.00440317
0.00372911
0.00330556
0.00345605
0.00358278
0.00371039
0.00346696
0.0031978
0.00292991
0.00262143
0.00228771
0.00195529
0.00167719
0.00161336
0.0015408
0.00146865
0.00139432
0.00131988
0.00124552
0.00158615
0.00218606
0.00277489
0.00304829
0.00259873
0.00217904
0.00175848
0.00127634
0.000790215
0.000304652
0.000119493
0.000122193
0.000117245
0.000153513
0.000351614
0.000542975
0.000734454
0.00047935
0.000193004
-9.18426e-05
-0.000276205
-0.000397645
-0.000521536
-0.000634437
-0.000722524
-0.000811545
-0.000900455
-0.000809791
-0.000706524
-0.000603849
-0.000692235
-0.000900115
-0.001103
-0.00125172
-0.00127606
-0.0013054
-0.00133452
-0.00115458
-0.000959993
-0.000766152
-0.000860045
-0.00113395
-0.0014004
-0.00164352
-0.0017938
-0.00194769
-0.00210131
-0.00214537
-0.00218164
-0.00221819
-0.0022547
-0.00229119
-0.00232764
-0.00235242
-0.00235049
-0.00234963
-0.00234872
-0.00225408
-0.00215284
-0.00205195
-0.00198325
-0.00193473
-0.00188545
-0.00185937
-0.00192489
-0.00198671
-0.00204862
-0.00218974
-0.00233639
-0.00248271
-0.00260435
-0.00271049
-0.00281716
-0.00291363
-0.00298687
-0.00306098
-0.00313499
-0.00288991
-0.00262223
-0.00235566
-0.00226495
-0.00228444
-0.00229956
-0.00234261
-0.0024493
-0.00255339
-0.0026575
-0.00268049
-0.00269767
-0.00271506
-0.00272443
-0.00272879
-0.00273334
-0.00276704
-0.0029162
-0.0030607
-0.00320526
-0.00308471
-0.00294524
-0.00280662
-0.00280998
-0.00290232
-0.00299109
-0.00305885
-0.0030431
-0.00303064
-0.00301807
-0.00291253
-0.00280039
-0.00268859
-0.00273361
-0.00287692
-0.00301627
-0.00309377
-0.00292611
-0.00276817
-0.00260997
-0.00217087
-0.00171186
-0.00125398
-0.00114054
-0.00124309
-0.00133715
-0.00124184
-0.000395779
0.000420411
0.00123713
0.0013385
0.00138822
0.0014399
0.00157069
0.00175111
0.00192947
0.00215661
0.00257702
0.0029896
0.00340217
0.00378485
0.0041651
0.00454515
0.00447555
0.00412394
0.00378349
0.00352599
0.00359778
0.0036568
0.00371626
0.00384932
0.00398762
0.0041256
0.00418274
0.00418912
0.00419745
0.0042186
0.00429078
0.00436095
0.00443114
0.00420465
0.00395678
0.00370993
0.00360592
0.0035916
0.00357384
0.00357403
0.00364466
0.00371255
0.00378048
0.00355809
0.00331475
0.00307239
0.00292232
0.00283025
0.00273604
0.00264324
0.00255552
0.00246768
0.00237991
0.00234525
0.00231449
0.0022836
0.00215782
0.00197251
0.0017896
0.00172113
0.00210576
0.00247287
0.00284036
0.00276303
0.00265328
0.00254485
0.00226094
0.00186694
0.00147742
0.00115679
0.00110879
0.0010505
0.000992649
0.000960627
0.000930519
0.000900361
0.000865436
0.000827524
0.000789754
0.000678074
0.000273647
-0.000119429
-0.000512635
8.69212e-06
0.000596698
0.00118175
0.00110504
0.000612517
0.000136015
-0.000266432
-0.000374278
-0.000493118
-0.000611455
-6.68579e-05
0.00052606
0.00111672
0.00115322
0.000841412
0.0005429
0.000252004
-7.40954e-06
-0.000267808
-0.000527974
-0.000389887
-0.000222589
-5.65088e-05
-0.0002168
-0.000582223
-0.00093971
-0.00121552
-0.00116744
-0.00113148
-0.0010951
-0.000802512
-0.000491227
-0.000180869
2.02472e-06
0.000104715
0.000210314
0.000207037
-0.000226785
-0.000644279
-0.00106207
-0.00114623
-0.00120569
-0.00126603
-0.00135398
-0.00145931
-0.00156392
-0.00155413
-0.00109134
-0.000645674
-0.000199705
-0.000287015
-0.000413725
-0.000538884
-0.000713906
-0.000920208
-0.0011252
-0.00129177
-0.0013064
-0.00132662
-0.00134663
-0.000732068
-7.08728e-05
0.000588116
0.000466366
-0.00014658
-0.000740996
-0.00123995
-0.00135934
-0.00149259
-0.00162524
-0.00105446
-0.000431802
0.000188492
0.000548397
0.000744307
0.000946086
0.000974595
0.000318052
-0.000312916
-0.000944358
-0.00115305
-0.00133016
-0.0015083
-0.00130489
-0.000861428
-0.000427059
-5.94517e-05
4.33159e-05
0.000155674
0.000267601
8.30617e-05
-0.000123456
-0.000329022
-0.0001617
0.000240346
0.000633554
0.000849083
0.000360319
-0.00010248
-0.000565886
-0.000837667
-0.00109497
-0.00135261
-0.000770698
0.000339689
0.0014301
0.00220493
0.00172903
0.00129878
0.000867198
0.000506081
0.000150462
-0.000205099
-0.000416049
-0.000535872
-0.000658902
-0.000669082
-0.000232914
0.000186824
0.000606853
0.000254235
-0.00015605
-0.00056396
-0.000870722
-0.00111364
-0.00135868
-0.00155657
-0.00156852
-0.00158715
-0.00160552
-0.00100726
-0.000363103
0.000278945
0.000382949
0.000147881
-7.48529e-05
-0.000318399
-0.000643114
-0.000964687
-0.00128614
-0.00151067
-0.00172776
-0.00194496
-0.00173626
-0.00125922
-0.000792117
-0.000370362
-0.000128713
0.000119196
0.000366705
0.000225692
5.55057e-05
-0.000113519
0.000157239
0.000705162
0.00124282
0.00160383
0.00126462
0.000950564
0.000635837
0.000987658
0.00138954
0.00178936
0.00170396
0.00131263
0.000932437
0.000686302
0.000972129
0.00123889
0.00150614
0.00156346
0.00160489
0.00164685
0.0017492
0.00188962
0.0020286
0.00206297
0.00168291
0.00131776
0.000952339
0.00080772
0.000679904
0.000551585
0.000628639
0.000835192
0.00103703
0.00105886
0.000367124
-0.000299002
-0.000965562
-0.000639377
-0.000238129
0.000160197
0.000373671
0.000470417
0.000571194
0.000536411
-3.47932e-05
-0.000586775
-0.00113904
-0.00121756
-0.00126006
-0.00130378
-0.000951656
-0.000349877
0.000242742
0.000710053
0.000680741
0.000668813
0.000656286
0.000200678
-0.000288352
-0.000775874
-0.00100659
-0.00107516
-0.00114933
-0.00105552
-0.000296881
0.00043806
0.00117332
0.000935649
0.000624006
0.000315153
-5.9761e-05
-0.000476222
-0.00089095
-0.00124846
-0.0013798
-0.00151891
-0.00165766
-0.00163923
-0.00160882
-0.00157885
-0.00137692
-0.00106649
-0.00076004
-0.000539881
-0.000661646
-0.000771496
-0.000881682
-0.00119642
-0.0015266
-0.00185602
-0.00192441
-0.00182795
-0.00173724
-0.00166822
-0.0016857
-0.00170019
-0.00171477
-0.0018534
-0.00200143
-0.00214903
-0.00201745
-0.00170955
-0.00140794
-0.00113193
-0.000957693
-0.000780075
-0.000602696
-0.000697033
-0.000812146
-0.000926467
-0.00117001
-0.00149512
-0.0018172
-0.00196943
-0.00144863
-0.00095123
-0.000453373
-0.000568155
-0.000729907
-0.000889942
-0.000854543
-0.000695636
-0.000541057
-0.000390022
-0.000253307
-0.000116197
2.08064e-05
0.000169812
0.00031965
0.000469358
0.000149054
-0.000468193
-0.00107491
-0.00151911
-0.00131892
-0.00114078
-0.000962015
-0.00100309
-0.00106108
-0.00111845
-0.00107887
-0.000978016
-0.000879308
-0.000793546
-0.000759192
-0.000723119
-0.000687129
-0.000715832
-0.000749507
-0.000782992
-0.000946033
-0.00119093
-0.0014329
-0.00164026
-0.00171053
-0.00178538
-0.00186003
-0.00119803
-0.000479525
0.000236591
0.000278598
-0.000105682
-0.000475335
-0.00081304
-0.00102287
-0.00123687
-0.00145058
-0.00152192
-0.00158221
-0.00164282
-0.00174854
-0.00188276
-0.00201593
-0.00200621
-0.00143012
-0.000873415
-0.000316436
-0.000710086
-0.00117715
-0.00164145
-0.00179909
-0.00176267
-0.00173277
-0.00174732
-0.00193888
-0.00212438
-0.00230997
-0.00231312
-0.00230212
-0.00229159
-0.010777
-0.0246352
-0.0383049
-0.00102133
-0.00198632
-0.00167572
-0.00140782
-0.00139306
-0.00139814
-0.00140255
-0.00149967
-0.00165543
-0.00180913
-0.00192568
-0.00189498
-0.0018692
-0.00184327
-0.00196948
-0.00210745
-0.00224494
-0.00238979
-0.00253925
-0.00268846
-0.00278108
-0.00264962
-0.00252566
-0.00240154
-0.00235511
-0.00231477
-0.00227425
-0.00228525
-0.00232884
-0.00237133
-0.0024289
-0.00254625
-0.00266155
-0.00277684
-0.00270766
-0.00262412
-0.00254111
-0.00251604
-0.00252766
-0.00253807
-0.00256414
-0.00265218
-0.00273813
-0.00282408
-0.00281854
-0.00280584
-0.00279339
-0.00274348
-0.00266987
-0.00259708
-0.00253142
-0.00249399
-0.00245565
-0.00241736
-0.00247561
-0.00254138
-0.00260686
-0.00267052
-0.00273301
-0.00279549
-0.00283356
-0.00277492
-0.00271949
-0.00266398
-0.00267977
-0.00270113
-0.0027223
-0.00279545
-0.00290152
-0.00300643
-0.00305351
-0.00287128
-0.00269663
-0.00252185
-0.00262329
-0.00274635
-0.00286862
-0.00292603
-0.00294234
-0.00295997
-0.00296408
-0.00291476
-0.0028672
-0.00281962
-0.00293666
-0.00306657
-0.00319598
-0.00324343
-0.00323894
-0.00323613
-0.00322874
-0.00320341
-0.00317868
-0.00315394
-0.0030419
-0.00292305
-0.0028045
-0.00287004
-0.00305225
-0.00323057
-0.00337618
-0.0033919
-0.00341181
-0.00343156
-0.00337746
-0.00331757
-0.0032579
-0.00309589
-0.00286906
-0.00264446
-0.00249244
-0.00262811
-0.00275444
-0.00288099
-0.00299081
-0.00309924
-0.00320764
-0.00306642
-0.00276697
-0.0024728
-0.00226467
-0.00239789
-0.00252009
-0.00264256
-0.00217878
-0.00166896
-0.00116094
-0.000832404
-0.000617778
-0.000399647
-0.000250544
-0.000374349
-0.000489357
-0.000604571
-0.000506365
-0.000391337
-0.00027692
-0.000184901
-0.000107119
-2.89328e-05
1.37559e-05
-8.41456e-05
-0.000177507
-0.000270954
-0.000182058
-7.87725e-05
2.39894e-05
3.0704e-06
-9.62993e-05
-0.000193113
-0.000278038
-0.00031567
-0.000354779
-0.000393817
-0.000406874
-0.000417864
-0.000428912
-0.000372628
-0.000273645
-0.000176077
-0.000113612
-0.000190376
-0.000262685
-0.000335089
-0.000522159
-0.000718228
-0.000913888
-0.00105625
-0.00116475
-0.00127426
-0.0013327
-0.00118891
-0.0010516
-0.000914163
-0.00110182
-0.00131522
-0.00152767
-0.00167611
-0.00178389
-0.00189288
-0.00200817
-0.0021488
-0.00228855
-0.00242823
-0.00253526
-0.00263964
-0.00274403
-0.00268686
-0.00252718
-0.00237082
-0.00228591
-0.00248456
-0.00267419
-0.00286398
-0.00293916
-0.00300517
-0.00307142
-0.00315021
-0.00323695
-0.00332338
-0.00339724
-0.00342134
-0.00344698
-0.00347255
-0.00352622
-0.0035821
-0.00363788
-0.00365349
-0.00364361
-0.00363453
-0.00364163
-0.00371298
-0.00378229
-0.00385162
-0.00391072
-0.00396897
-0.0040272
-0.00401791
-0.00396573
-0.00391492
-0.00389204
-0.00398004
-0.00406453
-0.00414908
-0.00414385
-0.00413144
-0.00411927
-0.00412535
-0.00414303
-0.00416034
-0.00417889
-0.00420236
-0.00422566
-0.00424895
-0.00425029
-0.00424988
-0.00424951
-0.0042764
-0.00432061
-0.00436424
-0.00441152
-0.00447326
-0.0045345
-0.00459573
-0.00461402
-0.00462885
-0.00464378
-0.00463382
-0.00460805
-0.00458279
-0.00456307
-0.00459305
-0.00462148
-0.00464995
-0.00467532
-0.00468847
-0.00470199
-0.00471549
-0.00470553
-0.00469044
-0.00467551
-0.00466449
-0.00465726
-0.00464992
-0.00464259
-0.00463526
-0.00462794
-0.00462062
-0.00461331
-0.00462616
-0.00465855
-0.00469033
-0.00471859
-0.00471536
-0.00471309
-0.00471079
-0.00477514
-0.00485406
-0.0049325
-0.00493699
-0.00486985
-0.00480493
-0.00474884
-0.00477219
-0.00479311
-0.00481409
-0.00483653
-0.00485928
-0.00488201
-0.00488512
-0.00486923
-0.00485392
-0.0048382
-0.00481879
-0.0047995
-0.00478023
-0.00479261
-0.00481193
-0.00483103
-0.00485205
-0.00487491
-0.0048977
