0
0.0089625
0.00804574
0.00795908
0.00780362
0.00790762
0.00815879
0.00839734
0.00844283
0.00805258
0.00769898
0.00734294
0.00687836
0.00641135
0.00594531
0.00577775
0.00578429
0.00577651
0.00585426
0.0061215
0.00637277
0.00662493
0.00603086
0.00550695
0.00497816
0.00471937
0.00461799
0.00450394
0.00442517
0.00442305
0.0044147
0.00440686
0.00482409
0.00520617
0.00559047
0.00543246
0.00495787
0.00450963
0.00414549
0.00397451
0.00378822
0.00360347
0.00372096
0.00384747
0.00397306
0.00377139
0.0033784
0.00300138
0.00288533
0.00335856
0.0037839
0.00421239
0.00411239
0.00399617
0.00388143
0.00362767
0.00329273
0.00296479
0.00278651
0.00294563
0.00307772
0.00321175
0.00359794
0.00399159
0.00438402
0.00502458
0.00581017
0.00658308
0.00682307
0.0058627
0.00499837
0.00412784
0.00401499
0.0038428
0.00367553
0.00389279
0.00433581
0.00476046
0.00539714
0.00650883
0.00758166
0.00865586
0.00734938
0.0062305
0.00509875
0.00441605
0.00399679
0.0035577
0.00318868
0.00297297
0.00274571
0.00251969
0.00270953
0.00291305
0.00311521
0.00309953
0.00295572
0.00282201
0.00290107
0.00346106
0.0039832
0.00450744
0.00422925
0.00392409
0.00362147
0.00350999
0.0035112
0.00350378
0.00348966
0.00345886
0.00342938
0.00339985
0.00357329
0.00375353
0.00393298
0.0046874
0.00578015
0.00684554
0.00725268
0.00617329
0.00520814
0.00423581
0.00374106
0.00321096
0.00268433
0.00240046
0.00226009
0.00210912
0.00193384
0.0017016
0.00147399
0.00124637
0.00144359
0.00160864
0.00177585
0.00279578
0.00431869
0.0058017
0.00647211
0.00530575
0.00427821
0.00324185
0.00266722
0.00211008
0.00155247
0.00132422
0.00129066
0.0012427
0.0011649
0.00101719
0.000874868
0.000732362
0.000664599
0.000599686
0.000534658
0.000637464
0.000839477
0.00103388
0.00157562
0.00290022
0.00416531
0.00543292
0.00472522
0.0039444
0.00317009
0.00297585
0.00312543
0.00324964
0.00329512
0.00315879
0.00303593
0.00291227
0.00315283
0.00336651
0.00358183
0.00406674
0.00471125
0.00534322
0.00549294
0.00455297
0.00369332
0.0028291
0.00266187
0.00244448
0.00223104
0.00210012
0.00201841
0.00193327
0.00207751
0.00273899
0.0033623
0.00398746
0.00480625
0.00563158
0.00645525
0.00670308
0.00660889
0.00653932
0.00640876
0.00614441
0.00589
0.00563524
0.00529184
0.00494537
0.0045996
0.00421676
0.00381209
0.00340955
0.00308954
0.00295559
0.00280863
0.00266281
0.00251484
0.00236697
0.00221931
0.00282096
0.0038679
0.00488194
0.00520576
0.00396629
0.00283866
0.00170475
0.00153923
0.00130589
0.00107764
0.00087937
0.000699278
0.000518166
0.000323373
9.71528e-05
-0.000126553
-0.000350122
-0.000475984
-0.000608488
-0.000740345
-0.000804948
-0.000829432
-0.000856673
-0.00094908
-0.00118931
-0.00141894
-0.00164899
-0.00187218
-0.00209482
-0.00231719
-0.00243231
-0.00248344
-0.00253892
-0.00251976
-0.0023326
-0.00215729
-0.0019814
-0.00201483
-0.00205703
-0.00209856
-0.00206886
-0.00199663
-0.00192743
-0.00189566
-0.00194895
-0.00199635
-0.00204408
-0.00181706
-0.00157864
-0.00134132
-0.000896992
-0.00032931
0.000229189
0.000489064
7.2914e-05
-0.000296682
-0.000668941
-0.00108277
-0.00149322
-0.00190335
-0.00207068
-0.00209284
-0.0021248
-0.00218558
-0.00231317
-0.00243608
-0.00255913
-0.00272573
-0.00288917
-0.0030526
-0.00316759
-0.00325357
-0.00334138
-0.00339074
-0.00335355
-0.00332221
-0.00329052
-0.00336223
-0.00343839
-0.00351415
-0.0035266
-0.00350113
-0.00347822
-0.0034595
-0.00345059
-0.00344104
-0.00343155
-0.00345635
-0.00348264
-0.0035088
-0.00322204
-0.00274797
-0.00228697
-0.00195525
-0.00191746
-0.00186026
-0.00180442
-0.00145837
-0.00109974
-0.00074241
-0.000221052
0.000398338
0.00101045
0.00122278
0.000529722
-0.000102861
-0.000738589
-0.000738848
-0.000780832
-0.000820023
-0.00092569
-0.00107106
-0.00121365
-0.00129078
-0.00121949
-0.00115799
-0.00109594
-0.00112231
-0.00114288
-0.0011638
-0.00074565
-6.41333e-05
0.000599361
0.00125061
0.00187255
0.00249557
0.00311772
0.00263412
0.00210012
0.00157007
0.00116755
0.000841971
0.000511842
0.000232266
6.59853e-05
-0.00010739
-0.000280085
-0.000441799
-0.000602812
-0.000763663
-0.000823762
-0.000823265
-0.000826661
-0.000477506
0.000670083
0.00176502
0.00286193
0.00281931
0.0027233
0.00263082
0.00232562
0.00189276
0.00146859
0.00106355
0.000702413
0.000338942
-2.39173e-05
-0.000114949
-0.000223146
-0.000330115
-0.000339818
-0.000290917
-0.000245795
-1.21042e-05
0.000648637
0.00128151
0.00191535
0.00247086
0.00303062
0.0035894
0.0033485
0.00262598
0.00193471
0.00130995
0.00083943
0.000359801
-0.000118653
-0.000209568
-0.000281722
-0.000354963
-0.000432603
-0.000512908
-0.000592946
-0.000676564
-0.000768399
-0.000859606
-0.000950738
0.000370295
0.00175838
0.00314056
0.00367176
0.00368923
0.00373865
0.00365824
0.00328806
0.00293634
0.00258391
0.00201302
0.00145638
0.000899541
0.000486914
0.000161486
-0.000168931
-0.000433456
-0.000549741
-0.000675033
-0.000799615
-0.000760615
-0.000731743
-0.000702282
0.000178016
0.00157183
0.00293236
0.00376617
0.00340212
0.00311201
0.00281772
0.0022031
0.0015732
0.000945013
0.000430915
-1.3956e-05
-0.000462512
-0.000855906
-0.00112535
-0.00140203
-0.00167793
-0.00184281
-0.00201424
-0.00218507
-0.0022872
-0.00234772
-0.0024107
-0.00243912
-0.00238954
-0.00234475
-0.00229973
-0.00101039
0.000340297
0.00168564
0.00189702
0.00142198
0.000988936
0.000473829
-0.000222388
-0.000906856
-0.00159121
-0.00179506
-0.00202755
-0.00225805
-0.002364
-0.00239442
-0.00242933
-0.0024454
-0.00241937
-0.00239589
-0.00237229
-0.0024057
-0.00243567
-0.00246581
-0.002452
-0.00241158
-0.0023728
-0.00235903
-0.00240224
-0.00244201
-0.00248193
-0.00252623
-0.00257071
-0.00261513
-0.00202179
-0.00104209
-8.64463e-05
0.000689606
0.0010559
0.00144601
0.00183425
0.00125049
0.000724839
0.000196375
-0.000219174
-0.000566184
-0.000916823
-0.00119133
-0.00129392
-0.0014065
-0.00151836
-0.00069759
0.00017101
0.00103578
0.00137404
0.00139249
0.00142965
0.00137199
0.00110149
0.000843765
0.00058559
0.00040276
0.000215746
2.91947e-05
-0.000175595
-0.000391361
-0.000606236
-0.000494424
0.00035962
0.00116952
0.00198104
0.00211381
0.00228582
0.00245536
0.00236883
0.00212668
0.00189382
0.00164856
0.001376
0.00110535
0.000834892
0.000662458
0.000495418
0.00032826
8.27056e-05
-0.000210417
-0.000500463
-0.000766292
-0.000977097
-0.00119082
-0.00140413
-0.00156836
-0.00173522
-0.00190174
-0.00170245
-0.00128073
-0.000872231
-0.000249184
0.000860527
0.00194116
0.00302222
0.00240998
0.00170713
0.00101025
0.000661914
0.000526062
0.000378272
0.000181685
-0.000127672
-0.000430271
-0.000732909
-0.000885578
-0.00104658
-0.00120693
-0.00120231
-0.00109722
-0.000997935
-0.00090409
-0.000823234
-0.000741735
-0.000660365
-0.000740935
-0.000812281
-0.000884067
-0.00103498
-0.00123406
-0.00143021
-0.00151033
-0.00132642
-0.00115756
-0.000988034
0.000208466
0.0014601
0.00270723
0.00289084
0.00242592
0.00199781
0.00155135
0.00106728
0.000585856
0.000104821
5.28245e-05
-2.30425e-05
-9.74944e-05
-0.00021794
-0.00036634
-0.000513019
-0.000633234
-0.00069323
-0.000756505
-0.000819528
-0.000817728
-0.000812332
-0.000807141
-0.000881522
-0.00100444
-0.00112453
-0.00122956
-0.00130013
-0.00137253
-0.00144474
-0.00113805
-0.000852596
-0.000566287
7.67562e-05
0.000937379
0.00178508
0.00238053
0.00240147
0.00245394
0.00250463
0.0019032
0.0013382
0.000771817
0.000298905
-0.000116795
-0.000535171
-0.000830794
-0.000847947
-0.000880297
-0.000911782
-0.000552676
-0.000171892
0.000207293
0.000818008
0.00156993
0.00231335
0.00295849
0.00337989
0.00381299
0.00424499
0.00360609
0.00302598
0.00244332
0.00202966
0.00171937
0.00140383
0.00111905
0.000903193
0.000683848
0.000464928
0.000505012
0.000559813
0.000613762
0.000684361
0.000765089
0.000845185
0.00116057
0.00201181
0.00283333
0.00365555
0.00340093
0.00320438
0.00300492
0.00263729
0.00216677
0.00170226
0.00126032
0.000869846
0.000477039
8.47762e-05
-3.41465e-05
-0.000167536
-0.000300011
-0.000266204
-0.000130564
-4.93588e-07
0.000123826
0.000234541
0.000345861
0.000457031
0.00100458
0.00157684
0.00214719
0.00243442
0.00254804
0.00267075
0.0025256
0.00177157
0.00105054
0.000328538
6.80552e-05
-0.000216533
-0.000499548
-0.000443319
-0.000179141
7.37964e-05
0.000158743
-0.000140087
-0.000418403
-0.000697505
-0.000925496
-0.00115029
-0.00137502
-0.00155084
-0.00169661
-0.00184381
-0.00197266
-0.00206012
-0.00214966
-0.00223899
-0.00137941
-0.000570326
0.000240549
0.000475429
0.000356957
0.00025704
9.83094e-05
-0.000192339
-0.000475814
-0.000759368
-0.00074568
-0.000714488
-0.000684238
-0.000857984
-0.0011569
-0.001449
-0.00168444
-0.00179029
-0.00190274
-0.00201474
-0.00182215
-0.00161169
-0.00140238
-0.000838684
-5.76323e-05
0.000711392
0.00122558
0.000734276
0.000295305
-0.00014591
-0.000524763
-0.000899573
-0.00127421
-0.00153535
-0.00172669
-0.00192142
-0.00205191
-0.00203662
-0.00202882
-0.00202064
-0.00206817
-0.00211899
-0.00216958
-0.00199802
-0.00169
-0.00138927
-0.000997104
-0.000244729
0.0004885
0.00122196
0.000780065
0.000268055
-0.000239863
-0.000666973
-0.00104412
-0.00142342
-0.00168349
-0.00167241
-0.00167511
-0.00167711
-0.00183688
-0.00200602
-0.0021745
-0.00225448
-0.00227996
-0.00230817
-0.00203217
-0.00106271
-0.000129262
0.000805065
0.000862487
0.000866797
0.00087378
0.000891155
0.000915007
0.00093851
0.000974353
0.0010589
0.00114092
0.00122298
0.000880533
0.000512594
0.000146303
9.04939e-06
1.28849e-05
9.65152e-06
6.55372e-05
0.000255452
0.000438476
0.000621661
-0.0132346
-0.0279352
-0.042579
-0.057211
0.00486783
0.00160968
0.00158467
0.00130306
0.0010345
0.000765558
0.000465724
0.000164261
-0.000136822
-8.12079e-05
0.000194152
0.000458344
0.000773283
0.00120307
0.00162674
0.0020503
0.00224954
0.0024348
0.00262058
0.00272085
0.0027684
0.00281851
0.00285839
0.00287531
0.00289335
0.00291131
0.00301839
0.00313088
0.003243
0.0030893
0.00277174
0.00246255
0.00213492
0.0017353
0.0013396
0.000944099
0.000896225
0.000869948
0.00084264
0.000912319
0.00104177
0.00116817
0.00148686
0.00224427
0.00297955
0.00371518
0.00357402
0.00337842
0.00318565
0.00279038
0.00227037
0.00175692
0.00130549
0.00109866
0.000880156
0.000662433
0.000639311
0.000628371
0.000616851
0.000653796
0.000720629
0.000785951
0.000895049
0.001104
0.00130792
0.00151189
0.00118052
0.00081587
0.000453175
0.000217789
6.11587e-05
-9.91123e-05
-0.000198553
-0.000159721
-0.000127574
-9.51375e-05
-0.000294989
-0.000509288
-0.000722689
-0.000795711
-0.00078196
-0.000772379
-0.000724524
-0.000526285
-0.000335431
-0.000144407
-0.000190841
-0.000252236
-0.000312857
-0.000323989
-0.000304509
-0.000286507
-0.000262309
-0.000224102
-0.000186599
-0.000149098
-0.000259773
-0.000379749
-0.000499168
-0.000624674
-0.000753886
-0.000882798
-0.000991148
-0.00101859
-0.00104984
-0.00108087
-0.000780024
-0.000458308
-0.000137883
-7.04409e-05
-0.00015952
-0.000241122
-0.000280582
-0.000223068
-0.000170182
-0.000117127
-0.000506025
-0.000922816
-0.0013379
-0.00141043
-0.00127095
-0.00114156
-0.000955797
-0.000642188
-0.000334875
-2.75559e-05
0.000119386
0.000255929
0.000392832
0.000426219
0.000395541
0.000367889
0.000349584
0.000368693
0.000386036
0.000403446
0.000619461
0.000848066
0.00107587
0.00138318
0.00173959
0.00209338
0.00245231
0.00282316
0.00319311
0.00356275
0.00372467
0.00387306
0.00402194
0.00417279
0.00432483
0.00447668
0.00455354
0.00433452
0.00412941
0.00392385
0.00375382
0.00358622
0.00341867
0.00329662
0.0032028
0.00310776
0.00290914
0.00247354
0.00204927
0.00162486
0.00144995
0.00129138
0.00113221
0.00107269
0.00107493
0.00107433
0.00100702
0.000786937
0.00057406
0.000361047
9.46742e-05
-0.000174959
-0.000444196
-0.000528939
-0.000499256
-0.000474833
-0.000465549
-0.000516981
-0.000565593
-0.00061429
-0.000664182
-0.000714113
-0.000763996
-0.000840343
-0.000933078
-0.00102498
-0.0011196
-0.00122045
-0.00132093
-0.00142133
-0.00160627
-0.0017966
-0.00198651
-0.0020495
-0.00203372
-0.00202152
-0.00200772
-0.00198823
-0.00196902
-0.00194981
-0.00196267
-0.00197763
-0.00199249
-0.00198599
-0.00196625
-0.00194711
-0.00195877
-0.00204087
-0.00211972
-0.00219864
-0.00217912
-0.00215311
-0.00212743
-0.00213607
-0.00216603
-0.00219501
-0.00221225
-0.00220256
-0.0021941
-0.00218558
-0.00207178
-0.0019511
-0.00183083
-0.00184393
-0.00193986
-0.002032
-0.00209692
-0.00205383
-0.00201561
-0.0019772
-0.00204953
-0.00212916
-0.00220838
-0.00222682
-0.00220747
-0.00218981
-0.0022013
-0.00227958
-0.00235483
-0.00243014
-0.00235013
-0.00225983
-0.00217007
-0.002154
-0.00218374
-0.00221143
-0.0021991
-0.00202831
-0.00186468
-0.00170088
-0.00156858
-0.00143849
-0.00130842
-0.00123625
-0.00120011
-0.00116241
-0.00112477
-0.00108704
-0.00104935
-0.0010117
-0.000718534
-0.000408488
-9.94566e-05
4.55115e-05
8.83844e-05
0.000135703
0.000225346
0.000412316
0.000594853
0.000777425
0.000717646
0.000641638
0.000566406
0.000668672
0.000881342
0.001089
0.00128847
0.00145527
0.00162334
0.00179122
0.0018007
0.0017995
0.00179877
0.00189308
0.00204653
0.00219727
0.00226519
0.00214356
0.00203027
0.00191671
0.00195645
0.0020065
0.00205607
0.00217512
0.00233737
0.00249761
0.00276018
0.00342743
0.00407658
0.00472596
0.00483568
0.00490876
0.00498336
0.00488112
0.00466885
0.00446151
0.00440486
0.00469331
0.00496663
0.00524037
0.00496144
0.00464519
0.00433082
0.00407529
0.00385654
0.00363639
0.00347346
0.00344108
0.00340312
0.00336544
0.00339223
0.0034234
0.00345436
0.00345749
0.00344328
0.00342983
0.00347046
0.00372506
0.00397029
0.00421571
0.00415
0.00406308
0.00397715
0.00380828
0.00358781
0.00336973
0.0031105
0.00275711
0.00240802
0.00205904
0.00210979
0.00218787
0.00226473
0.00232065
0.00236349
0.00240684
0.00248639
0.00270933
0.00292601
0.00314277
0.00350714
0.00388137
0.00425486
0.00440281
0.00441007
0.00442326
0.0044055
0.00431749
0.00423251
0.00414747
0.00365427
0.00313335
0.00261403
0.00271135
0.00319331
0.00365868
0.00378315
0.00312603
0.0025023
0.0018777
0.00216106
0.00250686
0.00284975
0.00298712
0.00299614
0.00301052
0.00293289
0.00249223
0.00206713
0.00164173
0.00157356
0.00153017
0.00148577
0.00153407
0.00164018
0.0017438
0.00170775
0.00135177
0.00100942
0.000666791
0.000549771
0.000448484
0.000346626
0.000200518
2.68095e-05
-0.000145608
-0.0002931
-0.000342204
-0.00039535
-0.000448284
-0.000277302
-9.08757e-05
9.4756e-05
0.000141739
0.000102108
6.60926e-05
8.5756e-05
0.000233243
0.000375326
0.000517516
0.00047107
0.000411511
0.000352542
0.000172886
-8.209e-05
-0.000333752
-0.000531064
-0.000603849
-0.0006817
-0.000759278
-0.000880505
-0.00100469
-0.00112866
-0.00113356
-0.00106408
-0.000997698
-0.000957927
-0.00102377
-0.00108523
-0.00114682
-0.00118826
-0.00122825
-0.00126827
-0.0011387
-0.00090319
-0.000672201
-0.000502807
-0.00047469
-0.00044083
-0.000407232
-0.000481704
-0.000563711
-0.000645343
-0.000420642
-4.49001e-06
0.000403531
0.000707361
0.000598596
0.000506691
0.000414176
8.47031e-05
-0.000261211
-0.000606177
-0.000590953
-0.000350479
-0.000119331
-2.66874e-05
-0.000252
-0.000464257
-0.000676871
-0.000462854
-0.000218898
2.36512e-05
1.7025e-05
-0.000145489
-0.000301578
-0.000427524
-0.000483966
-0.000543165
-0.000602204
-0.000557397
-0.000505279
-0.000453497
-0.000278414
-2.62471e-05
0.000222618
0.000539729
0.00112699
0.00170293
0.00227886
0.00255665
0.00281311
0.00307022
0.00322872
0.00332549
0.00342465
0.00337542
0.00298647
0.00261142
0.00223612
0.00226473
0.002322
0.00237809
0.00221615
0.00191775
0.00162503
0.00147475
0.00188838
0.00227921
0.00267064
0.00242551
0.00213525
0.00184702
0.00155532
0.00126157
0.000968148
0.000755422
0.000727371
0.000692015
0.000656976
0.00102
0.00141117
0.00180091
0.00181453
0.00159254
0.00138004
0.00117871
0.00100362
0.000827628
0.000651811
0.000728584
0.000823365
0.00091736
0.000767326
0.000464441
0.00016782
-2.91955e-05
0.000168342
0.000350191
0.000532514
0.00117494
0.00184989
0.00252304
0.0025073
0.00205986
0.00162973
0.00122105
0.000898975
0.000573761
0.000248924
0.000614695
0.00102981
0.00144266
0.00152999
0.0014132
0.00130449
0.00129248
0.00166428
0.00202079
0.00237762
0.00241587
0.00243117
0.00244736
0.00228912
0.00202159
0.00175854
0.00152902
0.00143238
0.00133064
0.00122918
0.00128578
0.00135375
0.00142122
0.00159295
0.00183
0.00206433
0.00213739
0.00157208
0.00103196
0.000491272
0.000381984
0.000303946
0.000224758
0.000495969
0.000986859
0.00146888
0.00173167
0.00112626
0.000554837
-1.74543e-05
-0.000103159
-0.000153572
-0.000205306
-0.000194118
-0.000143491
-9.44217e-05
9.96123e-05
0.000867465
0.00161266
0.00235815
0.00173103
0.00100474
0.000282816
-0.000134884
-0.000361457
-0.000595187
-0.000685621
-0.000210331
0.00024292
0.000696667
0.000815926
0.000910784
0.0010065
0.000872262
0.000593735
0.000320935
0.000132526
0.000278515
0.000411629
0.000545133
0.000532899
0.000510057
0.000487636
0.000315036
4.82031e-05
-0.000214839
-0.000447194
-0.000558061
-0.000673463
-0.000788604
-0.000669488
-0.000533349
-0.000397959
2.95563e-05
0.000640391
0.00124381
0.0015793
0.000854053
0.000169538
-0.000516
-0.000327675
-7.55582e-05
0.000173955
0.000600283
0.0011375
0.00167012
0.00196852
0.00133993
0.00074679
0.000152763
-0.000107587
-0.000343309
-0.000579783
-0.000397628
4.7471e-05
0.000482338
0.000788208
0.000582669
0.000396511
0.000209765
-0.000107958
-0.000435089
-0.000761621
-0.000949516
-0.00105023
-0.00115413
-0.00106336
-0.000202349
0.000629172
0.00146117
0.000850307
0.000133689
-0.000578439
-0.000924227
-0.00103955
-0.0011634
-0.00124168
-0.00114102
-0.00104711
-0.000953014
-0.000133963
0.000737987
0.00160732
0.00194161
0.0019394
0.0019497
0.00182883
0.0011903
0.000571483
-4.76035e-05
-0.00025794
-0.000437951
-0.000618953
-0.000653723
-0.000596553
-0.000542834
-0.000493408
-0.000461374
-0.000428719
-0.000396112
-0.000461434
-0.00053396
-0.000606166
-0.000660695
-0.000704086
-0.000747857
-0.000709497
-0.000345986
5.25907e-06
0.000356697
0.000813461
0.00127773
0.00174139
0.0015846
0.0010375
0.000505178
4.89606e-05
-0.000104796
-0.000269559
-0.000433797
-0.000388528
-0.000327728
-0.000267543
-0.000292018
-0.000369775
-0.000445522
-0.000518209
-0.000578648
-0.000639493
-0.000700277
-0.000820916
-0.000945929
-0.00107069
-0.0011163
-0.00111208
-0.00110967
-0.00110631
-0.00109939
-0.00109261
-0.00108582
-0.00097759
-0.000861868
-0.000746502
-0.000725887
-0.000764932
-0.000801777
-0.000862286
-0.0010163
-0.00116681
-0.00131733
-0.0014281
-0.00153583
-0.00164359
-0.00156674
-0.00137367
-0.00118495
-0.00100447
-0.000856884
-0.000708209
-0.000559682
-0.000492227
-0.000430879
-0.000369354
-0.000310279
-0.000252756
-0.000195218
-0.000146777
-0.000134247
-0.000120429
-0.000106668
-0.00012243
-0.000140395
-0.000158268
0.000154881
0.000676474
0.00119018
0.00166799
0.00200349
0.00234387
0.00268384
0.00280398
0.00290754
0.00301162
0.00309341
0.00316116
0.00322935
0.00325575
0.00311673
0.00298374
0.00285064
0.00287294
0.00290692
0.00294045
0.00272648
0.00235657
0.0019925
0.00173688
0.00191104
0.00206972
0.00222884
0.00238881
0.00254874
0.00270855
0.00261556
0.00236323
0.00211677
0.0019121
0.0018734
0.00182882
0.00178448
0.00162377
0.0014544
0.00128545
0.00118613
0.00113074
0.00107384
0.00102076
0.000982511
0.00094376
0.000905054
0.0010355
0.00117865
0.00132124
0.00117317
0.000841827
0.000517205
0.000332195
0.000700669
0.00104932
0.00139843
0.000977826
0.000499222
2.30014e-05
-0.000290521
-0.0005013
-0.000715552
-0.000894998
-0.000937461
-0.000984718
-0.00103177
-0.000381151
0.000321964
0.00102274
0.00095914
0.000413313
-0.000115192
-0.000568515
-0.000722586
-0.000887048
-0.00105103
-0.00106478
-0.00106711
-0.00106984
-0.00110217
-0.00115317
-0.00120349
-0.00123502
-0.00119215
-0.00115191
-0.00111161
-0.00113423
-0.00116162
-0.00118882
-0.00120319
-0.00120946
-0.001216
-0.00120101
-0.00110078
-0.00100358
-0.000906343
-0.00104278
-0.00119694
-0.00135037
-0.001407
-0.00140249
-0.00140012
-0.00139618
-0.00138636
-0.00137675
-0.00136714
-0.00136227
-0.00135776
-0.00135324
-0.00136043
-0.00137499
-0.00138929
-0.00140494
-0.00142594
-0.00144674
-0.00146753
-0.00142701
-0.00138183
-0.00133685
-0.00135487
-0.00141268
-0.00146909
-0.00151623
-0.00152663
-0.00153828
-0.00154988
-0.00162539
-0.00170573
-0.00178586
-0.00177334
-0.00170232
-0.00163335
-0.00154643
-0.00138846
-0.00123305
-0.00107765
-0.00099354
-0.000914945
-0.000836215
-0.000957542
-0.00120521
-0.00144838
-0.00157675
-0.00124999
-0.000939046
-0.000627769
-0.000701261
-0.000804251
-0.000906162
-0.000851726
-0.000698497
-0.000548747
-0.000455172
-0.000584431
-0.000705997
-0.000827742
-0.000736387
-0.000628701
-0.000521645
-0.000494153
-0.00051696
-0.000538039
-0.000593538
-0.000785288
-0.000972274
-0.00115929
-0.00111536
-0.00105366
-0.000992613
-0.000889546
-0.00075996
-0.000631362
-0.000496669
-0.000337684
-0.000179631
-2.16532e-05
-0.000307239
-0.000626867
-0.000945126
-0.00116245
-0.0013159
-0.00147139
-0.00149452
-0.000993472
-0.000510473
-2.71906e-05
0.000252269
0.000515817
0.000779724
0.000835074
0.000758554
0.00068653
0.000672966
0.000891615
0.0011023
0.00131311
0.00115946
0.000977712
0.00079703
0.000878942
0.00112692
0.00136916
0.00156797
0.00159433
0.00162647
0.00165839
0.0016336
0.00160442
0.00157541
0.00159246
0.00163863
0.0016838
0.00170411
0.00162581
0.00155086
0.00147585
0.00141456
0.00135438
0.0012942
-0.00840504
-0.0242
-0.039781
0.00212754
0.000752652
0.000821463
0.000842121
0.000865277
0.000888436
0.00091158
0.000960121
0.00102472
0.00108874
0.00111325
0.000981146
0.000854332
0.000727426
0.000559862
0.000389233
0.000218818
0.000344268
0.000656931
0.000963182
0.00111633
0.000662217
0.000228509
-0.000205586
6.36444e-05
0.000387519
0.000709373
0.000778445
0.000687456
0.000601814
0.000484894
0.000244489
8.31834e-06
-0.000227836
-8.60476e-05
8.51494e-05
0.000255264
0.000429179
0.000605437
0.000781503
0.000834676
0.000400891
-1.65907e-05
-0.000434334
-0.000520074
-0.000579822
-0.000640386
-0.000675435
-0.00069434
-0.000713762
-0.000620934
-8.31107e-05
0.00043977
0.000962797
0.000616896
0.000203206
-0.000207994
-0.000495407
-0.000704311
-0.000915646
-0.00107933
-0.00105481
-0.00103645
-0.0010179
-0.00111961
-0.00123069
-0.00134139
-0.00142064
-0.00147994
-0.00153986
-0.00155545
-0.00139546
-0.0012413
-0.00108705
-0.00116994
-0.00127139
-0.00137217
-0.00146762
-0.00155966
-0.00165175
-0.00173175
-0.00176402
-0.00179782
-0.00183154
-0.00175818
-0.00167644
-0.00159503
-0.00148195
-0.00134885
-0.00121648
-0.00111219
-0.00111913
-0.00112247
-0.00112592
-0.00129166
-0.00147007
-0.00164796
-0.00176948
-0.00185523
-0.00194208
-0.00199144
-0.0018924
-0.00179821
-0.00170392
-0.00176532
-0.00183894
-0.00191213
-0.00187822
-0.00177644
-0.00167691
-0.00162296
-0.00174991
-0.00187096
-0.00199212
-0.00195984
-0.00191547
-0.00187151
-0.00189748
-0.00196777
-0.0020366
-0.00207982
-0.00202141
-0.00196631
-0.00191113
-0.00176251
-0.00160661
-0.00145103
-0.0014051
-0.0014287
-0.00145006
-0.00149584
-0.0016382
-0.00177738
-0.00191657
-0.00181622
-0.00169697
-0.0015784
-0.00156955
-0.0016303
-0.00168878
-0.00175501
-0.00185178
-0.00194751
-0.00204321
-0.00207983
-0.00211174
-0.00214379
-0.00211406
-0.00204515
-0.00197753
-0.00195473
-0.00210977
-0.00225906
-0.00240844
-0.00243831
-0.0024587
-0.00247937
-0.00246327
-0.00242386
-0.00238521
-0.0023636
-0.00240958
-0.00245339
-0.00249725
-0.0025842
-0.00267452
-0.00276468
-0.00275332
-0.00267757
-0.00260389
-0.0024953
-0.00224836
-0.00200594
-0.00176354
-0.00170786
-0.00166705
-0.00162581
-0.00164314
-0.00169764
-0.00175094
-0.00179066
-0.00177645
-0.00176395
-0.00175141
-0.00195057
-0.00216648
-0.00238172
-0.00244554
-0.00241323
-0.00238395
-0.00231279
-0.00207578
-0.00184413
-0.00161245
-0.00162101
-0.0016487
-0.00167578
-0.00176146
-0.00188431
-0.00200591
-0.00210266
-0.00210087
-0.00210216
-0.00210336
-0.00216674
-0.00223504
-0.00230314
-0.00238262
-0.00246931
-0.00255571
-0.00262467
-0.00262453
-0.00262655
-0.0026285
-0.00254554
-0.00245585
-0.00236642
-0.00240709
-0.00253037
-0.00265101
-0.00276148
-0.00283156
-0.00290285
-0.00297406
-0.0029572
-0.0029333
-0.00290963
-0.00290171
-0.00290379
-0.00290556
-0.00291092
-0.0029305
-0.00294963
-0.00296876
-0.00299715
-0.00302628
-0.00305537
-0.00307407
-0.00308617
-0.00309848
-0.0031116
-0.00312801
-0.0031443
-0.0031606
-0.00322735
-0.00329812
-0.00336871
-0.00337494
-0.00334026
-0.00330686
-0.00327963
-0.00330787
-0.00333438
-0.00336093
-0.00337691
-0.00335097
-0.00332633
-0.00330167
-0.00332706
-0.00336341
-0.00339939
-0.00341113
-0.00339937
-0.00338834
-0.00337729
-0.00336625
-0.00335522
-0.00334419
-0.00333317
-0.00334893
-0.00339062
-0.0034315
-0.00346842
-0.00346994
-0.00347254
-0.0034751
-0.00348062
-0.0034868
-0.00349294
-0.00350032
-0.0035089
-0.00351744
-0.00352424
-0.00351557
-0.00350738
-0.00349917
-0.003505
-0.00351391
-0.00352271
-0.00353405
-0.00354783
-0.00356154
-0.00357482
-0.00358438
-0.00359405
-0.00360371
-0.00361189
-0.00361974
-0.0036276
-0.00364423
-0.00366938
-0.00369425
