0
0.0150951
0.0136005
0.0134867
0.0132585
0.01328
0.0134406
0.0135894
0.0136271
0.0134132
0.0132205
0.0130263
0.0127417
0.0124548
0.0121687
0.0121298
0.0122352
0.0123285
0.0123906
0.0123803
0.012376
0.0123712
0.0125083
0.0126335
0.0127595
0.0124887
0.0119865
0.011504
0.0111391
0.0110413
0.010922
0.0108047
0.0107243
0.010641
0.0105581
0.0103855
0.0101606
0.00994028
0.00980395
0.00985689
0.00989448
0.00993325
0.00999957
0.0100666
0.0101335
0.00979728
0.00922542
0.00867338
0.00840652
0.00878379
0.00910894
0.00943773
0.00976032
0.0100823
0.0104038
0.0103713
0.0101316
0.00990881
0.00958816
0.00905002
0.00852999
0.00800935
0.00822002
0.00845356
0.00868492
0.00879822
0.00884216
0.00889151
0.00889375
0.00879105
0.00869677
0.00860198
0.00865122
0.00868908
0.00872777
0.00894404
0.00926443
0.00957617
0.00968465
0.00933453
0.00902079
0.00870469
0.00832795
0.00795653
0.00758527
0.00752012
0.0076348
0.00773533
0.00769877
0.00735109
0.00702807
0.00670363
0.00693616
0.00718701
0.00743606
0.0075908
0.00768992
0.00779316
0.00777391
0.00747959
0.00720688
0.00693293
0.00647147
0.00600424
0.00553816
0.0060215
0.00706346
0.00806108
0.00862739
0.00821578
0.00787946
0.00753791
0.00762604
0.00772891
0.00783051
0.00790993
0.00797617
0.00804332
0.00797303
0.00759324
0.00723747
0.00688042
0.00653959
0.00619804
0.00585706
0.0059532
0.00630711
0.00664106
0.00679802
0.00655308
0.00633873
0.0061224
0.00570788
0.00530886
0.00490927
0.00486895
0.0050407
0.00519634
0.0054609
0.00596863
0.00645745
0.00694695
0.00657628
0.00617478
0.00577618
0.00531442
0.00481571
0.00432049
0.00399012
0.00403127
0.00404485
0.00406044
0.00402798
0.00399381
0.00395981
0.0042224
0.00466028
0.00508459
0.00530315
0.00505592
0.00484331
0.00462846
0.00438188
0.00413441
0.00388737
0.00385378
0.00394659
0.00403002
0.00431869
0.00506918
0.00578486
0.00650204
0.00596698
0.00552391
0.00507478
0.004667
0.00428363
0.00389903
0.00365297
0.00371871
0.00376175
0.00380638
0.00325132
0.00274043
0.00222708
0.00244771
0.00310343
0.00372683
0.00418553
0.00426807
0.00437756
0.00448495
0.00475426
0.00502954
0.005304
0.00518842
0.00484133
0.0045113
0.00431175
0.00440913
0.00448516
0.00456261
0.00437179
0.00417061
0.00397045
0.00396979
0.00408771
0.00419703
0.00409707
0.00352304
0.00298345
0.00244218
0.00252925
0.00264139
0.0027516
0.00316247
0.00375184
0.00432777
0.00465381
0.004414
0.00421438
0.00401221
0.0038147
0.00361715
0.00341987
0.00344235
0.00359561
0.00373949
0.00362918
0.00294306
0.00229815
0.00165127
0.00161108
0.00152861
0.00144921
0.00166845
0.00206563
0.00244987
0.00268112
0.00256508
0.00247332
0.00238
0.00186437
0.00133181
0.000801163
0.000597004
0.000587658
0.000564862
0.000510933
0.000384395
0.000263039
0.000141493
0.000332145
0.000535692
0.000738072
0.0012739
0.00200837
0.0027282
0.00317132
0.00298759
0.00284704
0.00270372
0.00211644
0.00151096
0.000907555
0.000611378
0.000498872
0.000374
0.000263145
0.00018181
9.85777e-05
1.55876e-05
0.000746519
0.0014212
0.00209878
0.00234219
0.00232616
0.00232772
0.00222107
0.00187232
0.0015404
0.0012078
0.000737244
0.000276628
-0.000184037
-0.000646887
-0.00111084
-0.00157409
-0.00192982
-0.0020429
-0.00217212
-0.00230008
-0.0023915
-0.0024812
-0.00257089
-0.0026106
-0.00262038
-0.00263215
-0.00261596
-0.00253681
-0.00246196
-0.00238693
-0.00235708
-0.00232927
-0.00230137
-0.00217202
-0.00198198
-0.00179621
-0.00169699
-0.00179405
-0.00187798
-0.00196267
-0.00203345
-0.00210354
-0.00217358
-0.00213552
-0.00203268
-0.00193424
-0.00178055
-0.00150223
-0.00123247
-0.000962502
-0.00123276
-0.00146719
-0.00170366
-0.00180002
-0.00181238
-0.00183023
-0.00188756
-0.00203518
-0.00217671
-0.00231845
-0.0018642
-0.00144943
-0.00103262
-0.000919956
-0.000989823
-0.00104772
-0.00107536
-0.00103274
-0.000994727
-0.000956468
-0.00101799
-0.00108405
-0.00114972
-0.00109883
-0.000977927
-0.000861704
-0.000826217
-0.000974179
-0.00111011
-0.00124665
-0.00158201
-0.00192623
-0.00226944
-0.00246495
-0.00257154
-0.00268371
-0.00268955
-0.0024554
-0.00223693
-0.00201774
-0.00179955
-0.00158164
-0.001364
-0.00134412
-0.00144321
-0.00153459
-0.0017139
-0.00209151
-0.00245601
-0.00282089
-0.00242917
-0.00208605
-0.00174028
-0.00131458
-0.000840831
-0.000370732
0.0001376
0.000732875
0.00132189
0.00191056
0.00157468
0.00129763
0.00101721
0.000976296
0.00107953
0.00117354
0.00130435
0.00151742
0.00172504
0.00193274
0.00206571
0.00219493
0.00232422
0.00232796
0.00225601
0.0021889
0.00210286
0.00197449
0.00184892
0.00172334
0.00218675
0.00267823
0.00316734
0.00349853
0.00373423
0.00397558
0.0041066
0.00398855
0.00388612
0.00378285
0.00349681
0.00322245
0.00294771
0.00279528
0.00271673
0.0026337
0.00256341
0.00252125
0.0024774
0.00243371
0.00210851
0.00180106
0.00149289
0.00151824
0.00174497
0.00195905
0.00225455
0.00273335
0.00320031
0.00366743
0.00347908
0.00325838
0.00303993
0.00285609
0.00269332
0.00252946
0.00231981
0.00200578
0.0016985
0.00139119
0.00107947
0.000768404
0.000457675
0.000234165
6.35007e-05
-0.000110165
-0.000247549
-0.000303278
-0.000363888
-0.000424128
-0.000154237
0.000132009
0.00041692
0.000777371
0.00118333
0.00158605
0.00177026
0.00145853
0.00117705
0.000894089
0.000484088
8.22197e-05
-0.000319655
-0.000566078
-0.000718287
-0.000875964
-0.000968268
-0.000913135
-0.000866897
-0.000820181
-0.000917475
-0.00100604
-0.00109503
-0.00115087
-0.00118663
-0.00122354
-0.00122108
-0.00112941
-0.00104316
-0.000956687
-0.000934331
-0.000915298
-0.00089609
-0.000908208
-0.000939303
-0.000969236
-0.00103367
-0.00117636
-0.00131426
-0.00145227
-0.00123814
-0.00104506
-0.000850963
-0.000895859
-0.00108565
-0.00126668
-0.00132576
-0.00110684
-0.000904533
-0.000701487
-0.0008406
-0.000997421
-0.00115302
-0.00126372
-0.00134708
-0.00143194
-0.00141709
-0.00117598
-0.000948384
-0.000720266
-0.000379266
-4.52548e-05
0.000288775
0.000309727
0.000140564
-1.73291e-05
-0.000175695
-0.000333849
-0.000491831
-0.00064964
-0.000547866
-0.000461276
-0.000373906
-0.000176445
8.78585e-05
0.000347986
0.000510648
0.000451614
0.000405462
0.00035862
0.000239669
0.000116999
-5.31474e-06
-0.000164186
-0.000345207
-0.000524744
-0.000656037
-0.000677734
-0.000705704
-0.000733281
-0.00047633
-0.000235998
5.01143e-06
0.000191985
0.000346045
0.000501813
0.000828486
0.00154421
0.00223688
0.00293008
0.00306494
0.00316959
0.00327584
0.00315396
0.00289335
0.00264093
0.00236765
0.00204763
0.00173063
0.00141381
0.00134085
0.00125414
0.00116831
0.00120554
0.00131771
0.00142552
0.00155556
0.00173576
0.00191293
0.00209006
0.00203407
0.00199129
0.00194781
0.00188415
0.00180819
0.001733
0.00179998
0.00219034
0.00256209
0.00293447
0.0029529
0.00295191
0.00295201
0.00275037
0.00242587
0.00210861
0.00187926
0.00185037
0.00181032
0.00177094
0.0019691
0.0021538
0.00233904
0.00224906
0.0019913
0.00174315
0.00147595
0.00116628
0.000859304
0.000552522
0.000756376
0.000988352
0.00121851
0.00102545
0.000574147
0.000137635
-0.000200661
-0.000314184
-0.00044
-0.000564999
-0.000377617
-0.000207672
-3.69536e-05
0.000220952
0.000532019
0.000839818
0.000983941
0.000755576
0.000547928
0.000339371
-2.54907e-05
-0.000381378
-0.000737367
-0.000647484
-0.000285295
6.15921e-05
0.000352609
0.000515002
0.000684246
0.00085293
0.0012526
0.0016649
0.00207607
0.00251459
0.00296963
0.00342327
0.00362276
0.00324414
0.00289734
0.00254919
0.00223299
0.0019154
0.00159823
0.00138668
0.0012398
0.00108957
0.000936787
0.000777522
0.000618779
0.000460179
0.000865623
0.00130281
0.00173781
0.0019039
0.00190535
0.00191567
0.00195535
0.00206301
0.0021669
0.00227087
0.00181547
0.00139058
0.00096451
0.000627331
0.000344633
5.93188e-05
-0.00018029
-0.000316537
-0.000458166
-0.000599357
-0.000748608
-0.00089727
-0.00104581
-0.000768434
-0.000230377
0.000293218
0.000599791
0.000410974
0.000248709
8.52043e-05
-0.00019723
-0.000486283
-0.000774678
-0.000921013
-0.000980248
-0.00104404
-0.00114459
-0.00132956
-0.00150987
-0.00169023
-0.00170312
-0.00172485
-0.00174608
-0.00139547
-0.000817078
-0.000251301
5.26744e-05
-0.000240596
-0.000502124
-0.000765046
-0.00105811
-0.00135267
-0.00164684
-0.0018176
-0.00191262
-0.00201151
-0.00212201
-0.00225956
-0.00239555
-0.00253148
-0.00236153
-0.00220774
-0.00205327
-0.00200146
-0.00201261
-0.00202046
-0.00187934
-0.00139833
-0.000935523
-0.000472249
-0.000708536
-0.000985831
-0.00126071
-0.00148536
-0.00167904
-0.00187412
-0.00202089
-0.00205797
-0.0021007
-0.0021431
-0.00219518
-0.00224778
-0.00230031
-0.00215115
-0.00187821
-0.00161194
-0.00131952
-0.000924463
-0.000535103
-0.000145851
-1.11836e-05
0.000108219
0.000228284
0.000306125
0.000358027
0.000411207
0.000394472
0.000218567
5.10051e-05
-0.000116813
-0.000139756
-0.000154026
-0.000168725
-0.000104582
7.97462e-06
0.000117942
0.000224298
0.000316206
0.000408758
0.000501183
0.000448955
0.000388095
0.000327737
0.000333109
0.000378907
0.000422603
0.000463264
0.000496813
0.00053069
0.000564515
0.000299174
1.60454e-05
-0.000265896
-0.000559579
-0.000860346
-0.00116045
-0.00135891
-0.00132591
-0.00130462
-0.00128277
-0.00124935
-0.00121526
-0.00118123
-0.00119676
-0.00124276
-0.00128719
-0.00125023
-0.000891909
-0.000550095
-0.000207794
-0.000395709
-0.000615673
-0.000833809
-0.000747421
-0.000473546
-0.000209334
-2.46349e-05
-2.20916e-05
-1.0443e-05
7.3891e-07
-0.0133367
-0.0274768
-0.0415628
-0.0556374
0.00393303
0.00125272
0.00157141
0.00132549
0.00110791
0.000889138
0.000445627
-1.1269e-05
-0.000467046
-0.000746474
-0.000917128
-0.001093
-0.00123184
-0.00128699
-0.00134624
-0.00140522
-0.00114484
-0.000865052
-0.000586498
-0.000251591
0.000117895
0.000485311
0.000717234
0.000640219
0.000578499
0.000516087
0.000559367
0.000609132
0.00065853
0.000711313
0.000766155
0.000820841
0.0009362
0.00129122
0.00163415
0.00197733
0.0018634
0.00172122
0.00158056
0.00160978
0.00174383
0.00187262
0.00212572
0.00266209
0.00318413
0.00370635
0.00386291
0.00399658
0.00413123
0.00396606
0.00361596
0.00327519
0.00295983
0.00274559
0.00252665
0.00230815
0.00204355
0.00177629
0.00150943
0.00135815
0.00127827
0.00119502
0.00123779
0.00156777
0.00188355
0.00219971
0.00254172
0.00288506
0.00322801
0.00308433
0.00264018
0.00221093
0.00183162
0.00156746
0.00129801
0.00102908
0.000621722
0.000206001
-0.00020892
-0.000327196
-0.000262151
-0.000205952
-0.000179502
-0.00027207
-0.000358854
-0.000445833
-0.000535326
-0.000624903
-0.000714391
-0.00050959
-0.000122981
0.000254589
0.000531166
0.000576588
0.000632974
0.000688785
0.000609938
0.000522618
0.000435784
0.000374921
0.00033015
0.000284657
0.000268855
0.000370056
0.000465615
0.000561352
0.000367733
0.000155867
-5.49351e-05
-0.000173605
-0.000235223
-0.000299477
-0.000393365
-0.000555309
-0.00071389
-0.00087248
-0.000936493
-0.000994413
-0.00105257
-0.000836001
-0.000449546
-7.14411e-05
0.000231889
0.00036397
0.000503967
0.00064346
0.000612863
0.000571389
0.000530465
0.000263
-0.000144573
-0.000545208
-0.000890224
-0.00101535
-0.00115063
-0.00128531
-0.00137151
-0.00145452
-0.0015376
-0.00158161
-0.00160141
-0.00162233
-0.00149632
-0.00103479
-0.000589288
-0.000143458
-1.48503e-05
9.3189e-05
0.000202083
0.000163064
3.24723e-05
-9.37528e-05
-0.000234907
-0.000434584
-0.000631368
-0.000828103
-0.000860669
-0.000882582
-0.000904967
-0.000907154
-0.000896841
-0.000887115
-0.000891294
-0.000927302
-0.000961811
-0.000996357
-0.00113232
-0.00127475
-0.00141676
-0.00104455
-0.000353735
0.000321812
0.000802012
0.000834948
0.000888369
0.000940803
0.00119472
0.00146156
0.00172756
0.00181318
0.00178691
0.00176577
0.00187254
0.0024856
0.00307499
0.00366492
0.00370062
0.00370006
0.00370117
0.00376431
0.00386598
0.0039658
0.00395468
0.0036899
0.00343689
0.00318357
0.00292456
0.00266539
0.00240645
0.00245422
0.00269226
0.00292147
0.00306037
0.00284144
0.0026389
0.0024358
0.00243265
0.00244265
0.00245204
0.00242862
0.00238483
0.00234199
0.00229197
0.00222559
0.00216001
0.00209446
0.00198784
0.0018786
0.00176957
0.00176769
0.00183232
0.00189391
0.00188293
0.00170576
0.00153621
0.00136646
0.00117251
0.000977116
0.000781958
0.000579499
0.000372573
0.000166031
-1.29886e-06
-1.41261e-05
-3.38394e-05
-5.32278e-05
-0.000253864
-0.00046637
-0.000678159
-0.000807992
-0.000886851
-0.000967909
-0.00107474
-0.00124083
-0.00140414
-0.00156742
-0.00152451
-0.0014679
-0.00141195
-0.00144078
-0.0015223
-0.00160142
-0.00168751
-0.001801
-0.00191318
-0.00202531
-0.00186245
-0.00168136
-0.00150123
-0.00136777
-0.0012634
-0.00115784
-0.00109034
-0.00110969
-0.00112519
-0.00114085
-0.00106212
-0.000977123
-0.00089248
-0.000906198
-0.000981088
-0.00105323
-0.00111933
-0.00117143
-0.0012241
-0.0012767
-0.0014467
-0.00162444
-0.0018017
-0.0018427
-0.00179893
-0.0017589
-0.00170658
-0.00160618
-0.00150797
-0.00140976
-0.00145917
-0.00151849
-0.00157733
-0.00149433
-0.00132307
-0.00115581
-0.00103422
-0.00101731
-0.000995862
-0.000974631
-0.000899504
-0.000820796
-0.000742311
-0.000595654
-0.000406612
-0.000219572
-2.43348e-05
0.00020345
0.000429629
0.000655681
0.000636183
0.000600068
0.000564702
0.000453936
0.000296279
0.000140781
7.43048e-05
0.000211579
0.000339952
0.000468598
0.000479806
0.00048303
0.000486595
0.000403339
0.000266043
0.000131188
8.28624e-05
0.000232655
0.000373816
0.000515227
0.000536563
0.000549706
0.000563189
0.000565813
0.000561682
0.000557842
0.000620073
0.000943627
0.00125574
0.00156807
0.00143878
0.00127943
0.00112149
0.00129626
0.00167835
0.00205128
0.00224572
0.00203114
0.00183415
0.00163658
0.00181395
0.00201684
0.00221849
0.00247174
0.00275705
0.00304076
0.00329629
0.00344078
0.00358985
0.0037386
0.00361936
0.00348181
0.00334515
0.003267
0.00322538
0.00318224
0.00312283
0.00302594
0.00293071
0.00283549
0.002625
0.00240674
0.00218899
0.00212374
0.00215365
0.00217954
0.00214743
0.00198222
0.00182273
0.00166314
0.00180487
0.00196729
0.00212871
0.0022397
0.00231916
0.00239988
0.00245206
0.00239177
0.00233624
0.00228055
0.00238682
0.00250422
0.00262105
0.00258597
0.00245609
0.00233027
0.00222099
0.00214983
0.00207715
0.00200459
0.00180401
0.00159471
0.00138594
0.00118849
0.000998165
0.000807706
0.000620741
0.000447105
0.000273061
9.91777e-05
0.000210371
0.000341305
0.000471312
0.000492084
0.000444613
0.000400004
0.000445856
0.000699108
0.00094358
0.00118821
0.00107476
0.000936421
0.000799227
0.000653852
0.000503438
0.000353356
0.000223294
0.000138953
5.27999e-05
-3.32078e-05
-0.00010477
-0.00017527
-0.000245756
-0.000293147
-0.000326096
-0.000359609
-0.000401488
-0.000476637
-0.000550362
-0.000624084
-0.000601699
-0.0005726
-0.000543799
-0.000381155
-0.000134917
0.000107704
0.000262983
0.000218104
0.000181431
0.000144454
-6.48168e-05
-0.000286034
-0.000506583
-0.000530285
-0.000430905
-0.000336615
-0.000266504
-0.000292661
-0.000314883
-0.000337248
-0.000294231
-0.000246645
-0.000199283
-0.000340776
-0.000600328
-0.000854884
-0.00100199
-0.000902705
-0.00081348
-0.00072392
-0.000644051
-0.000564921
-0.000485826
-0.000457481
-0.000460889
-0.000463012
-0.000462671
-0.000456566
-0.000450699
-0.000444826
-0.000275073
-9.38538e-05
8.67576e-05
-3.78993e-06
-0.000263976
-0.000517133
-0.00076003
-0.000961807
-0.00116507
-0.00136812
-0.00139043
-0.00139992
-0.00140991
-0.00138125
-0.00132843
-0.00127661
-0.00119949
-0.00106439
-0.000931721
-0.000799061
-0.000654036
-0.000508235
-0.000362582
-0.000207027
-4.53188e-05
0.000116015
0.000246594
0.000255785
0.000269804
0.00028362
8.13794e-05
-0.000136099
-0.000352799
-0.000278014
-2.07228e-05
0.000229113
0.00035656
0.000203074
6.0858e-05
-8.16921e-05
0.000369855
0.000863468
0.00135502
0.00165329
0.00183037
0.00201211
0.00214752
0.00217737
0.00221137
0.00224517
0.00241351
0.00259134
0.00276866
0.00282424
0.00280354
0.00278586
0.00269753
0.00232996
0.00197367
0.00161722
0.00192088
0.00227163
0.00262025
0.00249909
0.00208352
0.00167984
0.00137932
0.00148805
0.00158065
0.0016738
0.00188763
0.00210997
0.0023318
0.00223376
0.00193524
0.00164479
0.00141853
0.00144695
0.0014654
0.00148422
0.00152963
0.00157692
0.0016241
0.00157199
0.00145764
0.0013458
0.00127644
0.00137537
0.00146767
0.00156016
0.00143095
0.00128585
0.00114147
0.000988849
0.000831118
0.000673708
0.000525057
0.000410769
0.000295237
0.000179842
0.00030536
0.000448202
0.000590263
0.00052825
0.000338232
0.000153309
-3.84519e-05
-0.000256928
-0.000474203
-0.000691358
-0.000646354
-0.000582396
-0.000519218
-0.000431371
-0.00032809
-0.000225483
-0.000125784
-3.74612e-05
5.12308e-05
0.00013984
-0.000188777
-0.000547446
-0.000904686
-0.00103364
-0.00101926
-0.0010104
-0.000960607
-0.000749597
-0.000544925
-0.000340167
-0.000278615
-0.000227517
-0.000176059
-0.000213324
-0.000306259
-0.000396996
-0.000436002
-0.000270045
-0.000112039
4.61506e-05
-8.18288e-05
-0.000230571
-0.000378408
-0.000550349
-0.000737356
-0.000923646
-0.0010854
-0.0011503
-0.00121883
-0.00128717
-0.00126221
-0.00123045
-0.00119898
-0.00109442
-0.000943991
-0.000795419
-0.000690757
-0.000759913
-0.000822432
-0.000885156
-0.00072382
-0.000546205
-0.000369339
-0.000364611
-0.000468027
-0.000567279
-0.000671359
-0.000794154
-0.00091615
-0.00103808
-0.00103035
-0.00101312
-0.000996263
-0.000976381
-0.000954615
-0.000932936
-0.000923448
-0.000962205
-0.00099912
-0.00103608
-0.000978747
-0.000914532
-0.000850624
-0.000975313
-0.00121849
-0.00145705
-0.00162509
-0.00151373
-0.00141292
-0.00131179
-0.00144857
-0.00160276
-0.00175618
-0.00180115
-0.00177791
-0.00175724
-0.00168929
-0.00143443
-0.00118673
-0.000938951
-0.000799149
-0.000667399
-0.000535447
-0.000488166
-0.000494125
-0.000498098
-0.000532606
-0.000687767
-0.000838328
-0.000988948
-0.000812221
-0.000611436
-0.000411692
-0.000173147
8.97131e-05
0.000351477
0.000541727
0.000449148
0.000367113
0.000284749
0.000563806
0.00086942
0.00117383
0.00121935
0.00110201
0.000990764
0.000892109
0.000843966
0.000793994
0.000744127
0.00092257
0.00111782
0.00131231
0.00124053
0.00100122
0.000768263
0.000594652
0.000656543
0.00070973
0.000763198
0.00102803
0.00130838
0.00158795
0.00150411
0.00119158
0.000887674
0.000661298
0.000742637
0.000812646
0.000883018
0.000928369
0.00097183
0.00101533
0.000973466
0.000877891
0.000784349
0.000721425
0.000779883
0.000833868
0.000887977
0.001135
0.00139624
0.00165678
0.00155365
0.00122159
0.000898107
0.000619274
0.000517856
0.000410061
0.000302576
0.000246691
0.000194696
0.000142597
9.46935e-05
4.94409e-05
4.12496e-06
-2.60579e-05
3.60219e-06
3.10726e-05
5.86024e-05
-4.73318e-06
-7.48243e-05
-0.00014462
-0.000150553
-0.000116258
-8.3441e-05
-6.94372e-05
-0.000130108
-0.000188039
-0.000246028
-0.00017115
-8.63656e-05
-1.99926e-06
-9.34652e-05
-0.00029568
-0.000493761
-0.000617172
-0.000444583
-0.000282765
-0.000120677
-7.43937e-05
-3.6831e-05
1.01794e-06
2.03961e-05
2.81388e-05
3.62934e-05
1.60016e-05
-0.000116918
-0.000245706
-0.00037455
-0.000580468
-0.00079205
-0.00100328
-0.00110001
-0.00112456
-0.00115167
-0.00115589
-0.00106979
-0.000986988
-0.000904125
-0.000870962
-0.000841564
-0.000812053
-0.000734657
-0.000627095
-0.000520685
-0.000461342
-0.000588429
-0.000708791
-0.000829307
-0.000938093
-0.00104593
-0.00115372
-0.00126949
-0.00139026
-0.00151077
-0.00156808
-0.00137523
-0.00119138
-0.00100734
-0.000961641
-0.000926423
-0.000890858
-0.000794756
-0.000660496
-0.00052768
-0.00041722
-0.00039527
-0.000370207
-0.000345272
-0.000577476
-0.000829
-0.00107966
-0.00119612
-0.00122789
-0.00126263
-0.00126115
-0.00111666
-0.000977305
-0.000837871
-0.000466307
-7.73746e-05
0.000310673
0.000536943
0.000661084
0.000788726
0.000851838
0.000659997
0.000477235
0.000294284
0.000362009
0.000448729
0.000534722
0.000504138
0.000399991
0.000298491
0.000209269
0.00016886
0.000126772
8.47725e-05
0.000215279
0.000358826
0.000501818
0.000586065
0.000633206
0.000681609
0.000768698
0.00100938
0.00124455
0.00147974
0.00117539
0.000830124
0.00048652
0.000352538
0.000350938
0.000344738
0.000297811
8.88271e-05
-0.000114385
-0.000317656
-0.000231213
-0.000122715
-1.50576e-05
-3.78636e-05
-0.000143049
-0.000245307
-0.000346769
-0.000444882
-0.000543042
-0.000641133
-0.000708038
-0.000772518
-0.000837037
-0.000888746
-0.000932356
-0.000976215
-0.00103642
-0.00116151
-0.00128427
-0.00140704
-0.00154851
-0.00169133
-0.00183401
-0.00172795
-0.00146482
-0.00120728
-0.001
-0.000992198
-0.000977546
-0.00096314
-0.000926258
-0.000887676
-0.000849178
-0.000954879
-0.00115164
-0.00134515
-0.00146239
-0.00127723
-0.00110256
-0.000927656
-0.00116822
-0.00144054
-0.00171158
-0.00172173
-0.001567
-0.00141801
-0.00127172
-0.00113661
-0.00100121
-0.000865916
-0.000930697
-0.00101082
-0.00109038
-0.00120571
-0.00134362
-0.00148067
-0.00157974
-0.0015284
-0.00148221
-0.00143588
-0.00147765
-0.00152619
-0.00157446
-0.0014798
-0.00129482
-0.00111302
-0.000989115
-0.00109471
-0.00119245
-0.0012904
-0.00135963
-0.00142661
-0.00149361
-0.00153068
-0.0015488
-0.00156756
-0.00159521
-0.00165826
-0.00172006
-0.00178187
-0.00174511
-0.00170077
-0.0016567
-0.0014599
-0.00116657
-0.000876692
-0.000691058
-0.000918558
-0.00113199
-0.00134576
-0.00133363
-0.00130403
-0.00127504
-0.00134563
-0.00147919
-0.00161054
-0.00169631
-0.00160131
-0.00151244
-0.00142343
-0.00128875
-0.00115061
-0.00101268
-0.00103283
-0.00115296
-0.00126967
-0.00136889
-0.00139857
-0.00143055
-0.00146244
-0.00142139
-0.0013747
-0.00132823
-0.0101479
-0.0245745
-0.0388044
0.000743391
-0.00076653
-0.000906853
-0.00109272
-0.000711869
-0.000287378
0.000135378
0.000311192
0.000330679
0.000355352
0.000382005
0.000417247
0.00045218
0.000487101
0.000412437
0.00032929
0.000246479
0.000212045
0.00020824
0.000203423
0.000193191
0.000161346
0.000130238
9.91262e-05
0.000245822
0.000406287
0.00056619
0.000726589
0.000887255
0.00104781
0.0011258
0.000876745
0.000638651
0.000400352
0.000331323
0.000275541
0.000219359
0.000230535
0.000284342
0.00033671
0.000381041
0.000393416
0.000406835
0.000420211
0.000274892
0.000117257
-3.98695e-05
2.84973e-05
0.000239638
0.000445955
0.0005828
0.000443948
0.000314227
0.000184292
0.000245679
0.000322001
0.000397783
0.000267087
5.64627e-06
-0.000251346
-0.000463351
-0.000496884
-0.000536228
-0.000575356
-0.000701753
-0.000834914
-0.000967767
-0.000985844
-0.000931213
-0.000878988
-0.000813553
-0.000695946
-0.000580115
-0.000464301
-0.000608683
-0.000773397
-0.000937342
-0.00104599
-0.00111957
-0.00119424
-0.00124251
-0.00118641
-0.00113374
-0.00108098
-0.00123887
-0.00141322
-0.00158692
-0.00163037
-0.00159127
-0.00155486
-0.00151345
-0.0014525
-0.00139222
-0.00133196
-0.00137846
-0.00143334
-0.0014879
-0.00155399
-0.00162735
-0.00170043
-0.00176709
-0.00180837
-0.00185044
-0.00189246
-0.00181225
-0.00172245
-0.00163302
-0.00158732
-0.00156934
-0.00155048
-0.00155514
-0.00165293
-0.00174767
-0.00184244
-0.00200902
-0.00218116
-0.00235301
-0.00240095
-0.00237033
-0.00234224
-0.00231509
-0.0022919
-0.0022686
-0.00224531
-0.00204471
-0.00183022
-0.00161631
-0.00156339
-0.00161256
-0.00165844
-0.00173376
-0.00192545
-0.00211331
-0.00230117
-0.00236091
-0.00241048
-0.00246034
-0.00244507
-0.00238851
-0.00233329
-0.00228449
-0.00226118
-0.00223708
-0.00221302
-0.00231483
-0.00242655
-0.00253788
-0.00262075
-0.00268553
-0.00275084
-0.00281786
-0.00289182
-0.00296551
-0.00303917
-0.00299078
-0.00293274
-0.00287504
-0.0028212
-0.00276982
-0.0027184
-0.00268186
-0.00270423
-0.00272472
-0.00274526
-0.00284514
-0.00295126
-0.00305711
-0.00309405
-0.00308726
-0.00308186
-0.00306969
-0.00303086
-0.00299289
-0.00295492
-0.00301499
-0.00308282
-0.00315036
-0.00315159
-0.00311074
-0.00307124
-0.00305398
-0.00312505
-0.0031933
-0.0032616
-0.00328443
-0.00330362
-0.00332292
-0.00330471
-0.0032627
-0.00322147
-0.00319957
-0.00325436
-0.00330672
-0.00335912
-0.00332605
-0.00328619
-0.00324656
-0.00324466
-0.00326671
-0.00328799
-0.00331777
-0.00338116
-0.00344347
-0.00350577
-0.00350755
-0.00350451
-0.00350162
-0.00350151
-0.00350318
-0.00350478
-0.00351396
-0.00355319
-0.00359145
-0.00362972
-0.00360514
-0.00357554
-0.00354612
-0.0035337
-0.00353207
-0.00353011
-0.00355245
-0.00367115
-0.00378678
-0.00390244
-0.00392237
-0.00393464
-0.00394714
-0.00393037
-0.00389503
-0.00386028
-0.00383302
-0.0038355
-0.00383705
-0.00383863
-0.00378704
-0.00373123
-0.00367558
-0.00365532
-0.00365754
-0.00365907
-0.00367018
-0.00371922
-0.00376707
-0.00381492
-0.00380722
-0.00379507
-0.00378306
-0.00379205
-0.00381437
-0.00383626
-0.00386234
-0.00392585
-0.00398817
-0.00405049
-0.00408901
-0.00403322
-0.00398037
-0.00392746
-0.00391275
-0.00390642
-0.00389983
-0.00390257
-0.00391433
-0.0039258
-0.00393727
-0.00394874
-0.0039602
-0.00397165
-0.0039831
-0.00396958
-0.00393188
-0.00389494
-0.00386206
-0.00386559
-0.003868
-0.00387045
-0.00389215
-0.00391806
-0.00394382
-0.00397769
-0.00401941
-0.00406086
-0.00409329
-0.00404487
-0.00399895
-0.00395298
-0.00392328
-0.00389716
-0.00387094
-0.00387287
-0.00390205
-0.00393038
-0.00396019
-0.0040032
-0.00404578
-0.00408835
-0.00406834
-0.0040346
-0.0040013
-0.00398322
-0.00397988
-0.0039761
