0
0.0136659
0.0121883
0.0119786
0.0116639
0.01179
0.0121667
0.0125221
0.0126407
0.0122239
0.0118521
0.0114771
0.0113532
0.0112367
0.0111197
0.011006
0.0108941
0.0107823
0.0106408
0.0104324
0.0102298
0.0100271
0.0098429
0.00965752
0.00947254
0.00938082
0.00934357
0.00930195
0.00916377
0.00880757
0.00846967
0.00813084
0.00831646
0.00845926
0.00860529
0.00834453
0.00784647
0.0073684
0.0071513
0.00752387
0.00784829
0.00817606
0.00932972
0.0105069
0.0116802
0.0109915
0.0092139
0.0075265
0.00647353
0.00686113
0.00713287
0.00741344
0.00880784
0.0102349
0.0116571
0.0113317
0.00998298
0.00871785
0.00772525
0.00735876
0.00694316
0.00653212
0.00764162
0.00879775
0.00994837
0.00990177
0.00915322
0.00846125
0.00780534
0.00723956
0.00666758
0.00609699
0.0070527
0.00788701
0.00872955
0.0088295
0.00849415
0.0081934
0.0077951
0.00718281
0.0065882
0.00599314
0.00614041
0.0062296
0.00632317
0.00667003
0.0071657
0.00764903
0.00770525
0.00679818
0.00596719
0.0051316
0.00562634
0.00616494
0.00669932
0.00708157
0.00737396
0.00767283
0.00758854
0.00664275
0.0057647
0.00488278
0.00470781
0.00455716
0.00440487
0.0055598
0.00748345
0.00934533
0.0102118
0.0088279
0.00761787
0.00639642
0.00593613
0.00550277
0.00506803
0.00585492
0.00736109
0.00881036
0.00950786
0.00850353
0.00762964
0.00674721
0.00589891
0.00504932
0.00420111
0.00448474
0.00543579
0.00633511
0.00702339
0.00722853
0.00746969
0.00770778
0.00654916
0.00549706
0.00443855
0.00372515
0.00321552
0.00269141
0.00295687
0.00499959
0.00690663
0.00882095
0.00762791
0.0063234
0.00502912
0.0039888
0.00309955
0.00220041
0.00150099
0.00124867
0.000963604
0.000681383
0.000483914
0.00028986
9.58404e-05
0.00181556
0.0046663
0.00742949
0.00864582
0.00636193
0.00433876
0.00229941
0.00162241
0.000997242
0.00036919
0.00018183
0.000255309
0.0003096
0.00129424
0.00437563
0.00729948
0.0102305
0.00812513
0.0063896
0.00462968
0.00325115
0.00209809
0.000930331
-5.25842e-05
-0.000622928
-0.00122234
-0.00181878
-0.00180198
-0.00182953
-0.00185385
-5.28043e-05
0.0028301
0.00563085
0.00703318
0.00526918
0.0037355
0.00218747
0.00137932
0.000600995
-0.000178349
-0.000565495
-0.000719697
-0.000890352
-0.000423039
0.00148222
0.00328205
0.00508683
0.00477634
0.00438253
0.00399522
0.00297907
0.00159011
0.000229621
-0.000797247
-0.00106823
-0.00139243
-0.0017124
-0.00163212
-0.00153585
-0.00144085
0.000229439
0.0028356
0.00537203
0.00669747
0.00527959
0.0040569
0.00282219
0.00169706
0.000565808
-0.000563426
-0.00129212
-0.001782
-0.00228792
-0.0026717
-0.00278293
-0.00291306
-0.0030417
-0.00292379
-0.00282325
-0.00272164
-0.00121317
0.00113261
0.00341687
0.00441601
0.002504
0.0007968
-0.00092224
-0.0018484
-0.00274053
-0.00363379
-0.0040627
-0.00421464
-0.00438552
-0.00451849
-0.00456912
-0.00462536
-0.00468113
-0.00375247
-0.00278354
-0.00181871
-0.000515034
0.00099002
0.00247919
0.00315996
0.00201248
0.00099179
-3.61795e-05
-0.0010567
-0.00207573
-0.00309346
-0.00369413
-0.00404544
-0.00441328
-0.00473799
-0.00496845
-0.00520501
-0.00544084
-0.00528325
-0.00515259
-0.00502028
-0.00336465
-0.000799413
0.00170076
0.00326703
0.00271432
0.00230552
0.00188756
0.000410161
-0.000993805
-0.00240083
-0.00342043
-0.00420804
-0.00501018
-0.00566513
-0.00599067
-0.00633788
-0.00668316
-0.00679334
-0.00689304
-0.00699331
-0.00704354
-0.00706384
-0.0070861
-0.00710619
-0.00712169
-0.00713748
-0.00715322
-0.00568425
-0.00415115
-0.00262436
-0.00177692
-0.00133702
-0.000870663
-0.000765034
-0.00147125
-0.00212277
-0.00277704
-0.00303445
-0.0032738
-0.00351402
-0.00266056
-0.00115198
0.000311428
0.00145788
0.00188218
0.00235342
0.00282096
0.00171589
0.000715517
-0.000290409
-0.00100174
-0.00153631
-0.00208175
-0.00246334
-0.00247641
-0.00251355
-0.00254907
0.000622633
0.00358098
0.00654938
0.00679668
0.00541094
0.00413325
0.00300853
0.0022445
0.00145805
0.000674076
0.000407665
0.000165431
-7.80547e-05
0.0011793
0.00333759
0.00543486
0.00671676
0.00614548
0.0056945
0.00523635
0.003782
0.00228294
0.000788682
-0.000148568
-0.000750387
-0.00137298
-0.00179334
-0.00175957
-0.00175495
-0.00174847
0.000396904
0.0026402
0.00487437
0.00524394
0.00449135
0.00381133
0.00297506
0.00179426
0.000636901
-0.000520473
-0.000938585
-0.00140316
-0.0018642
-0.0018605
-0.0015769
-0.00131141
-0.000199398
0.00282969
0.00573362
0.00864179
0.00663796
0.00494697
0.00323836
0.00268392
0.00282418
0.00292049
0.0034519
0.00496369
0.00641192
0.00786232
0.00665302
0.00531709
0.00399077
0.00306221
0.00237419
0.00167196
0.00103218
0.000530764
2.13292e-05
-0.000486968
0.00153569
0.00367892
0.00581196
0.00648389
0.00627386
0.00611897
0.00557075
0.004138
0.00276197
0.00138413
0.000713379
-3.75307e-07
-0.000710581
-0.00134264
-0.00192714
-0.00251385
-0.00301261
-0.00331311
-0.00362547
-0.00393672
-0.00421249
-0.0044901
-0.00476726
-0.00484026
-0.00478993
-0.00474725
-0.00395604
-0.00146724
0.000914354
0.0032996
0.00249536
0.0015336
0.000582656
-0.000472317
-0.00158929
-0.00270111
-0.0036254
-0.00412516
-0.00465019
-0.00517304
-0.00545867
-0.0057584
-0.0060569
-0.00628246
-0.00646377
-0.00664754
-0.00676066
-0.00671403
-0.00667714
-0.0066397
-0.00646269
-0.00627884
-0.00609562
-0.00609605
-0.00620762
-0.00631236
-0.0064245
-0.00655269
-0.00667976
-0.00680674
-0.00696135
-0.00711412
-0.00726681
-0.00735246
-0.00739747
-0.00744487
-0.00743702
-0.00730412
-0.00717887
-0.00705331
-0.00693347
-0.00681343
-0.00669354
-0.00672135
-0.00683863
-0.00695043
-0.00657021
-0.00507193
-0.00364199
-0.00220968
-0.00168485
-0.00120728
-0.000727472
-0.000962692
-0.00163116
-0.00227315
-0.00285239
-0.00328647
-0.00372863
-0.00416979
-0.00426293
-0.00437652
-0.00448877
-0.00459566
-0.00469921
-0.00480284
-0.00422929
-0.00211743
-9.85438e-05
0.00192344
0.00180913
0.00158346
0.00136459
0.00109439
0.00079341
0.000494588
0.000322666
0.000438926
0.000538196
0.000638344
0.00229512
0.0038591
0.00542666
0.00565582
0.00507231
0.00453681
0.00389966
0.00303718
0.0021888
0.00134059
0.0022072
0.00297328
0.0037443
0.00452477
0.00531088
0.00609575
0.00639347
0.00558495
0.00484131
0.00409478
0.00376402
0.00345569
0.00314643
0.00369585
0.00476701
0.00580691
0.00634526
0.00574084
0.00520279
0.00466154
0.0034017
0.00218452
0.000966297
0.000458628
0.000383307
0.000283325
0.000876323
0.00304149
0.00511435
0.00719011
0.00753306
0.00778233
0.00803665
0.00714146
0.00554725
0.00399464
0.00267878
0.00190447
0.00110028
0.000298693
-0.000113351
-0.000547024
-0.000978978
-0.00128493
-0.00151397
-0.0017471
-0.00195454
-0.00210444
-0.00225743
-0.00241007
-0.00254948
-0.00268947
-0.00282928
-0.00297575
-0.00312621
-0.00327628
-0.00270472
-0.000491834
0.00162636
0.00374749
0.00371411
0.00356264
0.00341796
0.00271385
0.00166927
0.000644898
-0.000253361
-0.000863611
-0.00148927
-0.00211337
-0.00213973
-0.0021994
-0.00225715
-0.00235861
-0.00248663
-0.00261303
-0.00262286
-0.00236745
-0.00212706
-0.00188609
4.29319e-05
0.00206369
0.00407711
0.00414966
0.0030376
0.00199233
0.00107677
0.000463433
-0.000165921
-0.000793695
-0.000667714
-0.000583447
-0.000496974
0.00104047
0.00346324
0.00583463
0.00727614
0.00659816
0.00603738
0.00547078
0.00410093
0.00277664
0.00145131
0.000436854
-0.00038738
-0.00122112
-0.00187674
-0.00212932
-0.00240365
-0.0026765
-0.00244192
-0.00217895
-0.00191782
-0.000159728
0.00251248
0.00513201
0.00661742
0.00551801
0.00456027
0.00359587
0.00243595
0.0012879
0.000140456
-0.000611885
-0.00112236
-0.00164538
-0.00202764
-0.00209177
-0.00217302
-0.00225326
0.000409134
0.00322522
0.00602997
0.00635547
0.00516386
0.00405522
0.002935
0.00179721
0.000661585
-0.000472935
-0.00121102
-0.00196959
-0.00272624
-0.0032325
-0.00358527
-0.00394588
-0.00423561
-0.00436538
-0.00450357
-0.00464116
-0.00439409
-0.00416782
-0.00394068
-0.00245086
-0.000188397
0.00203049
0.00338347
0.00276181
0.00224585
0.00172482
0.00102014
0.000305483
-0.000407888
-0.00106656
-0.00169143
-0.00231744
-0.00282187
-0.00305034
-0.00329317
-0.00353498
-0.00357319
-0.00362211
-0.00367041
-0.00199358
0.000739958
0.00341491
0.00497651
0.003998
0.00315421
0.00230421
0.0013967
0.000486629
-0.000422348
-0.00119013
-0.00187102
-0.00255576
-0.00312285
-0.00342327
-0.00373734
-0.00405036
-0.00410417
-0.00417147
-0.004238
-0.00416719
-0.00401214
-0.00386164
-0.00299248
-0.000485864
0.00193286
0.00435363
0.0039224
0.00332348
0.00273391
0.00197445
0.00111132
0.000254463
-0.000575578
-0.00134492
-0.00211662
-0.00288739
-0.00330687
-0.00370516
-0.00410413
-0.00424352
-0.00422349
-0.00421172
-0.00416319
-0.00397132
-0.00378703
-0.00360255
-0.00147181
0.000772717
0.00300909
0.00338894
0.00262801
0.00192645
0.00124857
0.000630788
1.05615e-05
-0.000608903
-0.00139782
-0.00219613
-0.00299314
-0.00350923
-0.00385246
-0.00420417
-0.00445952
-0.00433747
-0.00423481
-0.00413126
-0.00422664
-0.00433386
-0.00444037
-0.00456161
-0.00469185
-0.00482149
-0.00431047
-0.00233859
-0.000442877
0.00145478
0.00124037
0.000898888
0.000564191
0.000113495
-0.000408165
-0.000925709
-0.00138773
-0.00172334
-0.002065
-0.00240601
-0.00239598
-0.00236471
-0.00233455
-0.00218221
-0.00195479
-0.00173138
-0.00115111
0.000837448
0.00275324
0.00467076
0.00389871
0.00296391
0.00203821
0.00117859
0.000360259
-0.000459325
-0.0011172
-0.00140742
-0.00171573
-0.00202284
-0.0161547
-0.0311176
-0.0460241
-0.0609185
0.00352977
0.00328344
0.00554575
0.00482854
0.00426028
0.00368519
0.00266097
0.00161011
0.000561607
-0.000213466
-0.000819755
-0.00143381
-0.00191614
-0.00209962
-0.00229771
-0.00249488
-0.00111678
0.000357019
0.00182463
0.00326147
0.00467866
0.00609543
0.00693251
0.00644862
0.00603028
0.00560912
0.00456318
0.00347956
0.00239886
0.00194521
0.00187841
0.00179269
0.00199323
0.00331998
0.00459021
0.00586197
0.0048806
0.00376041
0.0026481
0.00197926
0.00158443
0.0011766
0.00151244
0.00354366
0.00549019
0.00743896
0.00785723
0.0081799
0.00850691
0.0076216
0.00598866
0.00439366
0.00293547
0.00202028
0.00107961
0.000141093
-0.000463315
-0.00104632
-0.00162979
-0.00192828
-0.00205078
-0.00218167
-0.00231123
-0.0024389
-0.00256654
-0.00269405
-0.000397958
0.00204815
0.00448467
0.00478568
0.00376753
0.00281388
0.0019382
0.00124657
0.000546756
-0.000151992
-0.000723365
-0.00128623
-0.00184896
-0.00220946
-0.00244491
-0.00268613
-0.00292518
-0.00315749
-0.0033899
-0.00362208
-0.00377583
-0.00392449
-0.00407326
-0.0026519
-0.000260667
0.00208204
0.0038724
0.004399
0.00498527
0.00556815
0.00433013
0.0029777
0.00163199
0.00169535
0.00263003
0.00352247
0.0043309
0.00480203
0.0052887
0.00577417
0.00432355
0.00275095
0.00118561
0.000173313
-0.000496406
-0.00118167
-0.00173301
-0.001981
-0.00224306
-0.00250421
-0.00267625
-0.00284245
-0.00300877
-0.0021636
-0.000692883
0.000747039
0.00221106
0.00372858
0.00524217
0.00675451
0.00684404
0.00684231
0.00684487
0.0055924
0.00356371
0.00157324
-0.000102373
-0.000532581
-0.00102058
-0.00150543
-0.00175442
-0.00198803
-0.00222214
-0.00239243
-0.00252317
-0.00265564
-0.00193348
0.000740957
0.0033221
0.00590518
0.00594756
0.00582601
0.00571218
0.00524476
0.00455872
0.00388346
0.00314788
0.00217414
0.00121232
0.000250841
-3.61463e-05
-0.00027924
-0.000524136
-0.000837588
-0.00119347
-0.00154707
-0.00187032
-0.0021244
-0.00238143
-0.00263809
-0.0028504
-0.00305965
-0.00326886
-0.00306575
-0.00260715
-0.00216071
-0.00192201
-0.00215885
-0.00237365
-0.00258927
-0.00289332
-0.00320289
-0.00351193
-0.00354199
-0.00339907
-0.00326418
-0.00284263
-0.00128937
0.00021079
0.00171201
0.00181458
0.00182565
0.00184089
0.00266686
0.00399553
0.00530011
0.00631757
0.0066777
0.00706739
0.00745538
0.00634817
0.00514381
0.00394495
0.00408793
0.00506354
0.00600054
0.00662573
0.00601416
0.0054591
0.00490199
0.0060531
0.00731564
0.008572
0.00842385
0.00740387
0.00642413
0.00573493
0.00571304
0.00566111
0.00561058
0.00588392
0.00617841
0.00647169
0.00558396
0.00396324
0.00237689
0.00121256
0.00101486
0.000773996
0.000535283
0.000217802
-0.000104627
-0.000426546
-0.000711473
-0.000973325
-0.00123598
-0.00122867
-0.00015519
0.000869738
0.00189592
0.00109889
0.000181474
-0.000729757
-0.00145904
-0.00207488
-0.00269523
-0.00317251
-0.00332381
-0.00348947
-0.00365434
-0.00381414
-0.00397348
-0.0041327
-0.00428178
-0.0044245
-0.00456738
-0.00469387
-0.00475594
-0.00482082
-0.00488551
-0.00482596
-0.00475817
-0.0046908
-0.0045729
-0.00442363
-0.00427588
-0.00417778
-0.00419323
-0.00420366
-0.0042143
-0.00416405
-0.00410977
-0.00405571
-0.00418311
-0.00442332
-0.00465836
-0.00488156
-0.0050774
-0.00527428
-0.00547093
-0.00551532
-0.00554946
-0.00558401
-0.0056549
-0.0057484
-0.00584082
-0.00584242
-0.00548501
-0.00514358
-0.00480176
-0.00413778
-0.00345262
-0.00276898
-0.00190762
-0.000935962
3.00465e-05
0.00104493
0.0021722
0.0032936
0.00441428
0.00417031
0.00383435
0.00350268
0.00360592
0.00397996
0.00434194
0.00489156
0.00618196
0.00743918
0.00869674
0.00854002
0.00828763
0.0080396
0.00778216
0.00751907
0.00725646
0.00741135
0.00852137
0.00958928
0.0106581
0.0107299
0.0107339
0.0107408
0.00995782
0.00868311
0.00743062
0.00657748
0.00663907
0.00666135
0.00668529
0.00722098
0.00779111
0.00835928
0.0078955
0.00678888
0.00571072
0.00480874
0.00460557
0.00437271
0.00414131
0.00302154
0.00184195
0.000665923
0.000792548
0.00173104
0.00263414
0.00290246
0.00171533
0.000591149
-0.000534754
-0.00079412
-0.000993967
-0.00119617
-0.00123252
-0.00116554
-0.001103
-0.00105921
-0.00109016
-0.00111792
-0.00114579
-0.00133759
-0.00154051
-0.00174278
-0.00183497
-0.00185847
-0.00188486
-0.00198463
-0.00225272
-0.00251348
-0.00277432
-0.00294121
-0.0031015
-0.00326193
-0.00339926
-0.00352214
-0.00364552
-0.00359101
-0.00312941
-0.00268531
-0.00224084
-0.00177272
-0.00130331
-0.000834353
-0.000408414
-9.44833e-06
0.000390313
0.000742486
0.000907552
0.00108031
0.0012526
0.00142819
0.00160387
0.0017794
0.00179005
0.0016978
0.00160992
0.00182261
0.0027239
0.00359576
0.00446811
0.00463899
0.0047611
0.00488513
0.004099
0.00274495
0.00141563
0.000275311
-0.000116478
-0.000539001
-0.000959899
-5.57133e-06
0.00104368
0.00208813
0.00231505
0.00203127
0.00176886
0.00174173
0.00225522
0.00274595
0.00323722
0.00313172
0.00298471
0.00283953
0.00246796
0.00195514
0.00144856
0.00113758
0.00127464
0.00139314
0.00151231
0.001517
0.00151369
0.00151072
0.0016288
0.0018225
0.00201294
0.00204945
0.00147683
0.000929649
0.000381873
0.000351658
0.000357712
0.000362278
0.0010741
0.00222769
0.00336228
0.00398312
0.00342652
0.00291842
0.00240877
0.00181732
0.00122054
0.000624473
0.00100158
0.00198697
0.00294679
0.00355444
0.0027667
0.00203632
0.00130421
0.00198514
0.00276502
0.00354024
0.00287155
0.00130002
-0.000233644
-0.000874019
0.000534112
0.00185817
0.00318455
0.00351807
0.00378131
0.00404719
0.00334011
0.00202473
0.000734971
4.95656e-05
0.000749904
0.0013938
0.00203945
0.00323467
0.00446789
0.00569859
0.00508214
0.00331013
0.00158602
9.6037e-05
-0.000463835
-0.00106061
-0.00165543
-0.00190401
-0.00212787
-0.00235254
-0.00218568
-0.00177385
-0.00137216
-0.000848323
-4.50862e-05
0.000746332
0.00153759
0.00159091
0.00159177
0.00159473
0.00163277
0.0016928
0.00175191
0.00179085
0.00174993
0.00171223
0.00167443
0.00149553
0.0013067
0.00111842
0.00117246
0.00137821
0.00157777
0.00151276
0.000841038
0.000193924
-0.000453653
0.00144818
0.00353055
0.00560412
0.00523103
0.00332549
0.00148211
0.000108383
-0.000185072
-0.000520993
-0.000854971
0.000406677
0.00178154
0.00315084
0.0036769
0.00367442
0.00369278
0.00340166
0.00188888
0.000425383
-0.0010389
0.00169834
0.00473474
0.00775698
0.00752122
0.00524367
0.00304807
0.00121914
0.000849361
0.00042265
-1.49514e-06
0.00128982
0.00270344
0.00411117
0.00420061
0.00346362
0.00275954
0.00200242
0.00103889
8.41685e-05
-0.000870149
4.87352e-05
0.00110179
0.00214878
0.00200366
0.00111105
0.000248257
-0.000330411
0.000218329
0.000722773
0.00122855
0.00142637
0.00160185
0.00177807
0.00169868
0.00145905
0.00122582
0.00111425
0.00148474
0.00183626
0.00218824
0.00302898
0.00390447
0.00477794
0.00448788
0.00346806
0.00247724
0.00153346
0.000778099
1.60425e-05
-0.000745168
-0.000830318
-0.000866448
-0.00090444
-0.000627451
-0.00015297
0.000313541
0.000875781
0.00181689
0.00274269
0.00366838
0.0022256
0.000611933
-0.000993931
-0.00177414
-0.00203583
-0.00231721
-0.0023454
-0.00137474
-0.000443103
0.000489318
0.00022442
-0.000127355
-0.000475538
-0.000810463
-0.00113689
-0.00146339
-0.00133704
0.00058166
0.00243048
0.00428056
0.00321676
0.00194138
0.000675032
-0.000278434
-0.00103499
-0.00179847
-0.00243769
-0.00258765
-0.0027561
-0.00292372
-0.00228197
-0.00158157
-0.000883918
-0.000454624
-0.000194026
7.2772e-05
0.000244776
4.29584e-05
-0.000144546
-0.000332451
0.000216846
0.000819699
0.00142007
0.00155673
0.00140203
0.00125845
0.00114044
0.00112501
0.00110573
0.00108661
0.000958488
0.000822464
0.000686839
0.000499941
0.000280886
6.32059e-05
-1.41334e-05
0.00046401
0.000920912
0.00137827
0.00179941
0.0022176
0.0026356
0.00214506
0.00108371
4.45565e-05
-0.000840581
-0.00111479
-0.00141167
-0.00170748
-0.0019827
-0.00225621
-0.00252958
-0.00211693
-0.00127316
-0.000446135
0.000340158
0.000964475
0.00159437
0.00222359
0.00137687
0.000421907
-0.000528309
-0.00104983
-0.00130158
-0.00156319
-0.00182565
-0.00209356
-0.00236107
-0.0026284
-0.00171223
-0.000709255
0.000289751
0.000913017
0.00129975
0.00169497
0.00182184
0.000887947
-5.9635e-06
-0.000900693
-0.00111644
-0.00128182
-0.00144893
-0.00164868
-0.00186894
-0.00208828
-0.0022979
-0.00246941
-0.0026422
-0.00281482
-0.00294206
-0.00306585
-0.00318968
-0.00329553
-0.00339004
-0.00348491
-0.00353258
-0.00339356
-0.0032615
-0.00312929
-0.0030623
-0.00300021
-0.00293797
-0.00302262
-0.00319967
-0.0033732
-0.00339809
-0.00283407
-0.00229203
-0.00174958
-0.00149904
-0.00127038
-0.00104109
-0.000789713
-0.000524489
-0.000259965
-1.09927e-05
0.000176852
0.000366791
0.000556515
0.00200829
0.00355319
0.00509357
0.00496289
0.00378016
0.00263659
0.00177703
0.00204575
0.00227325
0.00250209
0.00291008
0.00333119
0.00375152
0.0035656
0.00299797
0.0024446
0.00203135
0.0021741
0.0022966
0.00241974
0.00205597
0.00165602
0.00125766
0.00155418
0.0022883
0.00300607
0.00346305
0.00288607
0.00234684
0.00180664
0.00307028
0.00446827
0.00586041
0.00539353
0.00375558
0.00216099
0.000857033
0.000707369
0.000516291
0.00032684
0.0010227
0.00178458
0.00254354
0.00279266
0.00272043
0.00265978
0.00250947
0.00200547
0.00151451
0.00102343
0.00035102
-0.000334597
-0.00101925
-0.00127233
-0.00125336
-0.00124412
-0.00119788
-0.0010064
-0.000820238
-0.00063402
-0.000709762
-0.000805186
-0.00089984
-0.000316406
0.000694318
0.0016891
0.00238091
0.00187214
0.00140646
0.000939573
0.000926961
0.000948625
0.000969055
0.000405497
-0.00052613
-0.00144403
-0.00197073
-0.000947335
2.03641e-05
0.000989351
0.00109072
0.00112646
0.00116449
0.00073072
-4.11527e-07
-0.000720507
-0.00124613
-0.00100109
-0.000783462
-0.000565018
0.000384175
0.00138809
0.00238936
0.00184356
0.000322086
-0.00116393
-0.00236199
-0.00241716
-0.00251253
-0.00260642
-0.00250261
-0.00238387
-0.00226574
-0.00226705
-0.00234371
-0.00241768
-0.00250961
-0.00267249
-0.00283277
-0.00299303
-0.00312066
-0.00324574
-0.00337082
-0.00303981
-0.00242111
-0.00181292
-0.0012313
-0.000755168
-0.000275684
0.000203347
7.40935e-05
-0.000101352
-0.000275062
-0.00052438
-0.000821315
-0.00111638
-0.00105751
0.000403674
0.00181498
0.00322704
0.00269519
0.00201558
0.00134157
0.000847095
0.000466178
8.1579e-05
-0.000205639
-0.000108229
-2.42421e-05
6.01525e-05
0.000391462
0.000741411
0.00109047
0.00112955
0.000972896
0.000823133
0.00071112
0.000749365
0.000782384
0.000815561
0.000535621
0.000231922
-7.07468e-05
-0.000189115
-0.000191056
-0.000197014
-0.000165014
1.6865e-05
0.000193451
0.000370097
-0.000233407
-0.000896261
-0.00155661
-0.000983523
0.000368496
0.00169279
0.00259027
0.00179496
0.00105837
0.000320272
0.000186813
9.97867e-05
1.12267e-05
0.000156863
0.000450371
0.000738608
0.0010978
0.0017381
0.00236834
0.00299849
0.00172696
0.000310183
-0.00110066
-0.00162949
-0.00160081
-0.00159119
-0.00118594
0.000784966
0.00270109
0.00461778
0.00321892
0.00156595
-7.72422e-05
-0.000885785
-0.00116649
-0.00146497
-0.00159577
-0.00106494
-0.000556966
-4.85625e-05
0.000211968
0.000453252
0.000695026
0.000822549
0.000877843
0.00093555
0.000841162
0.000144302
-0.000531662
-0.00120788
-0.000932035
-0.000582924
-0.000236531
1.14373e-05
0.000197067
0.000384679
0.000430875
-8.28803e-05
-0.000577371
-0.00107218
-0.000988408
-0.000859994
-0.000733173
0.000165635
0.00155232
0.00292162
0.00370168
0.00214625
0.000670506
-0.00080693
-0.000596662
-0.000255962
8.01242e-05
-0.000165373
-0.000778708
-0.00137928
-0.00173474
-0.00111799
-0.000534287
5.0136e-05
7.53351e-05
5.71956e-05
4.05205e-05
-9.53085e-05
-0.00030644
-0.00051491
-0.000740456
-0.00103377
-0.00132461
-0.00161535
-0.00176461
-0.0019028
-0.00204127
-0.0115971
-0.0271085
-0.0424108
0.00614596
0.00250495
0.000606288
-0.00134917
-0.00153533
-0.00158412
-0.00163745
-0.00114523
-0.000308024
0.000517148
0.00122081
0.00144274
0.00168054
0.00191765
0.0011088
0.000219049
-0.000667431
-0.00120013
-0.00150876
-0.00182461
-0.00209259
-0.00217236
-0.0022583
-0.00234398
-0.000838557
0.000789965
0.00241334
0.00300107
0.00293302
0.00288669
0.00273451
0.00216538
0.00161039
0.0010553
0.000361162
-0.000343424
-0.0010472
-0.00146559
-0.00170321
-0.00194662
-0.00169606
0.00051189
0.002654
0.00479687
0.00371794
0.00238789
0.00106697
0.000820798
0.0012554
0.00166737
0.00190226
0.00143277
0.000986694
0.000540139
0.000672052
0.000849151
0.00102465
0.00086359
0.000489382
0.00012239
-0.000109945
0.0001919
0.00047609
0.000760672
0.000657608
0.000524231
0.000391931
0.000253453
0.000111116
-3.10026e-05
-3.26816e-05
0.000522298
0.00105878
0.00159552
0.00106834
0.000457981
-0.000149272
-0.000581612
-0.000902983
-0.00122775
-0.00123466
1.78458e-05
0.00122865
0.00244002
0.00134542
7.02681e-05
-0.0011982
-0.00117133
-0.000323592
0.000497009
0.00102438
0.000386988
-0.0002123
-0.000812432
-0.00113607
-0.00143777
-0.00173999
-0.00196806
-0.00214911
-0.00233156
-0.00229588
-0.00139571
-0.000524001
0.000348061
0.00100678
0.00164832
0.00229
0.0019818
0.00107161
0.000181388
-0.000597868
-0.000936169
-0.00128843
-0.00164002
-0.00195547
-0.00226789
-0.00258021
-0.00274613
-0.00281921
-0.00289522
-0.0029638
-0.0030034
-0.0030439
-0.00308435
-0.00242155
-0.00170359
-0.000987849
-0.00066839
-0.000600303
-0.00052422
-0.000601035
-0.00128309
-0.00194537
-0.00260786
-0.00283104
-0.00301936
-0.00320867
-0.00309434
-0.0027875
-0.00248699
-0.0022213
-0.0020939
-0.00196218
-0.00183068
-0.0022001
-0.00260898
-0.00301634
-0.00317254
-0.00316937
-0.00317127
-0.00319651
-0.00331498
-0.00343042
-0.00354588
-0.00355224
-0.00354995
-0.00354794
-0.00360802
-0.00370748
-0.00380564
-0.00384605
-0.00365746
-0.00347623
-0.00329489
-0.00353284
-0.00380395
-0.00407384
-0.00416359
-0.004139
-0.00411804
-0.00408519
-0.00400557
-0.00392747
-0.00384938
-0.00392094
-0.00400436
-0.00408735
-0.00417099
-0.00425502
-0.00433898
-0.00436221
-0.00414468
-0.00393485
-0.00372492
-0.00380482
-0.00390774
-0.00400987
-0.00412948
-0.00426013
-0.00439036
-0.00449682
-0.00450917
-0.00452447
-0.00453967
-0.0044754
-0.00440483
-0.0043345
-0.00436047
-0.00444756
-0.00453268
-0.00460414
-0.00462131
-0.00464016
-0.00465895
-0.00470669
-0.00475671
-0.00480662
-0.00485118
-0.00489231
-0.00493352
-0.00496194
-0.00493967
-0.004919
-0.0048983
-0.00488864
-0.00487988
-0.00487109
-0.00489812
-0.00494788
-0.00499691
-0.00503796
-0.00504736
-0.00505773
-0.00506807
-0.00507925
-0.00509049
-0.00510172
-0.00507605
-0.00502695
-0.00497861
-0.00494538
-0.00497209
-0.00499693
-0.00502182
-0.00507622
-0.00513295
-0.00518958
-0.00517584
-0.0051174
-0.00506039
-0.00502023
-0.00504705
-0.00507179
-0.00509658
-0.005102
-0.00510586
-0.00510978
-0.00511402
-0.00511848
-0.00512292
-0.00512612
-0.00511813
-0.00511049
-0.00510284
-0.00509899
-0.0051102
-0.00512094
-0.00513169
-0.00511965
-0.00510263
-0.00508578
-0.00508163
-0.00508978
-0.00509755
-0.00510533
-0.00511311
-0.00512088
-0.00512864
-0.0051364
-0.00512047
-0.00508159
-0.00504344
-0.00501064
-0.00502586
-0.0050396
-0.00505338
-0.005079
-0.0051072
-0.0051353
-0.0051257
-0.00507957
-0.00503457
-0.00499914
-0.00504949
-0.0050972
-0.00514496
-0.00512035
-0.00507988
-0.00503991
-0.00502782
-0.00504276
-0.00505687
-0.00506874
-0.0050604
-0.00505267
-0.00504493
-0.00503572
-0.00502619
-0.00501668
-0.00501578
-0.0050232
-0.00503037
