0
0.015062
0.0138643
0.0140329
0.0140878
0.0139831
0.0137791
0.0135838
0.0134687
0.0135352
0.0135865
0.0136391
0.0135065
0.0133689
0.013232
0.0130952
0.0129586
0.0128222
0.0126943
0.012585
0.0124743
0.012364
0.0121174
0.0118823
0.0116467
0.0114308
0.0112266
0.0110217
0.0108423
0.0107199
0.010593
0.0104667
0.0105043
0.0105285
0.0105538
0.0104176
0.0101873
0.00996493
0.00989046
0.0101496
0.0103814
0.0106151
0.0106072
0.010592
0.0105774
0.010202
0.00961597
0.00904774
0.00869716
0.00883836
0.00893999
0.00904462
0.0091042
0.00916231
0.00922045
0.0092075
0.00915295
0.00910179
0.00905298
0.00900995
0.00896653
0.00892321
0.00863251
0.00833439
0.00803732
0.00794617
0.00797582
0.00799589
0.00814573
0.00858599
0.00900268
0.00942058
0.00888319
0.00842168
0.00795494
0.00794949
0.00821442
0.00845776
0.00863057
0.00864111
0.00866431
0.00868649
0.00808608
0.00753513
0.00698118
0.00681944
0.00688798
0.00693852
0.00701108
0.00713007
0.00724528
0.0073606
0.00718164
0.00699306
0.00680552
0.00668838
0.00661276
0.00653406
0.00645573
0.00637754
0.00629947
0.0062215
0.00654576
0.0068833
0.00721931
0.00744067
0.00759437
0.007753
0.00783661
0.00775234
0.00768101
0.0076088
0.00732278
0.00702973
0.00673765
0.00652338
0.00635509
0.00618358
0.00612361
0.0063142
0.00648552
0.00665804
0.00641303
0.00619994
0.00598477
0.00574675
0.00549527
0.00524518
0.00497415
0.00465562
0.00434114
0.00402683
0.00403195
0.00401309
0.00399606
0.00464463
0.00568588
0.00669619
0.00719188
0.00652347
0.00594294
0.00535671
0.00502708
0.00470717
0.00438701
0.00408086
0.00378314
0.00348523
0.00351196
0.00427047
0.00497365
0.00567988
0.00548576
0.00525864
0.0050343
0.00475507
0.00444365
0.00413506
0.00387834
0.00373855
0.00359038
0.00344303
0.00331563
0.00318915
0.00306278
0.00363457
0.00461937
0.00557253
0.00613718
0.0058214
0.00557035
0.00531494
0.00505958
0.00480458
0.00454993
0.00411353
0.00356967
0.0030344
0.00259759
0.00238346
0.00215351
0.00192504
0.00277443
0.00354466
0.0043195
0.00466299
0.00475072
0.00485676
0.00489038
0.00476375
0.00464882
0.00453322
0.00399135
0.0034335
0.00287761
0.00249311
0.00221062
0.00192124
0.00201165
0.00295821
0.00384227
0.00472953
0.0049468
0.0051373
0.00532943
0.00500872
0.00438354
0.00378089
0.00326026
0.00292751
0.0025819
0.0022377
0.00196888
0.00170342
0.00143811
0.00125796
0.00112855
0.000995744
0.00110506
0.00176073
0.00237699
0.00299516
0.00360318
0.00421105
0.00481809
0.00463363
0.00397818
0.00335665
0.0027801
0.00230956
0.00183227
0.00135611
0.00116454
0.00095338
0.000743879
0.000550764
0.000367576
0.000183952
-1.66777e-05
-0.000256168
-0.000492627
-0.000728968
-0.000820582
-0.000906064
-0.000991853
-0.00112909
-0.00129695
-0.00146246
-0.0014874
-0.00119439
-0.000923713
-0.00065187
-0.000179118
0.000301514
0.000780943
0.00139725
0.00209489
0.00278599
0.00314689
0.00276117
0.00242712
0.00208998
0.0014285
0.000753996
8.13053e-05
-0.000354785
-0.000649324
-0.00095311
-0.00123046
-0.00145003
-0.00167324
-0.00189589
-0.00184151
-0.00180601
-0.00176929
-0.00162846
-0.00142543
-0.00122689
-0.000997561
-0.000698913
-0.000405352
-0.000111844
0.000239547
0.000586561
0.000933402
0.000818814
0.000428323
5.69123e-05
-0.000380564
-0.000965236
-0.00153925
-0.0021132
-0.00234849
-0.00256863
-0.00278949
-0.0027242
-0.00248772
-0.002263
-0.00210233
-0.0020881
-0.00206413
-0.00204083
-0.00218212
-0.00233055
-0.0024783
-0.0025655
-0.00261636
-0.00266956
-0.00270388
-0.00269592
-0.00269076
-0.00268543
-0.00254293
-0.00239444
-0.00224655
-0.00143515
-0.000226429
0.000954504
0.00174285
0.00163993
0.00159578
0.00154783
0.00108618
0.000652293
0.000217158
-0.00018282
-0.000561589
-0.00094125
-0.00120315
-0.00119911
-0.00121245
-0.00122464
-0.000896678
-0.000591329
-0.000284904
0.000518535
0.00162001
0.00270066
0.0035135
0.00371831
0.00396233
0.0042035
0.00378306
0.00333259
0.00288465
0.00239005
0.00186775
0.00134792
0.000896168
0.000598167
0.000290631
-1.58932e-05
-0.000209726
-0.00039809
-0.000586562
7.29195e-05
0.00124183
0.00237652
0.00316601
0.00316994
0.00322421
0.0032752
0.0026539
0.00200175
0.00135241
0.000926774
0.000636012
0.000337015
7.48697e-05
-0.000105469
-0.000290788
-0.000475555
0.00077883
0.00194013
0.00310587
0.00346699
0.00334382
0.00325151
0.00311818
0.00289628
0.00268026
0.00246414
0.00205607
0.00166065
0.00126493
0.000893069
0.000535731
0.000177929
-4.60239e-05
3.28826e-05
9.26421e-05
0.00015353
0.00101948
0.00192322
0.00282346
0.0029351
0.00257121
0.00223755
0.00179677
0.00111689
0.000452805
-0.00021144
-0.000339084
-0.000440553
-0.000543527
-0.000528465
-0.000442278
-0.000360624
9.20826e-05
0.001386
0.00262606
0.00386792
0.00366989
0.00356137
0.00344743
0.003056
0.00249703
0.0019491
0.00137589
0.000745986
0.00012036
-0.000504757
-0.000775981
-0.00106868
-0.00135969
-0.0014625
-0.00145155
-0.00144761
-0.00149205
-0.00164729
-0.00179555
-0.00194405
-0.00158197
-0.00119492
-0.000809884
-0.000229472
0.000468687
0.0011588
0.00149891
0.00104461
0.000639301
0.000231502
-0.000277586
-0.000779889
-0.00128199
-0.00163513
-0.00189804
-0.00216611
-0.00235607
-0.00236987
-0.00239434
-0.00241813
-0.00221484
-0.00200031
-0.00178672
-0.00164145
-0.0015376
-0.00143139
-0.00145758
-0.00178391
-0.00209176
-0.00240036
-0.00274136
-0.00308
-0.00341837
-0.00360239
-0.00369286
-0.00378883
-0.00382659
-0.00373307
-0.00364752
-0.00356159
-0.003496
-0.00342927
-0.00336268
-0.00341867
-0.00354889
-0.00367454
-0.00381909
-0.00400615
-0.00419046
-0.00437471
-0.00445064
-0.00452091
-0.00459143
-0.00466401
-0.00473782
-0.00481146
-0.00476655
-0.00445241
-0.00415458
-0.00385613
-0.00294499
-0.00207111
-0.00119606
-0.000954265
-0.0010966
-0.00121614
-0.00132951
-0.00142592
-0.00152322
-0.00162035
-0.00201664
-0.00242814
-0.00283826
-0.00308482
-0.00323198
-0.00338478
-0.00334015
-0.00284787
-0.00238235
-0.0019158
-0.000868201
0.000144259
0.00115759
0.00154671
0.00155669
0.00158873
0.00153056
0.00127039
0.00102227
0.000773735
0.000365842
-3.23279e-05
-0.0004306
-0.000538828
-0.000470797
-0.000413051
-0.000104092
0.000774571
0.00161929
0.00246499
0.0026113
0.00272026
0.00283124
0.00261293
0.00219459
0.00178825
0.00129538
0.000606783
-6.97697e-05
-0.000746237
-0.000811656
-0.000912057
-0.00101034
-0.000694793
-0.000127581
0.000424576
0.0010137
0.00168573
0.00235224
0.00301832
0.00309423
0.00313826
0.00318406
0.00303805
0.00277543
0.00251974
0.00220604
0.00176092
0.00132378
0.000886682
0.0016588
0.00236145
0.00306725
0.00320464
0.002996
0.00280718
0.00259637
0.00233788
0.00208237
0.00182698
0.00184036
0.00183857
0.00183764
0.00181105
0.00176887
0.00172761
0.00190409
0.0025759
0.00321913
0.00386325
0.00355334
0.00319142
0.00283283
0.00242047
0.00197561
0.00153307
0.00122461
0.00122084
0.00120006
0.00118024
0.00143017
0.00166477
0.00189996
0.00247364
0.00325358
0.00402117
0.00437166
0.00377263
0.00322701
0.00267904
0.00221447
0.00175496
0.00129569
0.000975916
0.000741395
0.000502417
0.000331326
0.000313799
0.000287806
0.00026231
0.00161567
0.00289148
0.00417016
0.00447708
0.00419073
0.00393734
0.00355291
0.00287407
0.00221215
0.00155003
0.0012207
0.000873474
0.000527609
0.000261106
4.32235e-05
-0.000177082
-0.000358764
-0.000453159
-0.000552222
-0.000650921
0.000459413
0.00163683
0.0028093
0.00336843
0.00355236
0.00375651
0.00367395
0.00294152
0.00224521
0.00154769
0.00110889
0.000656535
0.000205401
-0.000114997
-0.000355302
-0.000599683
-0.000789264
-0.000854937
-0.000927237
-0.0009991
-0.000704836
-0.000389995
-7.66043e-05
0.000138512
0.000293383
0.000451331
0.000721969
0.00124984
0.00176331
0.002277
0.00186277
0.00149879
0.00113251
0.000666162
0.000138651
-0.000385018
-0.000821219
-0.00105848
-0.00130612
-0.00155295
-0.00147294
-0.00141048
-0.00134714
-0.00110236
-0.000746527
-0.000396995
-0.000170084
-0.000222767
-0.000260522
-0.00029903
0.000242537
0.000817133
0.00138937
0.00144701
0.00118932
0.000948619
0.000683676
0.000365274
5.0037e-05
-0.000265034
-0.000537384
-0.000811704
-0.00108563
-0.00098075
-0.000643737
-0.000319315
-0.000195628
-0.000530385
-0.00084066
-0.0011519
-0.00135555
-0.00155274
-0.00175006
-0.00196244
-0.00218398
-0.0024048
-0.002614
-0.00279692
-0.00298102
-0.00316487
-0.00280441
-0.00247279
-0.00214
-0.00164652
-0.0010546
-0.000468434
8.39218e-05
0.00055934
0.00103827
0.00151652
0.00131699
0.00107771
0.000840732
0.000464097
1.96178e-06
-0.000455257
-0.000860418
-0.00114696
-0.00143935
-0.00173114
-0.00151156
-0.0012619
-0.00101406
-0.00039523
0.000451109
0.00128483
0.00196198
0.00202137
0.00211255
0.002202
0.00176481
0.00129669
0.000830639
0.000382723
-5.38288e-05
-0.000490516
-0.000852038
-0.00104281
-0.00124215
-0.00144084
-0.000701984
9.22087e-05
0.000882757
0.00128973
0.00146074
0.00164363
0.00173124
0.0014459
0.00117988
0.000913149
0.000723177
0.000537979
0.000352726
0.000113073
-0.000159945
-0.00043099
-0.000470239
1.89532e-05
0.000480824
0.000943612
0.000998714
0.0010292
0.00106091
0.000865135
0.000529556
0.000201387
-0.000100141
-0.000340479
-0.000583665
-0.000826462
-0.000884727
-0.000931771
-0.000979334
-0.00104194
-0.00111379
-0.0011851
-0.00112208
-0.000528984
3.68792e-05
0.000603542
0.000727372
0.000824186
0.000922258
0.000658354
0.000171762
-0.000303191
-0.000659912
-0.000746201
-0.000845925
-0.000944878
-0.014726
-0.0293298
-0.0438779
-0.0584143
0.00194856
-0.000964129
-0.000710826
-0.000567719
-0.000419272
-0.000271238
-6.50447e-05
0.000144528
0.000353725
0.00033625
0.000179121
2.90727e-05
-0.000124159
-0.000284034
-0.000443422
-0.000602677
-0.000569418
-0.000524344
-0.0004799
-0.000293605
-1.99661e-05
0.000249093
0.000615691
0.00120469
0.00178215
0.00235961
0.00262959
0.00288033
0.00313178
0.00309383
0.00287748
0.00267011
0.00243472
0.00208988
0.00175074
0.00141165
0.00123717
0.00107304
0.000908574
0.000690048
0.000438239
0.000188302
9.11909e-05
0.000342778
0.00057711
0.000812055
0.00118903
0.00157452
0.00195923
0.00234162
0.00272243
0.00310295
0.00334918
0.00306627
0.00280932
0.00255136
0.00230824
0.00206626
0.00182446
0.00158024
0.00133462
0.0010893
0.000879315
0.000749728
0.000616382
0.000483346
0.000422972
0.000367209
0.000311277
0.000428025
0.000651365
0.000869359
0.00123909
0.00195494
0.00265347
0.00335215
0.00323573
0.0030681
0.00290309
0.00246861
0.00186787
0.00127567
0.000750994
0.000492884
0.000222266
-4.74946e-05
-4.32681e-05
-2.1732e-05
-1.04304e-06
-2.8934e-05
-8.68655e-05
-0.000143309
-5.28895e-05
0.000373005
0.000782518
0.00119242
0.00177711
0.00237239
0.0029666
0.00306474
0.00285612
0.00266226
0.00251726
0.00256748
0.00260841
0.00264973
0.00225841
0.00183989
0.00142305
0.00161086
0.00217263
0.0027162
0.00311844
0.00319653
0.00328984
0.00338235
0.00315232
0.00290189
0.00265266
0.00313087
0.00405904
0.00496519
0.00541531
0.00482245
0.00427912
0.00373397
0.00331847
0.00291161
0.00250473
0.0027868
0.00349519
0.00418297
0.00459935
0.00394164
0.00333473
0.00272602
0.00214725
0.00157087
0.000994917
0.000583923
0.000275202
-3.79946e-05
-0.000296867
-0.000432494
-0.000573728
-0.000714569
-0.000728789
-0.000734828
-0.000741241
-0.000691821
-0.000607849
-0.000525557
-0.000484026
-0.000603625
-0.000715654
-0.000827929
-0.000912337
-0.000994874
-0.00107742
-0.00125647
-0.00149525
-0.00173105
-0.00196175
-0.00218073
-0.00240005
-0.00261915
-0.00274514
-0.00286498
-0.00298499
-0.00300039
-0.00295096
-0.00290455
-0.00288601
-0.00293142
-0.00297387
-0.00301641
-0.00302641
-0.00303428
-0.00304224
-0.00291434
-0.00270224
-0.00249418
-0.00230559
-0.0021941
-0.00207919
-0.00196454
-0.00203289
-0.00211313
-0.00219276
-0.00228974
-0.00239744
-0.00250455
-0.00261942
-0.00275211
-0.00288386
-0.00301554
-0.00318805
-0.00336309
-0.00353786
-0.00359959
-0.00359116
-0.00358592
-0.00357502
-0.00354234
-0.00351068
-0.003479
-0.00337584
-0.00326806
-0.00316059
-0.00297358
-0.00273727
-0.00250339
-0.00236446
-0.00244255
-0.0025108
-0.00257943
-0.00264751
-0.00271551
-0.00278345
-0.0023643
-0.00164287
-0.000935657
-0.000446836
-0.00045801
-0.000446752
-0.00043651
0.000119022
0.000710193
0.00129924
0.00139219
0.00117695
0.000975682
0.000782713
0.000624511
0.000464899
0.000305492
0.00013527
-3.55339e-05
-0.00020616
-0.000409036
-0.000631884
-0.000853644
-0.00103631
-0.00112974
-0.00122704
-0.00132409
-0.00126883
-0.00120347
-0.00113861
-0.000941159
-0.000661374
-0.000385484
-0.000113022
0.000145937
0.000405264
0.000664346
0.000460224
0.000225331
-7.99581e-06
0.000252493
0.000819933
0.00137333
0.00173774
0.00166907
0.00161953
0.00156919
0.0017684
0.00198417
0.00219901
0.00241131
0.00262194
0.00283246
0.00282704
0.00232788
0.00185082
0.0013732
0.00187083
0.00243357
0.00299296
0.00316713
0.00310151
0.00304644
0.00297498
0.00284045
0.00270878
0.00257711
0.00238844
0.00219607
0.00200403
0.0022867
0.00286467
0.00342928
0.00364781
0.00307381
0.00253477
0.00199468
0.00157009
0.00115363
0.000737179
0.000776619
0.00109981
0.00141042
0.00169466
0.00187322
0.00205621
0.00223884
0.00198016
0.00169178
0.00140493
0.00122665
0.00111606
0.00100264
0.000959004
0.00107462
0.00118327
0.00129213
0.00123251
0.00116149
0.00109103
0.00102764
0.000968694
0.000909606
0.000842397
0.000756521
0.000671521
0.000586555
0.000620882
0.000663306
0.000705348
0.000701245
0.000668385
0.000636783
0.000546632
0.000225068
-8.63315e-05
-0.000397899
-0.000662613
-0.000923928
-0.00118516
-0.0013826
-0.00154023
-0.00169941
-0.00184227
-0.00194809
-0.0020554
-0.00216255
-0.0021579
-0.00214559
-0.00213361
-0.001936
-0.00162273
-0.00131464
-0.00105425
-0.00098263
-0.00090307
-0.000823915
-0.00095149
-0.00109316
-0.00123412
-0.00136653
-0.00149356
-0.00162071
-0.00172458
-0.00177534
-0.00182829
-0.00188111
-0.00197565
-0.00207299
-0.00217014
-0.00223505
-0.00227985
-0.00232545
-0.00239355
-0.00251331
-0.0026308
-0.00274829
-0.00231604
-0.00184617
-0.00137827
-0.00119526
-0.0011901
-0.0011775
-0.00118748
-0.0012855
-0.00137976
-0.0014741
-0.00139733
-0.00130877
-0.00122079
-0.0011822
-0.00117446
-0.00116545
-0.00121581
-0.00140201
-0.00158239
-0.00176287
-0.00139084
-0.000980769
-0.000572622
-0.000286695
-7.71992e-05
0.000135298
0.00026326
5.78317e-05
-0.000133593
-0.000325439
0.000260819
0.000900746
0.00153792
0.00157539
0.0012383
0.000916987
0.000980663
0.00192722
0.0028365
0.00374658
0.00390252
0.00400578
0.00411113
0.00417431
0.00421121
0.00424916
0.00415475
0.00375734
0.00337273
0.00298791
0.00319249
0.00343809
0.00368181
0.00345491
0.00293397
0.00242553
0.00204206
0.00215386
0.00224526
0.00233743
0.00242949
0.00252148
0.00261339
0.00291717
0.00335327
0.00378361
0.00418428
0.00451689
0.00485201
0.00518676
0.00492461
0.00462075
0.00431883
0.00400175
0.00367532
0.00334954
0.00313291
0.00334748
0.00354434
0.00374176
0.00317466
0.00255416
0.00193634
0.00170836
0.00172428
0.00173031
0.00171915
0.00166768
0.00161788
0.00156806
0.00190524
0.00226947
0.00263231
0.00288986
0.00308146
0.00327556
0.00333658
0.00309311
0.00286211
0.0026308
0.00277665
0.00294906
0.00312026
0.0031753
0.00315761
0.00314286
0.00294498
0.00202281
0.00113047
0.000237651
0.000146675
0.000112584
7.62397e-05
0.000137665
0.000260197
0.000380184
0.000456335
0.00043192
0.000411547
0.000391029
0.000870283
0.00138469
0.00189729
0.00172736
0.00113019
0.000550545
7.06758e-05
-1.28872e-05
-0.000112173
-0.000210753
4.89975e-05
0.000334075
0.000617919
0.000433846
-4.3184e-05
-0.000508196
-0.000900716
-0.00112647
-0.00135866
-0.00159041
-0.00120245
-0.000770556
-0.000340741
-0.000110643
-5.74233e-06
0.00010403
0.000121071
-7.3868e-05
-0.000260275
-0.000446871
-0.000625678
-0.000803803
-0.000981814
-0.00119888
-0.00144036
-0.00168069
-0.00189278
-0.00199348
-0.00209849
-0.00220325
-0.00210408
-0.00199038
-0.00187733
-0.00190162
-0.00201197
-0.00211886
-0.0021801
-0.00206034
-0.00194777
-0.001835
-0.00183348
-0.00183994
-0.00184609
-0.00197368
-0.00217734
-0.00237787
-0.00253319
-0.00250955
-0.00249292
-0.00247603
-0.00251346
-0.00255476
-0.00259589
-0.00254058
-0.00242483
-0.00231153
-0.00221285
-0.00217219
-0.0021293
-0.00208653
-0.00211907
-0.00215703
-0.00219474
-0.00218239
-0.00213863
-0.00209613
-0.00209637
-0.00226592
-0.00242878
-0.00259177
-0.00257718
-0.00254976
-0.00252286
-0.00256266
-0.00264429
-0.00272425
-0.00278012
-0.00274061
-0.00270481
-0.00266889
-0.0024657
-0.00225055
-0.00203602
-0.00179426
-0.0015355
-0.0012776
-0.00111738
-0.00134348
-0.00155455
-0.00176603
-0.00139876
-0.000989742
-0.000582643
-0.000137846
0.000330445
0.000797474
0.00125389
0.00166915
0.00208566
0.00250181
0.00243005
0.00232285
0.00221709
0.00222666
0.00230864
0.00238779
0.00246471
0.00253257
0.00260073
0.00266881
0.00279406
0.00292339
0.00305246
0.00307957
0.00304264
0.00300818
0.00294231
0.00275236
0.00256727
0.00238214
0.00220336
0.00202517
0.00184709
0.00200056
0.00236218
0.00271564
0.00296499
0.0028017
0.00265416
0.00250614
0.00254612
0.00259982
0.00265297
0.00279717
0.00299853
0.00319757
0.00328749
0.00294539
0.00261986
0.00229394
0.00203101
0.00177288
0.00151476
0.00157793
0.00184294
0.00210016
0.00233994
0.00251011
0.00268276
0.00285519
0.0023503
0.00179599
0.00124396
0.000949349
0.000816626
0.000677932
0.00066318
0.00113807
0.00159426
0.00205082
0.00171598
0.00132315
0.000932774
0.000525988
0.000109049
-0.0003072
-0.000619866
-0.000523129
-0.00044174
-0.000359839
-0.000246495
-0.000130907
-1.5488e-05
0.000304773
0.000753732
0.00119757
0.00144497
0.000914588
0.000413519
-8.82673e-05
-0.000412361
-0.000723121
-0.00103414
-0.00120958
-0.00129972
-0.00139295
-0.0014219
-0.00119687
-0.000981416
-0.000765767
-0.000801615
-0.000856046
-0.00090975
-0.00101921
-0.0011637
-0.00130678
-0.00143549
-0.0015074
-0.00158134
-0.00165516
-0.00139204
-0.00110411
-0.000817313
-0.000939563
-0.00131915
-0.00168898
-0.00195777
-0.00182568
-0.00170843
-0.00159072
-0.00157431
-0.00156544
-0.00155629
-0.00158099
-0.00162698
-0.00167215
-0.00172227
-0.00179198
-0.00186092
-0.00192984
-0.00172518
-0.0015003
-0.00127633
-0.00125982
-0.00137391
-0.00148315
-0.0015841
-0.00165174
-0.00172056
-0.00178928
-0.00163814
-0.00147072
-0.00130401
-0.00113336
-0.00096029
-0.000787436
-0.000636113
-0.000569735
-0.000500316
-0.000431058
-0.000623473
-0.000835302
-0.00104627
-0.00106237
-0.000955753
-0.00085366
-0.00068777
-0.000269577
0.000139172
0.000547967
0.000644438
0.000717485
0.000791327
0.00065567
0.000388124
0.000125538
-3.20554e-05
0.000226446
0.00046974
0.000713407
0.000487581
0.000226723
-3.26842e-05
5.6822e-05
0.00036613
0.000667301
0.00107974
0.00193249
0.00276879
0.00360508
0.00342613
0.00317109
0.00291897
0.00270129
0.00250544
0.00230895
0.00212748
0.00200501
0.00188052
0.00175619
0.00157431
0.00138822
0.00120242
0.0010902
0.0010244
0.000956982
0.000891851
0.000835397
0.000778673
0.000722
0.00098851
0.00127919
0.00156881
0.00167994
0.00167853
0.00168112
0.00168144
0.00167327
0.00166542
0.00165756
0.00144119
0.00120922
0.000977965
0.000782415
0.000609436
0.000435778
0.000345916
0.000587622
0.000817398
0.00104743
0.0012802
0.00151302
0.00174568
0.00186835
0.00192163
0.00197732
0.0020041
0.00191676
0.0018335
0.00175016
0.00119116
0.000596492
3.50491e-06
-0.000441974
-0.000794276
-0.00114961
-0.00142973
-0.00141296
-0.00140665
-0.00139997
-0.00119084
-0.000966478
-0.000742812
-0.000739837
-0.000876096
-0.00100737
-0.00115466
-0.001365
-0.00157299
-0.00178091
-0.00188349
-0.00197802
-0.00207276
-0.00208718
-0.00205093
-0.00201648
-0.00199789
-0.00204236
-0.00208459
-0.00212687
-0.00196234
-0.00178217
-0.00160268
-0.00160518
-0.00172255
-0.00183583
-0.00189558
-0.00174286
-0.00159764
-0.00145226
-0.00166879
-0.00191276
-0.0021556
-0.00222323
-0.00218022
-0.00214109
-0.00212856
-0.00222194
-0.00231157
-0.00240127
-0.00237829
-0.00234673
-0.00231549
-0.0022267
-0.00210162
-0.00197788
-0.00188656
-0.00192368
-0.00195633
-0.00198912
-0.00187759
-0.0017551
-0.00163308
-0.0016767
-0.00182492
-0.00196943
-0.0020969
-0.00215659
-0.00221857
-0.00228043
-0.00229808
-0.00231234
-0.00232671
-0.00195565
-0.00134125
-0.000735645
-0.000123861
0.000512463
0.00114751
0.00178216
0.00202865
0.00224523
0.00246269
0.00199008
0.0010817
0.000188875
-0.000424918
6.75661e-05
0.000521827
0.000977085
0.000955052
0.000896386
0.000839014
0.000909375
0.00106045
0.00120867
0.00140625
0.00179941
0.00218563
0.00257181
0.00222755
0.00182733
0.00142928
0.00119982
0.001077
0.000950632
0.000868857
0.000963108
0.00105131
0.00113965
0.00123906
0.00133926
0.00143936
0.00139315
0.00125448
0.00111903
0.00106044
0.00130662
0.00154231
0.0017782
0.00147807
0.00113678
0.00079712
0.0005528
0.000368846
0.000182975
9.03959e-06
-0.000118218
-0.000246966
-0.000375577
-0.000314431
-0.000238662
-0.000163438
-0.000106877
-6.21414e-05
-1.70373e-05
6.22032e-05
0.000276911
0.000486914
0.000696933
0.00108392
0.00148436
0.00188408
0.0015858
0.000846164
0.000121847
-0.000474143
-0.000560785
-0.000664462
-0.000767498
-0.000686656
-0.000591613
-0.000497111
-0.000490095
-0.000538431
-0.000584881
-0.000554782
-0.000221043
0.000102317
0.000425808
0.000214927
-3.72895e-05
-0.000287957
-0.00986962
-0.0253521
-0.0406274
0.000339889
-0.00118894
-0.00130021
-0.00145864
-0.00135556
-0.00123241
-0.00111
-0.00109676
-0.00115261
-0.00120612
-0.00111716
-0.000463127
0.000171696
0.000806735
0.000269669
-0.000358283
-0.000982802
-0.00128835
-0.00139189
-0.00150205
-0.00159977
-0.0016492
-0.0017002
-0.00175111
-0.00143017
-0.00108045
-0.000731906
-0.000619752
-0.000657272
-0.000689823
-0.000669883
-0.000441222
-0.0002196
2.10838e-06
-0.000100151
-0.00022763
-0.000354194
-0.000542937
-0.000770983
-0.000997585
-0.00116586
-0.0011031
-0.00104798
-0.00099265
-0.000807364
-0.00061203
-0.000417155
-0.000148282
0.000167377
0.000481293
0.000674142
0.000387326
0.000116424
-0.000154822
0.000415
0.0010503
0.00168304
0.0015472
0.000924599
0.000318328
-0.000173556
-0.000210913
-0.000263099
-0.000314767
-0.000377997
-0.000442094
-0.000506121
-0.000481424
-0.000400533
-0.000321527
-0.000230559
-9.22514e-05
4.44244e-05
0.000181064
0.00040018
0.000625641
0.000850748
0.000679651
0.000257585
-0.000156051
-0.000543533
-0.000827011
-0.00111368
-0.00140006
-0.00155088
-0.00169095
-0.00183129
-0.00187171
-0.00184883
-0.00182801
-0.00178051
-0.00162746
-0.00147792
-0.00132836
-0.00139059
-0.00146945
-0.00154771
-0.00168724
-0.00186553
-0.00204246
-0.00220028
-0.00228248
-0.00236707
-0.00245153
-0.002419
-0.00237728
-0.00233588
-0.0022151
-0.00204404
-0.00187471
-0.00176365
-0.00188362
-0.00199608
-0.00210871
-0.00226508
-0.00242482
-0.00258434
-0.00267796
-0.00272979
-0.00278292
-0.00282602
-0.00282956
-0.00283437
-0.00283913
-0.0026421
-0.00242924
-0.00221702
-0.00218101
-0.00225673
-0.00232883
-0.00242278
-0.00260301
-0.00278036
-0.0029577
-0.0029033
-0.0028306
-0.00275853
-0.0026799
-0.00259715
-0.00251458
-0.00241899
-0.00227163
-0.00212601
-0.00198043
-0.00210577
-0.00225248
-0.00239842
-0.00250683
-0.0025914
-0.00267668
-0.00272141
-0.00260557
-0.00249491
-0.00238415
-0.00233576
-0.00229234
-0.00224879
-0.00228045
-0.0023598
-0.0024376
-0.00249246
-0.00245636
-0.00242317
-0.0023899
-0.00250069
-0.00262286
-0.00274459
-0.0028027
-0.00282042
-0.0028394
-0.00282937
-0.00270448
-0.0025833
-0.00246207
-0.00249053
-0.00253087
-0.00257081
-0.00267225
-0.00281268
-0.00295179
-0.00302594
-0.0028425
-0.00266727
-0.0024919
-0.00258748
-0.00270457
-0.00282091
-0.00293673
-0.00305219
-0.00316758
-0.00324751
-0.00318697
-0.00313087
-0.00307467
-0.00301509
-0.00295527
-0.0028955
-0.00297105
-0.00313249
-0.00329113
-0.0034195
-0.00342768
-0.00343961
-0.00345141
-0.00349473
-0.00354054
-0.00358624
-0.00358316
-0.00354911
-0.00351605
-0.00349619
-0.00352877
-0.0035597
-0.00359066
-0.00360292
-0.00361367
-0.00362447
-0.00363175
-0.0036368
-0.00364191
-0.00364687
-0.00365123
-0.00365561
-0.00365998
-0.00365758
-0.00365464
-0.00365172
-0.00368494
-0.00374112
-0.00379655
-0.00383224
-0.00378959
-0.0037494
-0.00370915
-0.00375078
-0.00379895
-0.00384688
-0.00385954
-0.00384977
-0.00384071
-0.00383775
-0.00385911
-0.00387971
-0.00390032
-0.00392007
-0.00393974
-0.00395941
-0.00396723
-0.00396753
-0.00396806
-0.00396769
-0.00395938
-0.00395132
-0.00394325
-0.00394095
-0.00396151
-0.00398135
-0.00400121
-0.00398732
-0.00396606
-0.00394503
-0.00394421
-0.00396296
-0.0039811
-0.00399925
-0.00401739
-0.00403552
-0.00405364
-0.00407174
-0.00407359
-0.00405969
-0.00404627
-0.00403254
-0.00401598
-0.00399951
-0.00398305
-0.00399992
-0.00402409
-0.00404803
-0.00404959
-0.00402946
-0.00401001
-0.00399483
-0.00401809
-0.00404016
-0.00406226
-0.00405039
-0.00403106
-0.00401198
-0.00399675
-0.00398527
-0.00397367
-0.00396556
-0.00398854
-0.00401056
-0.0040326
-0.00403844
-0.00404071
-0.0040431
-0.00405256
-0.00406888
-0.00408498
