0
0.0170827
0.0153932
0.0151934
0.0148702
0.0147735
0.014802
0.01482
0.0149415
0.0152938
0.0156263
0.01596
0.0152996
0.014612
0.0139277
0.0136109
0.0135087
0.0133889
0.0133089
0.0133145
0.0133131
0.0133122
0.0132677
0.0132268
0.0131857
0.0129363
0.0125654
0.0122051
0.0119029
0.0117329
0.0115524
0.0113731
0.0111349
0.0109019
0.0106688
0.0112326
0.0122615
0.0132512
0.0136742
0.0128171
0.0120647
0.0113051
0.0110324
0.0107749
0.0105165
0.0106296
0.0109598
0.011272
0.0116168
0.012032
0.0124409
0.0128497
0.0128736
0.0128856
0.0128986
0.0124188
0.011651
0.0109072
0.0103711
0.010305
0.0102017
0.0101015
0.00982559
0.00954454
0.00926434
0.00970461
0.010567
0.0113946
0.0122947
0.0133531
0.0143974
0.0154412
0.0142371
0.0132115
0.0121735
0.0114773
0.0109814
0.0104706
0.0101361
0.0101946
0.0102223
0.0102524
0.00878289
0.0074326
0.00607513
0.00647667
0.00791079
0.00926245
0.0102116
0.0102418
0.0103432
0.010439
0.00936867
0.00826067
0.0071573
0.00600333
0.00482043
0.00364159
0.00334486
0.00503383
0.00656746
0.00811067
0.00876405
0.00938626
0.0100099
0.0102299
0.0102121
0.0102126
0.00991891
0.00896536
0.00806364
0.00715934
0.00748996
0.00786297
0.00823217
0.00856793
0.0088836
0.00920033
0.00909229
0.00802759
0.00703697
0.00604224
0.00664464
0.00712541
0.00761464
0.00748503
0.00699097
0.00652511
0.00600238
0.00535544
0.00471881
0.00408235
0.00331008
0.00254915
0.00178851
0.00301894
0.00542413
0.00773785
0.00934116
0.00933086
0.009441
0.00954199
0.00777701
0.00594637
0.00412334
0.00283506
0.00186379
0.000870415
0.000102273
-0.00016354
-0.000466169
-0.000765625
0.00117352
0.00319288
0.00520332
0.00617288
0.0065259
0.00692383
0.00677739
0.00541107
0.00413644
0.00285696
0.00179868
0.000750032
-0.000297783
-0.000932534
-0.0013224
-0.00172962
-0.00136078
0.000755957
0.00274202
0.00473471
0.00514982
0.00567922
0.00619953
0.00511279
0.00307389
0.00110709
-0.000507149
-0.00131705
-0.00218407
-0.00304569
-0.00354937
-0.0040782
-0.00460446
-0.00486345
-0.00496369
-0.00507523
-0.00393112
4.64281e-05
0.00381441
0.00759204
0.00649747
0.00521394
0.00394581
0.00241121
0.000719899
-0.000957774
-0.00233541
-0.00303626
-0.00378445
-0.0045282
-0.00496035
-0.00537959
-0.00579915
-0.00589198
-0.00579066
-0.00570329
-0.00435624
-0.000165365
0.00381788
0.00781019
0.00703961
0.00607906
0.00513331
0.00358007
0.00166703
-0.000217914
-0.00175406
-0.00250091
-0.0033023
-0.00409872
-0.00442867
-0.00479095
-0.00515045
-0.00532275
-0.00538343
-0.00545186
-0.00436291
-0.00065931
0.00285626
0.00638006
0.00615829
0.0061982
0.00621981
0.00486466
0.00268924
0.00057394
-0.00124774
-0.00239976
-0.00359669
-0.00478884
-0.00525418
-0.00568869
-0.00612474
-0.00646696
-0.00675317
-0.00704285
-0.00637913
-0.00356055
-0.000894469
0.00177845
0.00294166
0.00404
0.00514129
0.00434771
0.00242412
0.000580723
-0.00102795
-0.00209628
-0.00320016
-0.00430009
-0.00490483
-0.00548774
-0.00607135
-0.00639969
-0.0065755
-0.00676147
-0.00696631
-0.00721579
-0.0074619
-0.0077079
-0.00463088
-0.00178364
0.00107533
0.00264269
0.00343805
0.0042846
0.00416825
0.00188264
-0.000253305
-0.00239647
-0.00334971
-0.0043819
-0.00540738
-0.00605641
-0.00647972
-0.00691764
-0.00728639
-0.00750167
-0.00772695
-0.00795127
-0.00811072
-0.00826713
-0.00842354
-0.00719086
-0.00512739
-0.00312217
-0.00145857
-0.000573795
0.00036172
0.00129261
-0.000230688
-0.00186107
-0.00348217
-0.004604
-0.00542588
-0.00626658
-0.0069513
-0.00728723
-0.00764582
-0.00800244
-0.00803913
-0.00806144
-0.00808466
-0.00674806
-0.00459703
-0.00250252
-0.000827452
-0.000107289
0.000674748
0.00145169
-8.24947e-05
-0.00146292
-0.00285161
-0.00405978
-0.00515949
-0.00626486
-0.00709711
-0.00731352
-0.0075699
-0.00782333
-0.0077844
-0.0077646
-0.00774357
-0.00771168
-0.00767322
-0.00763524
-0.00662173
-0.00339811
-0.000322185
0.00275933
0.0017501
0.000553546
-0.000629325
-0.00177389
-0.00289437
-0.00401495
-0.00500384
-0.00569628
-0.00640694
-0.00711552
-0.00733965
-0.00754098
-0.00774352
-0.00781477
-0.00780712
-0.00780454
-0.00714411
-0.00499346
-0.00294109
-0.000885056
0.000448958
0.00174761
0.00304685
0.00276903
0.0015427
0.000378457
-0.000720424
-0.00166389
-0.00261606
-0.00356645
-0.00412676
-0.00471116
-0.00529328
-0.00562753
-0.00581233
-0.00600638
-0.00534984
-0.0027665
-0.000308386
0.00215454
0.00376369
0.00542474
0.00708041
0.00659604
0.00482258
0.00313259
0.00155479
0.00024082
-0.00108809
-0.00241438
-0.00309067
-0.00373489
-0.00438032
-0.00484931
-0.00521182
-0.00558053
-0.00587259
-0.00599228
-0.0061226
-0.00625209
-0.00422156
-0.00208846
3.55784e-05
0.00173046
0.00316542
0.00461476
0.0052162
0.00389867
0.00270197
0.00149925
0.000250134
-0.00099456
-0.00223799
-0.00303675
-0.00356675
-0.00411271
-0.00462443
-0.00506164
-0.0055029
-0.00594338
-0.00578744
-0.00566844
-0.00554731
-0.00314951
0.000622362
0.00430514
0.00671266
0.00621951
0.00590492
0.00557976
0.00398299
0.00232473
0.000672262
-0.000582655
-0.00159658
-0.00262398
-0.00347448
-0.00392706
-0.00440335
-0.00487762
-0.00503384
-0.00520923
-0.00538324
-0.00555944
-0.00573682
-0.00591391
-0.00515484
-0.00227084
0.000480885
0.00323729
0.00342667
0.00348647
0.00355403
0.0032618
0.00275229
0.00225652
0.0014913
0.000115441
-0.00122197
-0.00256009
-0.00296823
-0.00343181
-0.00389149
-0.00372967
-0.00319147
-0.0026765
-0.00135903
0.00177835
0.00480299
0.00783076
0.00696774
0.00633832
0.0056957
0.00462986
0.00330753
0.00200207
0.000766665
-0.000309355
-0.00139358
-0.00247603
-0.00293352
-0.00335833
-0.00378457
-0.00367934
-0.00325204
-0.00284433
-0.00156779
0.0016803
0.0048079
0.00793891
0.00785173
0.00795474
0.0080464
0.00698307
0.00521918
0.00349865
0.00199008
0.000966322
-8.47524e-05
-0.00113298
-0.0017361
-0.00231534
-0.00289529
-0.00309489
-0.00306362
-0.0030459
-0.00185699
0.00199141
0.00567977
0.00937318
0.00903343
0.00892952
0.00881197
0.00804756
0.00689013
0.00575694
0.00462101
0.00348039
0.00234137
0.00120358
0.000519141
-0.000190814
-0.000898465
-0.000987681
-0.000701031
-0.000436477
0.000912153
0.00472231
0.00838577
0.0120535
0.0109176
0.00952724
0.00815318
0.00654922
0.00480675
0.00307425
0.00160575
0.000736096
-0.000166977
-0.00106709
-0.00141158
-0.00178755
-0.00216128
-0.00231895
-0.00234503
-0.00237862
-0.00138824
0.00192928
0.00511004
0.00829497
0.0081183
0.00776074
0.00741389
0.00639239
0.00496111
0.00355478
0.00224378
0.00115074
4.65544e-05
-0.00105574
-0.00142992
-0.00184497
-0.00225724
-0.00255867
-0.00279239
-0.00302968
-0.00252041
-0.000314016
0.001794
0.00390519
0.00444777
0.00507821
0.00570298
0.00492073
0.00328134
0.00169204
0.000302618
-0.000627949
-0.00158325
-0.00253609
-0.00284664
-0.00312165
-0.00339834
-0.00359518
-0.00374333
-0.00389404
-0.0035477
-0.0020711
-0.000659287
0.000754563
0.00129401
0.00188162
0.00246589
0.00209764
0.0011485
0.000232733
-0.000684658
-0.00160278
-0.00251983
-0.00343593
-0.00371305
-0.00395445
-0.00419756
-0.00441109
-0.00460657
-0.00480282
-0.00460059
-0.00349191
-0.00243455
-0.00137551
0.000392864
0.00212016
0.00384782
0.0041752
0.0036476
0.00316763
0.00247005
0.00128259
0.000123356
-0.00103616
-0.00180006
-0.00258483
-0.00336759
-0.00382392
-0.00408062
-0.00434796
-0.00453469
-0.00453969
-0.00455462
-0.00456898
-0.0015499
0.00163726
0.00481178
0.00602266
0.00603266
0.00610801
0.00575733
0.00444514
0.00318663
0.00192658
0.000807569
-0.000317879
-0.00144176
-0.00218397
-0.0026925
-0.00321313
-0.00361788
-0.00376105
-0.00391821
-0.00407445
-0.00268887
-0.00121679
0.000249039
0.00198121
0.00387545
0.00575892
0.00664819
0.00527479
0.00402451
0.00276896
0.001745
0.0007097
-0.000323879
-0.00111983
-0.00177
-0.00242729
-0.00296426
-0.00322903
-0.00350807
-0.00378605
-0.00194037
-0.000210043
0.00152459
0.00331265
0.00513293
0.00694956
0.0081081
0.00776977
0.00751141
0.00724909
0.00637844
0.00547341
0.00457117
0.00353664
0.00242152
0.00131185
0.000353785
-0.000259816
-0.000890994
-0.00152057
-0.00148805
-0.00149054
-0.00149117
0.00088274
0.00471117
0.00845888
0.0109313
0.0104933
0.010209
0.00991686
0.00826651
0.00653835
0.00481609
0.00336639
0.00208452
0.000795195
-0.000236529
-0.000683971
-0.00116154
-0.00163702
-0.00179435
-0.00196815
-0.0021409
-0.000541399
0.00214474
0.0047714
0.00673088
0.00716629
0.00768063
0.00819032
0.00695635
0.00562072
0.00429177
0.00315653
0.0021408
0.00111992
0.000265424
-0.000211869
-0.000708212
-0.00120305
-0.00131217
-0.00139834
-0.0014856
0.000604923
0.00403181
0.00738617
0.00991317
0.00917136
0.00859881
0.00801813
0.00663236
0.00519993
0.00377138
0.00258808
0.00155596
0.000517138
-0.000295499
-0.000594702
-0.000919928
-0.00124349
-0.00149365
-0.0017392
-0.00198473
-0.000560029
0.00189058
0.00428626
0.00606736
0.00541957
0.00489636
0.00436733
0.00309269
0.00177442
0.000459725
-0.00047075
-0.00116457
-0.00186972
-0.00241236
-0.00258673
-0.00277961
-0.00297136
-0.00316158
-0.00335154
-0.00354132
-0.00233805
-0.000278388
0.00173587
0.0030715
0.00285682
0.00272064
0.00258064
0.0013362
2.60069e-05
-0.00127955
-0.00202108
-0.00241516
-0.00282634
-0.00321111
-0.00349638
-0.00378637
-0.00407582
-0.00425822
-0.00443395
-0.00460984
-0.00457319
-0.00440574
-0.004245
-0.00373359
-0.00242281
-0.00115332
0.000116972
-0.014798
-0.0306873
-0.0465121
-0.0623243
9.78332e-05
-0.00373168
-0.00417639
-0.0044629
-0.00475699
-0.00505041
-0.00531647
-0.00558061
-0.00584458
-0.00578076
-0.005515
-0.00525952
-0.00443247
-0.00230214
-0.000238438
0.00182652
0.00176743
0.00157775
0.0013947
0.000668295
-0.000392534
-0.00143582
-0.00235702
-0.002999
-0.00365411
-0.00430792
-0.00447257
-0.00460685
-0.0047425
-0.00481469
-0.00484779
-0.00488277
-0.0044022
-0.00188672
0.000526552
0.00294246
0.00426871
0.00552625
0.00678593
0.00631944
0.00478846
0.00331097
0.00195025
0.00086019
-0.000242006
-0.00134254
-0.00177976
-0.00217532
-0.00257251
-0.00292667
-0.00325421
-0.00358273
-0.00386055
-0.00393938
-0.00402778
-0.00411564
-0.00287551
-0.00155348
-0.000236701
0.00162055
0.00381066
0.00598256
0.00749738
0.00751295
0.00760092
0.00768531
0.00623888
0.00469767
0.00316252
0.00185199
0.000680793
-0.000495985
-0.00141421
-0.00174426
-0.00210227
-0.0024586
-0.00265851
-0.00284839
-0.00303858
-0.00326142
-0.00350438
-0.00374614
-0.00382121
-0.00323845
-0.00268772
-0.00213598
0.000630107
0.00353374
0.00642803
0.00758514
0.007668
0.00780201
0.007605
0.00665793
0.00574748
0.00483615
0.00326791
0.00165935
5.42323e-05
-0.000800581
-0.00119115
-0.00160338
-0.00195442
-0.00206904
-0.00219476
-0.00231983
-0.00236087
-0.00239653
-0.00243241
-0.00140571
0.000277828
0.00192875
0.00373145
0.0058793
0.00800884
0.0101372
0.0104018
0.0105472
0.010698
0.00982428
0.0083171
0.00684112
0.00538986
0.00399665
0.00260202
0.00120877
0.000527921
-0.000106705
-0.000742901
-0.00115756
-0.00143503
-0.00171866
-0.00166025
-0.000252594
0.00109069
0.00243574
0.00436131
0.00632261
0.00828043
0.00915668
0.00936293
0.0096002
0.00983564
0.0100706
0.0103053
0.0105398
0.0102347
0.0098951
0.00955738
0.00789534
0.00541366
0.00297227
0.000942972
0.000542472
6.69354e-05
-0.000404689
-0.000681793
-0.000946059
-0.00121067
-0.00155733
-0.00195472
-0.0023494
-0.0026995
-0.00294789
-0.00320074
-0.00345315
-0.00360083
-0.00374159
-0.00388254
-0.0023406
0.000243918
0.00277817
0.00473115
0.00535339
0.00603609
0.0067154
0.0079074
0.00913182
0.0103536
0.0107951
0.0107524
0.010732
0.0103791
0.00871686
0.00711589
0.00551359
0.00397252
0.00243671
0.000902049
-9.18687e-06
-0.000533454
-0.00107486
-0.00151125
-0.00171007
-0.0019195
-0.00212827
-0.00212982
-0.00211778
-0.00210636
-0.00183422
-0.00140042
-0.00097433
-0.000409988
0.000700499
0.00178527
0.00287022
0.00413789
0.00541656
0.00669358
0.00702801
0.00677728
0.00655317
0.00572901
0.00353548
0.00140562
-0.000725194
-0.00127248
-0.00171485
-0.00216154
-0.00244911
-0.00263792
-0.00283101
-0.00300214
-0.00312374
-0.00324746
-0.00337097
0.00033148
0.00428419
0.00822215
0.00996383
0.0103405
0.0107779
0.010824
0.0093351
0.00791606
0.00649518
0.00681274
0.00724543
0.0076726
0.00659731
0.00458877
0.00262354
0.001035
0.000310044
-0.000452645
-0.00121298
-0.00135618
-0.00145817
-0.00156189
-0.00184665
-0.00224388
-0.00263577
-0.00228146
0.00102258
0.00419317
0.00736686
0.00828418
0.00905011
0.00982206
0.00867534
0.00633639
0.00405209
0.0022514
0.0015598
0.000819947
8.28734e-05
-0.000156079
-0.000361472
-0.00056816
-0.000919264
-0.00136011
-0.00179663
-0.0021441
-0.00228794
-0.00244059
-0.00259271
-0.000940864
0.00083086
0.00259578
0.0041223
0.00549986
0.00688273
0.00802127
0.00819838
0.00841732
0.00863424
0.00622135
0.0036332
0.00105495
-0.000201624
-0.000635141
-0.00110411
-0.00153726
-0.00189259
-0.002251
-0.00260897
-0.00275885
-0.00289457
-0.00303078
-0.00285886
-0.00249519
-0.00214016
-0.00120117
0.00204621
0.00519085
0.00833722
0.00703836
0.00543941
0.00385481
0.00372001
0.00448835
0.00521704
0.00581369
0.00610507
0.00640935
0.00671281
0.00505623
0.00326779
0.00148656
0.00042601
-0.000185186
-0.000815168
-0.00129171
-0.00141971
-0.00156256
-0.00170465
0.00106953
0.00404021
0.00699993
0.00852005
0.00914256
0.00980294
0.0100977
0.00895499
0.00787464
0.00679255
0.00487767
0.00290737
0.000941113
-8.08214e-05
-0.00051386
-0.00097162
-0.0013715
-0.00164188
-0.00191753
-0.00219273
-0.00222393
-0.0022384
-0.00225357
-0.000743488
0.00171695
0.00413498
0.00615167
0.00657997
0.00707521
0.0075672
0.00651515
0.00535787
0.00420602
0.00341472
0.0028486
0.00227344
0.00209307
0.00281492
0.00349809
0.00418232
0.00565575
0.00718241
0.00870554
0.00832361
0.00675344
0.00523457
0.00380633
0.00258889
0.00136363
0.000139715
-0.000334831
-0.000757305
-0.00118161
-0.00109083
-0.000678768
-0.000280507
0.000497906
0.00277875
0.00499482
0.00721175
0.00686597
0.00634317
0.00582819
0.00441296
0.00243649
0.000485087
-0.0010173
-0.00149124
-0.00200763
-0.00252183
-0.0026938
-0.00284189
-0.00299085
-0.00259024
-0.00184669
-0.00111799
-5.29712e-05
0.00234193
0.00467965
0.00701782
0.00541236
0.00353389
0.00166829
0.000396963
-0.000502567
-0.00141674
-0.00207337
-0.00214264
-0.00223612
-0.00232853
-0.00216231
-0.00197818
-0.00179494
-0.000771326
0.000776895
0.00230223
0.00376089
0.00506635
0.00637704
0.00768644
0.00595265
0.00400749
0.00207262
0.000701291
-0.00031727
-0.00134947
-0.00197436
-0.000992499
-7.72906e-05
0.000839899
0.00104484
0.00119976
0.0013566
0.00198915
0.00291889
0.00383573
0.00489241
0.00626922
0.00763183
0.00899391
0.00880977
0.0085172
0.00822929
0.00776192
0.00718261
0.00660832
0.00574246
0.00372227
0.00175065
-0.000221342
-0.000733922
-0.00114343
-0.00155679
-0.00184942
-0.0020666
-0.00228666
-0.00226986
-0.00171093
-0.0011744
-0.000637397
0.00148983
0.00372771
0.00595931
0.00681488
0.0068094
0.00683868
0.00630579
0.00448814
0.00272376
0.000958651
0.000258073
-0.00036674
-0.000994101
-0.00141973
-0.00171911
-0.00202332
-0.00233048
-0.00265079
-0.00297032
-0.00328962
-0.00223957
-0.00109322
4.83456e-05
0.00135752
0.00277112
0.0041794
0.00520012
0.00533374
0.00550273
0.00567017
0.00376147
0.00170666
-0.000340675
-0.00138822
-0.00180946
-0.00225534
-0.00239314
-0.00131661
-0.000289314
0.000739124
0.00177538
0.00281147
0.00384674
0.00414744
0.00398811
0.00384718
0.0031925
0.00136191
-0.000420561
-0.00220353
-0.000862796
0.000699847
0.00225246
0.00381144
0.00537373
0.00693466
0.00773105
0.00677658
0.00589208
0.00500551
0.00332344
0.00158566
-0.000148542
-0.00110695
-0.00157902
-0.00206989
-0.00240153
-0.00210705
-0.00183745
-0.00156709
-0.000113574
0.00142371
0.00295649
0.00315515
0.00251767
0.00191352
0.00117462
-9.38566e-05
-0.00134057
-0.00258716
-0.0028902
-0.00312527
-0.00336282
-0.00341199
-0.00334314
-0.00327896
-0.00275793
-0.000428997
0.0018275
0.00408506
0.00388606
0.00351041
0.00314195
0.00200074
0.000375548
-0.00122952
-0.00256574
-0.00283829
-0.00315201
-0.00346389
-0.00308318
-0.00265277
-0.00222463
-0.000848537
0.00112157
0.0030671
0.0045605
0.00426465
0.00403838
0.0038096
0.00400781
0.00423674
0.0044643
0.00365739
0.00220181
0.000772422
-0.000492104
-0.00110321
-0.00173907
-0.00237348
-0.00196895
-0.00148945
-0.00101322
-0.000374569
0.000365725
0.00110154
0.00154742
0.000846419
0.000190071
-0.000467488
-0.000487224
-0.000460667
-0.000435908
-0.000854591
-0.00155148
-0.00223717
-0.00269307
-0.002239
-0.00182016
-0.00140028
0.00034633
0.00218822
0.00402507
0.00380319
0.00228904
0.000825418
-0.000489416
-0.00121077
-0.00195423
-0.00269628
-0.00242888
-0.00208809
-0.00175037
-0.000187361
0.00214444
0.00444519
0.00623221
0.00598551
0.00581633
0.00564433
0.00386749
0.00197469
8.77205e-05
-0.000935054
-0.00141473
-0.00191464
-0.00234763
-0.0025198
-0.00270171
-0.00288313
-0.00298184
-0.00307443
-0.00316718
-0.0023501
-0.00096175
0.000403973
0.00173554
0.00293151
0.0041317
0.00533083
0.00507598
0.00471474
0.00435778
0.00313737
0.00137491
-0.000365825
-0.00181124
-0.00208784
-0.00240817
-0.00272661
-0.00291887
-0.00310172
-0.0032848
-0.00286707
-0.0020719
-0.00129148
-0.000346722
0.0012484
0.00281797
0.00438733
0.00280976
0.0010017
-0.000796382
-0.00180127
-0.0023071
-0.00283119
-0.00327286
-0.00339202
-0.00352312
-0.00365368
-0.00270627
-0.00168003
-0.000657483
-9.26471e-05
0.000184199
0.000471557
0.000478278
-0.000624283
-0.00168479
-0.00274607
-0.00213693
-0.00140484
-0.000677856
-0.000514553
-0.000705879
-0.000883915
-0.000851829
1.40608e-05
0.000848428
0.00168334
0.00104498
0.000298018
-0.000444371
-0.00115258
-0.00183899
-0.0025257
-0.00273123
-0.00103242
0.00059486
0.00222358
0.00291078
0.00352775
0.00414685
0.00335855
0.00168509
4.54384e-05
-0.00133631
-0.00169513
-0.0020913
-0.0024858
-0.00269772
-0.00289594
-0.00309451
-0.0018827
0.000216305
0.00228123
0.00398919
0.0042827
0.0046278
0.00497076
0.00305346
0.000969241
-0.00110735
-0.00207752
-0.00235089
-0.00264953
-0.00290508
-0.00299426
-0.00308945
-0.00318434
-0.0020349
-0.000793463
0.00044372
0.00153218
0.00252664
0.0035238
0.00410009
0.00301168
0.0019846
0.000956039
5.90907e-05
-0.000827458
-0.00171374
-0.00218476
-0.00239419
-0.00261295
-0.00279941
-0.00285974
-0.00292459
-0.00298923
-0.00168427
-0.000277702
0.00112417
0.00234959
0.00346347
0.00458057
0.00506377
0.00303852
0.00110529
-0.000829874
-0.00138025
-0.00182653
-0.00227624
-0.00260852
-0.00286684
-0.00312764
-0.00321681
-0.00262688
-0.0020618
-0.00149624
-0.000512506
0.000501993
0.00151466
0.00257659
0.00366925
0.00476003
0.00540458
0.00428324
0.00322599
0.0021672
0.000941212
-0.000296571
-0.00153305
-0.00215764
-0.00239646
-0.0026489
-0.00266421
-0.00174247
-0.000854854
3.33467e-05
0.000868333
0.00169878
0.0025288
0.00306814
0.00342412
0.00378638
0.00388129
0.00291857
0.00199418
0.00106907
0.000109739
-0.000851575
-0.00181214
-0.00226363
-0.00239406
-0.0025358
-0.00263727
-0.00258114
-0.00253064
-0.00247997
-0.000577656
0.00146339
0.00349807
0.00423689
0.00415825
0.00410858
0.00373101
0.00205811
0.000432161
-0.0011943
-0.00168611
-0.00209174
-0.00250012
-0.00281225
-0.00306367
-0.00331706
-0.00328883
-0.0021455
-0.00104224
6.16588e-05
0.000446952
0.000777522
0.00110978
0.000608845
-0.000417544
-0.00142476
-0.00229291
-0.00260944
-0.00294511
-0.00327987
-0.00347385
-0.00365702
-0.00384044
-0.00296647
-0.00142556
9.09397e-05
0.00141338
0.00196654
0.00254621
0.00312456
0.00239418
0.00156469
0.000739248
-0.000161243
-0.00110879
-0.00205404
-0.00283072
-0.00294102
-0.00307447
-0.00320702
-0.00334806
-0.00348965
-0.00363112
-0.00272826
-0.00116642
0.000371431
0.00169884
0.0021921
0.00271399
0.00323452
0.0023523
0.00136357
0.000379224
-0.000527297
-0.00138437
-0.00224257
-0.00296303
-0.0031395
-0.00333468
-0.00352907
-0.00362151
-0.0037061
-0.0037909
-0.00259519
-0.000591176
0.00138355
0.00269565
0.00138152
0.000158854
-0.00106612
-0.00180242
-0.00250087
-0.00320014
-0.00347548
-0.00348302
-0.00349978
-0.00312179
-0.00118052
0.000705686
0.00259249
0.00208693
0.00139827
0.000716364
-0.000255563
-0.00141032
-0.00255801
-0.00324026
-0.00207902
-0.000981714
0.000117031
6.7877e-05
-6.93837e-05
-0.000203537
-0.000775678
-0.00162434
-0.00246298
-0.0031543
-0.00326205
-0.00338964
-0.00351646
-0.00170196
0.00026075
0.00221707
0.00296712
0.00295459
0.00296803
0.00271146
0.00138816
0.000102045
-0.00118446
-0.00172847
-0.00221496
-0.00270308
-0.00295479
-0.00305706
-0.00316433
-0.00304322
-0.0020177
-0.00102353
-2.89686e-05
0.000406883
0.000799378
0.00119308
0.000590926
-0.000640595
-0.00185
-0.002861
-0.00308496
-0.00333536
-0.0035847
-0.00276491
-0.00186302
-0.000964511
0.000177821
0.00147398
0.00276408
0.00363667
0.00285588
0.00213128
0.00140528
0.000288897
-0.000857027
-0.00200119
-0.00260414
-0.00286467
-0.00313653
-0.00324346
-0.00269864
-0.00217605
-0.00165307
-0.000355807
0.00100068
0.00235426
0.00283636
0.00276706
0.00271627
0.00236864
0.000846587
-0.000635172
-0.00211729
-0.00244533
-0.00268363
-0.00292477
-0.0125759
-0.028178
-0.043571
-0.00152247
-0.0014185
8.35592e-05
0.00153803
0.00203648
0.00246018
0.00288608
0.0021769
0.000749729
-0.000652617
-0.00182186
-0.00206639
-0.00234148
-0.00261538
-0.00176997
-0.000837963
9.05531e-05
0.000988186
0.001866
0.00274389
0.00344676
0.00345747
0.00349109
0.00352393
0.00236911
0.00112244
-0.000120378
-0.000881905
-0.00133854
-0.00180495
-0.00208471
-0.00162659
-0.00119313
-0.000759139
1.99535e-05
0.00082552
0.00162968
0.00236346
0.0030525
0.00374255
0.00399137
0.00249215
0.00105141
-0.000390306
-0.000971258
-0.00148461
-0.00199986
-0.0021993
-0.00219879
-0.00220484
-0.00191345
-0.000443507
0.000986834
0.00241754
0.00288935
0.00328585
0.00368457
0.00303937
0.00173326
0.000449631
-0.000658407
-0.00106973
-0.00150355
-0.00193635
-0.00217652
-0.00240145
-0.00262673
-0.00232091
-0.00167877
-0.00104802
-0.000323083
0.000775077
0.00186036
0.00294536
0.00257015
0.00208058
0.00159505
0.000717395
-0.000408402
-0.0015254
-0.00244044
-0.00255558
-0.00269663
-0.00283674
-0.00294582
-0.00305239
-0.00315898
-0.00294721
-0.00253376
-0.00212712
-0.00152427
-0.000143408
0.00121138
0.00256614
0.00215594
0.00160712
0.00106313
0.000232749
-0.000778847
-0.00178394
-0.00263583
-0.00288129
-0.00314614
-0.0034102
-0.0034807
-0.0035359
-0.00359156
-0.00273849
-0.00130963
9.97705e-05
0.00110743
0.000522011
-1.18028e-05
-0.000546933
-0.00134459
-0.0021625
-0.00297924
-0.00338857
-0.00353953
-0.00369868
-0.00383048
-0.00385514
-0.00388322
-0.00391118
-0.00265236
-0.00129262
6.30209e-05
6.39297e-05
-0.000794198
-0.00162431
-0.00238306
-0.0028568
-0.00333935
-0.00382131
-0.00394857
-0.00404771
-0.00414768
-0.00416691
-0.00413496
-0.00410466
-0.00395092
-0.00330776
-0.00268059
-0.00205332
-0.00244722
-0.00292177
-0.00339345
-0.00377663
-0.00410355
-0.00443206
-0.0046994
-0.00472503
-0.00475831
-0.00479132
-0.00476376
-0.00473141
-0.00469923
-0.00440306
-0.00393949
-0.00348152
-0.00317184
-0.00345019
-0.00370975
-0.00396975
-0.00427097
-0.00457529
-0.00487933
-0.0050477
-0.00512997
-0.00521491
-0.00528303
-0.00528495
-0.00528896
-0.0052929
-0.00529942
-0.00530614
-0.00531285
-0.00535942
-0.00543128
-0.00550229
-0.00556307
-0.00558324
-0.00560467
-0.00562605
-0.00563885
-0.00565095
-0.00566307
-0.00564612
-0.00561073
-0.00557593
-0.00554606
-0.00553576
-0.00552485
-0.00551396
-0.00554837
-0.00558636
-0.00562422
-0.00562764
-0.00560921
-0.00559147
-0.00558613
-0.00563002
-0.00567234
-0.00571469
-0.00574764
-0.00577982
-0.00581201
-0.00580116
-0.00576299
-0.0057257
-0.00570783
-0.00576705
-0.00582382
-0.00588064
-0.00583298
-0.005777
-0.00572132
-0.00572592
-0.00576881
-0.00581049
-0.00584585
-0.00585611
-0.00586715
-0.00587816
-0.00586461
-0.00584911
-0.00583368
-0.00584477
-0.0058727
-0.00590009
-0.00592522
-0.00594138
-0.0059578
-0.00597421
-0.0060117
-0.00605086
-0.00608994
-0.00607807
-0.00603384
-0.00599064
-0.0059498
-0.00591835
-0.00588663
-0.00585493
-0.00582747
-0.00580035
-0.00577325
-0.00576026
-0.00575624
-0.00575195
-0.00575078
-0.00577746
-0.00580326
-0.00582908
-0.00584992
-0.0058511
-0.00585288
-0.00585464
-0.00581778
-0.00577246
-0.00572744
-0.00570858
-0.00571508
-0.00572079
-0.00572653
-0.00573226
-0.00573798
-0.00574371
-0.00574943
-0.00578238
-0.0058417
-0.00590018
-0.00595541
-0.00598154
-0.00600855
-0.00603552
-0.00600472
-0.00596126
-0.00591822
-0.00589152
-0.00588067
-0.00586934
-0.00585948
-0.00586261
-0.00586535
-0.00586809
-0.00588191
-0.00589814
-0.0059143
-0.00589796
-0.00585015
-0.00580333
-0.00576161
-0.00576573
-0.00576845
-0.00577122
-0.00577251
-0.00577348
-0.00577446
-0.00577495
-0.00577496
-0.005775
