0
0.0132116
0.0118796
0.0117336
0.0114894
0.0113638
0.011302
0.011235
0.0112881
0.0116101
0.0119093
0.01221
0.0118778
0.0115281
0.0111805
0.0110623
0.0110778
0.0110824
0.0110804
0.0110615
0.0110441
0.0110265
0.0105833
0.0101756
0.00976565
0.00947928
0.00926504
0.00904527
0.00893661
0.00907626
0.00919549
0.00931619
0.00901951
0.00875717
0.00849247
0.00832343
0.00821024
0.00809272
0.00794686
0.0077362
0.0075311
0.00732589
0.00795616
0.00861092
0.00926266
0.00889132
0.00792172
0.00700165
0.00635437
0.00632811
0.00625221
0.00618039
0.00627411
0.00637288
0.00647108
0.00673288
0.00709028
0.00743952
0.00760381
0.00735111
0.0071319
0.00691039
0.00682568
0.00674541
0.00666491
0.00655006
0.00641513
0.006282
0.00619482
0.00621114
0.00621928
0.00622805
0.00625252
0.00627572
0.00629899
0.00635983
0.0064427
0.00652371
0.00650658
0.00626827
0.00604762
0.00582593
0.00580656
0.00577145
0.00573762
0.00560411
0.0054122
0.00522513
0.00505067
0.00490513
0.00475757
0.00461039
0.00460696
0.00460835
0.00460936
0.0047129
0.00487664
0.00503548
0.00508211
0.00487536
0.00468842
0.00450024
0.00447879
0.00446305
0.00444689
0.00454503
0.00471038
0.00487033
0.00497831
0.0049685
0.0049677
0.00496622
0.00501058
0.00505647
0.00510217
0.00491
0.00457778
0.00425669
0.0038911
0.00342652
0.00297014
0.00251382
0.0024441
0.00234526
0.00224877
0.00230682
0.0024561
0.00259828
0.00265043
0.00249858
0.0023623
0.00222505
0.00218953
0.00214642
0.00210395
0.0021138
0.00215458
0.00219298
0.00231421
0.00262193
0.00291527
0.00320925
0.00300944
0.00279193
0.00257606
0.0024469
0.00236913
0.00228765
0.00216544
0.00195051
0.00174276
0.00153479
0.00136144
0.00118959
0.00101788
0.00101281
0.00110629
0.00119238
0.00124492
0.00122066
0.00120208
0.00118311
0.00119371
0.00120539
0.00121698
0.00143103
0.00176481
0.00208935
0.00244333
0.00286282
0.00327691
0.0036908
0.00343928
0.0032366
0.00303065
0.00269434
0.00228077
0.00187342
0.00147149
0.00108205
0.000692268
0.000303077
0.000358686
0.000382052
0.000407715
0.00109268
0.00216845
0.0032145
0.00407961
0.00453317
0.00501569
0.00549543
0.005162
0.00479719
0.00443515
0.00392355
0.00332354
0.00273072
0.00229214
0.00220202
0.00208713
0.00197418
0.00254662
0.00314548
0.00374162
0.00417404
0.00450886
0.00485015
0.00505502
0.00495339
0.00487365
0.00479247
0.00450256
0.00420464
0.0039077
0.00396319
0.00422826
0.00447816
0.00474866
0.00506366
0.00537509
0.00568632
0.00571008
0.005754
0.00579645
0.00536775
0.00465878
0.00397045
0.00332621
0.00278368
0.00223481
0.00168714
0.00149622
0.00128068
0.00106715
0.00120695
0.00155722
0.00189236
0.00216846
0.00230923
0.00245921
0.00260834
0.00187658
0.00110909
0.00034514
-2.41658e-05
-0.000157878
-0.000307687
-0.000389573
-0.000320729
-0.000262376
-0.00020338
9.3449e-06
0.00022828
0.000446486
0.00100933
0.00177751
0.00253054
0.00294421
0.00258928
0.00228749
0.00198246
0.00130922
0.000621102
-6.50567e-05
-0.000497232
-0.000777471
-0.00106769
-0.00126084
-0.00123652
-0.00122702
-0.00121653
-0.00096666
-0.000733377
-0.000499284
-0.000305408
-0.000135615
3.55788e-05
5.02154e-05
-0.000288874
-0.000603606
-0.000919556
-0.00133026
-0.00173402
-0.0021377
-0.00240177
-0.00258223
-0.00276807
-0.00292307
-0.00300946
-0.00310034
-0.0031908
-0.00297676
-0.0027496
-0.00252362
-0.00222855
-0.0018923
-0.00155926
-0.0013562
-0.00144733
-0.00151872
-0.00159133
-0.00178937
-0.00199275
-0.0021955
-0.00226514
-0.00225499
-0.00225014
-0.0020911
-0.00158375
-0.00110013
-0.000615587
-9.42349e-05
0.00042816
0.000949796
0.000927139
0.000578217
0.000251263
-8.80854e-05
-0.000452704
-0.000815181
-0.00117732
-0.00125904
-0.00135906
-0.00145775
-0.00111839
-0.000516357
6.76826e-05
0.000736024
0.00159359
0.00243767
0.00328152
0.00350459
0.00376787
0.00402818
0.00406956
0.00397938
0.00389789
0.00385626
0.00390615
0.00395003
0.00399424
0.00370722
0.00340527
0.00310467
0.00294795
0.00287778
0.0028021
0.00279312
0.0029343
0.00306561
0.00319739
0.00271605
0.00220675
0.0016999
0.00133503
0.00105576
0.000771348
0.000570147
0.000556275
0.000530412
0.000505351
0.0011378
0.00180038
0.00246019
0.00275337
0.00282578
0.00291218
0.0027732
0.00212556
0.00151114
0.000895393
0.000657088
0.000395092
0.000134933
0.000415995
0.0010228
0.00160818
0.00220973
0.00284577
0.00347882
0.00411126
0.00363736
0.00323394
0.00282659
0.00225158
0.00157565
0.000906933
0.000379886
0.000174042
-5.17452e-05
-0.000275995
-0.000155372
-1.82742e-05
0.000117618
0.000953329
0.00221046
0.00343963
0.00409261
0.0034367
0.00286341
0.00228568
0.0017093
0.00113359
0.000558561
0.000175651
-9.11927e-05
-0.000364927
-0.000561004
-0.000582369
-0.00061456
-0.000646038
8.43111e-05
0.000766524
0.00145087
0.00210242
0.002734
0.00336602
0.00354663
0.00270411
0.0019258
0.00114448
0.000490193
-0.000171111
-0.000831169
-0.00125148
-0.00152677
-0.00181064
-0.00188935
-0.0015042
-0.00114798
-0.000790429
0.000402463
0.00163556
0.00286468
0.00308504
0.00269552
0.00234374
0.00189407
0.00122703
0.000574047
-7.89936e-05
-0.000504891
-0.000944094
-0.00138195
-0.00178471
-0.00216602
-0.00254817
-0.00277202
-0.00263726
-0.0025244
-0.00241035
-0.00115084
0.00016507
0.00147598
0.00198143
0.00199912
0.00204622
0.00183763
0.0010527
0.000303445
-0.000447061
-0.000813966
-0.0012035
-0.0015912
-0.00188338
-0.00211754
-0.0023549
-0.00238413
-0.00194157
-0.00152778
-0.00111277
0.000147196
0.00135515
0.00256478
0.00270851
0.00220653
0.00174365
0.00119498
0.000456179
-0.000270424
-0.000996888
-0.0013365
-0.00165583
-0.00197598
-0.00222988
-0.00244356
-0.00265937
-0.00255219
-0.00171199
-0.000916152
-0.000118633
0.000918992
0.00194121
0.00296313
0.00304672
0.00256115
0.00210969
0.00157523
0.000856189
0.000148847
-0.000558351
-0.000947029
-0.00131867
-0.00169088
-0.00187707
-0.00195032
-0.0020301
-0.00169584
-0.00042178
0.000795827
0.00201531
0.00264727
0.00331279
0.00397558
0.00405261
0.0037738
0.00351605
0.00311556
0.00239313
0.00169026
0.000987072
0.000678902
0.000348164
1.91183e-05
-0.000107272
-0.000110421
-0.000120703
0.000331134
0.00183238
0.00327124
0.00471204
0.00484161
0.00490128
0.00496492
0.00432822
0.00326619
0.00222987
0.00131722
0.000687608
4.24505e-05
-0.000601073
-0.000857567
-0.00113597
-0.0014128
-0.00154157
-0.00158017
-0.00162389
-0.00114087
0.00053902
0.0021486
0.00376036
0.00383972
0.00383646
0.00383792
0.00335218
0.00257031
0.00180619
0.00109157
0.000490713
-0.000115922
-0.00072154
-0.000927128
-0.00115517
-0.00138169
-0.00159282
-0.00179445
-0.00199639
-0.00172606
-0.000381955
0.000899967
0.00218395
0.00268123
0.00322233
0.00376034
0.00368754
0.00324252
0.00281895
0.00229438
0.00154223
0.000803715
6.52602e-05
-0.000415072
-0.00088077
-0.00134677
-0.00162378
-0.00178552
-0.00195352
-0.00180677
-0.000945018
-0.000124172
0.000698042
0.00142481
0.0021561
0.00288631
0.00295622
0.00262336
0.00231328
0.00189523
0.00123403
0.00058707
-5.99609e-05
-0.00046456
-0.000855314
-0.0012464
-0.00152523
-0.00173546
-0.00194926
-0.00202888
-0.00180391
-0.00159602
-0.00138742
0.000210389
0.00172981
0.00325188
0.00374247
0.00360326
0.00349887
0.00321166
0.00251267
0.00183708
0.00116094
0.000709905
0.000247019
-0.00021471
-0.000592193
-0.000918038
-0.00124635
-0.00140604
-0.00118266
-0.000980465
-0.000777332
0.00053298
0.00190444
0.00327107
0.0038349
0.00390773
0.00400721
0.00382024
0.00298466
0.00218523
0.00138471
0.000841419
0.000284759
-0.000270572
-0.000723667
-0.00111404
-0.00150739
-0.00178811
-0.00181332
-0.00185231
-0.00189052
-0.000734091
0.000489282
0.00170772
0.00238407
0.0027284
0.00309024
0.00307448
0.00220159
0.00137571
0.000548202
-1.57159e-06
-0.000565664
-0.00112838
-0.00152587
-0.00182205
-0.00212333
-0.00236952
-0.00249127
-0.00261955
-0.00274734
-0.00191891
-0.00114242
-0.000363981
0.000301378
0.000897333
0.00149635
0.00180616
0.00145843
0.00114605
0.000832126
0.000277761
-0.000289995
-0.000856437
-0.00132493
-0.0017332
-0.00214424
-0.0024608
-0.00256305
-0.00267653
-0.0027893
-0.00265906
-0.00254179
-0.00242396
-0.00155184
-0.00021772
0.00109064
0.00191357
0.00162916
0.00140333
0.00117466
0.000399264
-0.000407347
-0.00121147
-0.0016732
-0.00192473
-0.00218703
-0.00242799
-0.00262205
-0.00281835
-0.00301433
-0.00305788
-0.00310936
-0.00316036
-0.00247653
-0.00134214
-0.000232439
0.000657313
0.00104435
0.00145716
0.00186821
0.0014365
0.000955517
0.000477594
-7.64965e-05
-0.000677034
-0.00127454
-0.00177176
-0.00204086
-0.0023215
-0.00260125
-0.0026319
-0.00264776
-0.00266438
-0.0020568
-0.00106621
-9.64268e-05
0.000751084
0.00111488
0.00150324
0.00188993
0.0014983
0.00106072
0.000625955
6.24907e-05
-0.000579738
-0.00121726
-0.00171936
-0.00191304
-0.00212234
-0.00233062
-0.00243157
-0.00252602
-0.00262069
-0.00228291
-0.0016795
-0.00109028
-0.000499976
9.35316e-05
0.00068627
0.00127844
0.00154616
0.00179417
0.00204292
0.00172974
0.00107122
0.000430922
-0.000142736
-0.000563145
-0.000990906
-0.00141786
-0.00171283
-0.00199959
-0.00228646
-0.00243679
-0.0025031
-0.00257358
-0.00224076
-0.00098872
0.000215627
0.00142117
0.00176691
0.00206033
0.00235608
0.00232321
0.00208823
0.00186365
0.00154741
0.000870853
0.000213078
-0.00044498
-0.000901104
-0.00134455
-0.00178819
-0.00204454
-0.00218553
-0.00233215
-0.00244563
-0.00248434
-0.00252675
-0.00256893
-0.0154628
-0.0291294
-0.0427438
-0.0563472
0.00463329
0.00196576
0.0022605
0.00156745
0.000924228
0.000279172
-0.000312288
-0.000899951
-0.00148722
-0.00179511
-0.00193076
-0.00207482
-0.00220823
-0.00231853
-0.00242986
-0.00254103
-0.00150343
-0.000396082
0.000706727
0.00156265
0.00226599
0.00297617
0.00343943
0.00334097
0.00327029
0.0031983
0.00276608
0.00231198
0.00185941
0.00139301
0.000918297
0.000444457
3.13723e-05
-0.000143072
-0.000329044
-0.000514269
-0.000357438
-0.000179532
-2.83058e-06
0.000614743
0.00150401
0.00237914
0.00311287
0.00352339
0.00394928
0.004374
0.004364
0.00432693
0.00429122
0.00396929
0.00347089
0.00298155
0.0024915
0.00199898
0.00150706
0.00101559
0.000656838
0.000306689
-4.35379e-05
-0.000211163
-0.000266018
-0.000326275
-0.000222669
0.000254335
0.00071284
0.00117179
0.00201986
0.00289159
0.00376135
0.00410287
0.00411802
0.00414886
0.00396717
0.00330201
0.00266074
0.00201894
0.0014027
0.000788602
0.000174987
-0.000221901
-0.00048476
-0.00075379
-0.00098653
-0.00107791
-0.00117596
-0.00127361
-0.00135423
-0.0014337
-0.00151316
-0.00131482
-0.000944866
-0.00058345
1.77778e-05
0.00116616
0.00228739
0.00340884
0.00366343
0.00386284
0.00406469
0.00366221
0.00288633
0.00212891
0.00138464
0.000693669
8.25925e-07
-0.000691272
-0.000946284
-0.00117327
-0.00140136
-0.00155525
-0.00166324
-0.0017733
-0.00188297
-0.00199211
-0.00210117
-0.00221013
-0.00216919
-0.00211871
-0.00206873
-0.00116915
0.000255777
0.00165466
0.00274904
0.00314671
0.00357671
0.0040048
0.00377581
0.0035049
0.00323621
0.00250642
0.00149155
0.000490973
-0.000381319
-0.000746951
-0.00113592
-0.00152343
-0.00172094
-0.00190605
-0.00209158
-0.0022286
-0.00233555
-0.00244381
-0.00254144
-0.0026151
-0.0026898
-0.00276438
-0.00254578
-0.00230844
-0.00207219
-0.00114194
0.000217819
0.00155641
0.00268248
0.00296875
0.00329363
0.00361642
0.00354039
0.00343859
0.00333808
0.00288657
0.00221776
0.00155959
0.000882377
0.000161966
-0.000555791
-0.00127301
-0.00160448
-0.00191062
-0.00221765
-0.00240648
-0.00252203
-0.00264084
-0.00274897
-0.00283318
-0.00291841
-0.00300352
-0.00312476
-0.00324826
-0.00337155
-0.00272032
-0.00158908
-0.000480819
0.000595719
0.00154576
0.0025007
0.00345455
0.00346821
0.00342041
0.00337545
0.0030993
0.00267993
0.00226746
0.00173881
0.000944847
0.000163662
-0.000617394
-0.00105959
-0.00147921
-0.00189947
-0.00213869
-0.00226553
-0.00239736
-0.00252199
-0.00261946
-0.00271807
-0.00281655
-0.00289891
-0.00298014
-0.00306136
-0.00313675
-0.00320851
-0.00328037
-0.00334472
-0.00339201
-0.00344002
-0.00348796
-0.00328687
-0.00306952
-0.00285309
-0.0018123
-0.000260051
0.00126784
0.00243048
0.00275725
0.0031212
0.00348317
0.00366952
0.00384409
0.00401903
0.00387551
0.00353425
0.00320213
0.00272456
0.00167276
0.000647545
-0.000377947
-0.000852677
-0.00129047
-0.00172953
-0.00200453
-0.00217759
-0.00235502
-0.00252693
-0.00268687
-0.00284719
-0.00300736
-0.00312112
-0.0032317
-0.00334232
-0.00342026
-0.00347787
-0.00353633
-0.00358085
-0.00357059
-0.00356276
-0.00355483
-0.00277165
-0.00193732
-0.00110598
-5.77114e-05
0.00112502
0.00230079
0.00320393
0.00348419
0.00379163
0.00409761
0.00415286
0.00419126
0.00423037
0.00344384
0.00214414
0.000868114
-0.000153995
-0.000594327
-0.00105979
-0.00152374
-0.00168267
-0.00182098
-0.00196007
-0.00212886
-0.00231611
-0.00250239
-0.00266934
-0.00276016
-0.00285424
-0.00294809
-0.00302997
-0.00311098
-0.00319195
-0.00326097
-0.00332254
-0.00338437
-0.00346323
-0.0035811
-0.00369718
-0.00381324
-0.00285798
-0.0018311
-0.000808222
0.000268628
0.00137864
0.00248626
0.00344667
0.00382748
0.00423306
0.00463721
0.0046636
0.00466437
0.00466625
0.00427853
0.00364837
0.00302922
0.00257226
0.00248686
0.00238551
0.00228494
0.0029838
0.00373642
0.00448608
0.00476132
0.00474093
0.00473326
0.00473951
0.00477888
0.00481679
0.00485474
0.00466456
0.00445899
0.00425426
0.00399975
0.00371431
0.00343044
0.00301898
0.00210248
0.00120835
0.000314021
-3.5707e-05
-0.000347981
-0.000661587
-0.000881827
-0.00104386
-0.00120823
-0.00136897
-0.00152181
-0.00167486
-0.00182777
-0.0018307
-0.00182336
-0.00181646
-0.00137279
-0.000656997
4.66468e-05
0.000883423
0.00224647
0.00358607
0.00492553
0.0048956
0.00477168
0.00465185
0.00373855
0.00233087
0.000945254
-0.000112151
-0.000417579
-0.000754478
-0.00108977
-0.00124006
-0.00137751
-0.00151538
-0.00162479
-0.00171643
-0.00180874
-0.00190417
-0.00200692
-0.00210927
-0.00221155
-0.00187244
-0.00150313
-0.00113539
2.44753e-05
0.00167819
0.00330982
0.00463865
0.00477008
0.00495151
0.00513069
0.00492786
0.00469874
0.00447091
0.0038978
0.0031094
0.00233064
0.00156847
0.000844367
0.000119284
-0.000605154
-0.000784149
-0.000925178
-0.00106767
-0.00119928
-0.00132412
-0.00144913
-0.00158262
-0.00175001
-0.00191586
-0.00208163
-0.00205392
-0.00201278
-0.00197222
-0.00102522
0.000487531
0.00197562
0.00313163
0.00352633
0.00395217
0.00437638
0.00427864
0.00414459
0.00401214
0.00394422
0.00391667
0.00388747
0.00349776
0.00228213
0.00110149
-7.96171e-05
-0.000440972
-0.000744787
-0.00105072
-0.00129053
-0.00148903
-0.00168907
-0.00186479
-0.00194503
-0.00202912
-0.00211299
-0.00189078
-0.0016473
-0.00140489
-0.000275482
0.00140794
0.00306734
0.00422452
0.00423079
0.00428403
0.00433531
0.00427023
0.00419702
0.00412421
0.00406568
0.00401611
0.00396621
0.00377873
0.00304665
0.00233731
0.00162762
0.000943991
0.000262693
-0.000418146
-0.000790872
-0.000970821
-0.00115844
-0.00131026
-0.00138102
-0.00145499
-0.00152878
-0.00103975
-0.000511368
1.49939e-05
0.00103027
0.00235101
0.00365836
0.00442014
0.00393204
0.00349473
0.00305572
0.00339698
0.00379315
0.00418679
0.00364835
0.00252686
0.00142971
0.000462932
1.33794e-05
-0.000456584
-0.000925351
-0.00109064
-0.0012343
-0.00137871
-0.00152297
-0.00166712
-0.00181117
-0.00158465
-0.000509119
0.000531593
0.00157286
0.00232016
0.00304604
0.0037722
0.00380461
0.00340276
0.00301855
0.00275162
0.00295079
0.00313122
0.00331226
0.00226303
0.00112697
-4.72973e-06
-0.000640494
-0.000965454
-0.00130251
-0.00156388
-0.0016533
-0.00174947
-0.00184529
-0.00187242
-0.00189462
-0.001917
-0.000907498
0.000747995
0.00237661
0.00352201
0.00355906
0.00363989
0.00371893
0.00346742
0.00319245
0.00291863
0.00216685
0.0011159
7.7562e-05
-0.000790283
-0.00098375
-0.00120361
-0.00142227
-0.00147772
-0.00152143
-0.00156557
-0.00162548
-0.00169527
-0.00176461
-0.00150564
5.28458e-05
0.00155915
0.00306631
0.00336252
0.00357156
0.00378385
0.003045
0.00171029
0.000399933
-0.000680019
-0.00084715
-0.00104981
-0.00125092
-0.00142639
-0.00159988
-0.00177332
-0.000928636
0.000554098
0.00201082
0.00324437
0.00359378
0.00397733
0.00435925
0.00429769
0.0042042
0.00411201
0.00402494
0.00394113
0.00385725
0.00354301
0.00231655
0.0011264
-6.42283e-05
-0.000340251
-0.000549989
-0.000762131
-0.0009278
-0.00106434
-0.0012019
-0.00120857
-0.000697533
-0.000206874
0.000284192
0.00138619
0.00253167
0.00367459
0.00414565
0.00419502
0.00426059
0.00406579
0.00284281
0.00166032
0.000477177
4.02014e-05
-0.000342333
-0.000726664
-0.000968104
-0.00111986
-0.00127494
-0.00136359
-0.00119009
-0.00102677
-0.00086319
0.000324553
0.00158596
0.00284358
0.00333097
0.00333467
0.00335686
0.00328772
0.00285984
0.00244598
0.0020319
0.00148084
0.00092018
0.000360311
-6.6562e-05
-0.000409808
-0.000755976
-0.00105367
-0.00116067
-0.00127484
-0.00138865
-0.00152621
-0.00166542
-0.00180446
-0.000922206
0.000601177
0.00209909
0.00325705
0.00306841
0.00293091
0.00279158
0.00245939
0.00211331
0.00176801
0.00123844
0.000593278
-4.70316e-05
-0.000616682
-0.000907242
-0.00120811
-0.00150837
-0.00162023
-0.0017182
-0.00181662
-0.00159543
-0.00117349
-0.000759434
-0.000218292
0.000825863
0.00185032
0.00287475
0.00289746
0.00284658
0.00279851
0.00248173
0.00199623
0.00151743
0.00100142
0.000338022
-0.00031936
-0.000976476
-0.00125341
-0.00150219
-0.00175184
-0.00190961
-0.00200962
-0.0021117
-0.00196466
-0.000831495
0.000264027
0.00136014
0.00195307
0.00250852
0.00306495
0.00318878
0.00304063
0.00290272
0.00255961
0.00140505
0.000281513
-0.000842341
-0.00111333
-0.00132115
-0.00153116
-0.00160482
-0.00159277
-0.0015839
-0.00131519
-1.7776e-05
0.00124058
0.00249944
0.0028227
0.00307651
0.00333271
0.00310507
0.00257323
0.00205302
0.00147153
0.000647903
-0.00016618
-0.000980014
-0.00121502
-0.00140696
-0.00160035
-0.0017042
-0.00175173
-0.00180129
-0.00157345
-0.000247205
0.00103768
0.00232315
0.00269688
0.00300267
0.00331073
0.00278195
0.00172679
0.000691703
-0.000200124
-0.000523812
-0.000868074
-0.00121133
-0.00141262
-0.00160321
-0.00179405
-0.00151474
-0.000939601
-0.00037569
0.000246878
0.0011014
0.00194683
0.00279197
0.00296314
0.00308397
0.00320655
0.00279634
0.00205086
0.00131814
0.00062411
8.36343e-05
-0.000462032
-0.00100711
-0.00116631
-0.0012966
-0.00142784
-0.00143548
-0.00136531
-0.00129802
-0.000951831
0.000498947
0.00190865
0.00331882
0.00333272
0.00324218
0.00315548
0.00258904
0.0017207
0.0008639
9.97958e-05
-0.00029726
-0.00070728
-0.00111654
-0.00124611
-0.00135463
-0.00146384
-0.00130767
-0.000984378
-0.000667338
-0.00018927
0.000926551
0.00201863
0.00311077
0.00313358
0.0030761
0.00302155
0.00286842
0.00265331
0.00244057
0.00213265
0.00144756
0.000776471
0.000105363
-0.000307383
-0.000700442
-0.00109392
-0.0013107
-0.00141609
-0.00152538
-0.0016059
-0.00157322
-0.00154461
-0.00151587
-0.000121569
0.00137469
0.00286625
0.00345139
0.00346495
0.00349885
0.00335006
0.00248035
0.00163692
0.000793148
0.000195366
-0.00038348
-0.000962589
-0.0012931
-0.00146682
-0.00164598
-0.00170249
-0.0012742
-0.000863406
-0.00045228
0.000400201
0.0012855
0.00216901
0.00252108
0.00253791
0.00256659
0.00245614
0.00179613
0.00115601
0.000515631
-5.10932e-05
-0.000611888
-0.0011725
-0.00151519
-0.00172036
-0.00193023
-0.002089
-0.00204638
-0.00201089
-0.00197516
-0.00082534
0.000408235
0.001638
0.00223545
0.0024338
0.00264602
0.00266253
0.00190583
0.00117679
0.000447299
-0.000143966
-0.000724366
-0.00130474
-0.00156752
-0.00162986
-0.00169917
-0.00178177
-0.00191817
-0.00205259
-0.00218699
-0.00093764
0.000416186
0.00176542
0.00227925
0.00226566
0.00227047
0.00228101
0.00231682
0.00235172
0.00238662
0.00178527
0.00113581
0.00048848
-5.15237e-05
-0.000523607
-0.000997724
-0.00141229
-0.00159212
-0.00177998
-0.00196743
-0.00207338
-0.00217304
-0.00227286
-0.00157496
-0.000373616
0.000809457
0.00174269
0.00168566
0.00166293
0.00163904
0.00142093
0.00118811
0.000955958
0.000445333
-0.000240999
-0.000920792
-0.00150339
-0.00170124
-0.00191222
-0.0021226
-0.00221821
-0.00230496
-0.00239197
-0.00178114
-0.000729725
0.000305808
0.00115051
0.00123879
0.001353
0.00146624
0.00129473
0.00110148
0.000909109
0.000422494
-0.00024986
-0.000915385
-0.00147644
-0.00162386
-0.00178533
-0.00194622
-0.00206035
-0.00217081
-0.00228133
-0.00163257
-0.000504251
0.000606914
0.00154272
0.00178337
0.00204759
0.00231082
0.00177768
0.00118361
0.000592022
1.2742e-05
-0.000558572
-0.00112977
-0.0016169
-0.00177197
-0.00193822
-0.00210398
-0.00220289
-0.0022966
-0.00239043
-0.00171905
-0.000564183
0.000573491
0.00151848
0.00169966
0.0019066
0.00211253
0.00161714
0.00106794
0.000520941
-8.80542e-05
-0.000736053
-0.00138229
-0.00190559
-0.00194256
-0.00199594
-0.00204872
-0.00211899
-0.00219056
-0.00226204
-0.00149414
-0.000195703
0.00108398
0.00208374
0.00197383
0.00190137
0.00182769
0.000831857
-0.000234724
-0.00129821
-0.00178469
-0.00190611
-0.0020397
-0.00215471
-0.00219794
-0.00224354
-0.00228904
-0.0015937
-0.000841376
-9.1466e-05
0.000378317
0.000670759
0.000968942
0.00118179
0.00105768
0.00094493
0.000831873
0.00016105
-0.000552652
-0.00126444
-0.0104064
-0.0248794
-0.0391649
-0.000829738
-0.00227748
-0.00239816
-0.00256298
-0.00184953
-0.00106843
-0.000290094
0.000306261
0.000787279
0.00127181
0.0015762
0.00116776
0.000783278
0.000398255
0.000116729
-0.00015658
-0.00042998
-0.000774887
-0.00116497
-0.0015533
-0.00189467
-0.00205036
-0.00221209
-0.00237352
-0.00247619
-0.00257422
-0.00267234
-0.00186903
-0.000495324
0.00085863
0.00191559
0.00179502
0.0017134
0.00163055
0.000928938
0.000179452
-0.000567963
-0.00107922
-0.00144081
-0.00180709
-0.00210565
-0.00213701
-0.00217715
-0.00221696
-0.00190263
-0.00156081
-0.00122011
-0.000610521
0.000169172
0.000942771
0.00155627
0.00153563
0.00153581
0.0015353
0.00149817
0.0014582
0.00141835
0.00112219
0.000663776
0.000210968
-0.000228904
-0.000617631
-0.00100778
-0.00139762
-0.00160463
-0.00179719
-0.0019901
-0.00208837
-0.00212669
-0.00216695
-0.00193732
-0.000637857
0.000625916
0.00189003
0.00189354
0.00179814
0.00170603
0.00136532
0.000867268
0.000374655
-0.000112428
-0.000577838
-0.00104365
-0.00150915
-0.00170799
-0.00188578
-0.00206413
-0.00192047
-0.00157281
-0.001232
-0.000808779
-5.90013e-05
0.000679723
0.00141833
0.00129029
0.00109415
0.000900334
0.000418733
-0.000245091
-0.000902603
-0.00147069
-0.00168461
-0.00190982
-0.00213451
-0.00202498
-0.00188919
-0.00175433
-0.00116786
-0.0002953
0.000567489
0.00121898
0.00103291
0.000873897
0.000714111
3.73924e-05
-0.000679718
-0.00139507
-0.00178654
-0.00197256
-0.00216506
-0.00231042
-0.00227005
-0.00223565
-0.00220108
-0.00143973
-0.000621414
0.000194557
0.000420357
0.000271868
0.000135443
-0.000101724
-0.000737167
-0.00135948
-0.00198182
-0.00216053
-0.00230405
-0.00244861
-0.00229769
-0.00195944
-0.00162738
-0.00128419
-0.000896981
-0.00051142
-0.000126052
-0.000603721
-0.00114946
-0.00169269
-0.00206753
-0.00233542
-0.00260655
-0.00283982
-0.00292389
-0.00301265
-0.0031012
-0.00266449
-0.00218638
-0.00170989
-0.00162098
-0.00177798
-0.00192709
-0.00211127
-0.0024338
-0.00275174
-0.00306963
-0.00318377
-0.00328167
-0.00338001
-0.0033605
-0.00326623
-0.00317438
-0.00309456
-0.00306264
-0.00302922
-0.00299587
-0.00318781
-0.00339755
-0.00360659
-0.00371277
-0.00375363
-0.00379653
-0.00380871
-0.00369942
-0.00359401
-0.00348855
-0.003606
-0.00374112
-0.00387561
-0.00395049
-0.00398752
-0.00402571
-0.00405535
-0.00405124
-0.0040482
-0.00404513
-0.00409332
-0.00414558
-0.00419767
-0.00424159
-0.0042803
-0.00431915
-0.00436068
-0.00441296
-0.00446487
-0.00451676
-0.00449622
-0.00446992
-0.00444381
-0.00446166
-0.00450741
-0.00455227
-0.00458721
-0.00458281
-0.00457963
-0.00457641
-0.00462075
-0.00466886
-0.00471683
-0.00473533
-0.00473511
-0.00473547
-0.00473338
-0.00472162
-0.00471016
-0.00469871
-0.00471773
-0.00473918
-0.00476055
-0.00477984
-0.00479782
-0.00481583
-0.00482643
-0.00480772
-0.00478992
-0.00477211
-0.00481591
-0.00486461
-0.00491314
-0.00492036
-0.00490135
-0.00488316
-0.00486654
-0.00485619
-0.00484566
-0.00483514
-0.00483472
-0.00483511
-0.00483548
-0.00486431
-0.00491121
-0.00495753
-0.00500144
-0.0050238
-0.00504682
-0.00506979
-0.00508066
-0.0050435
-0.00500784
-0.00497216
-0.00499298
-0.00502616
-0.00505894
-0.00506293
-0.00503901
-0.00501597
-0.00499291
-0.00496987
-0.00494684
-0.00492383
-0.00490082
-0.00490019
-0.00492121
-0.00494155
-0.00496049
-0.00496673
-0.00497336
-0.00497997
-0.00498065
-0.00498003
-0.00497946
-0.00499188
-0.0050169
-0.00504151
-0.00506334
-0.00506021
-0.00505784
-0.00505545
-0.00504863
-0.00504085
-0.00503309
-0.00502723
-0.0050232
-0.00501911
-0.00501511
-0.00501186
-0.0050086
-0.00500534
-0.00503887
-0.00508047
-0.0051218
-0.00513525
-0.00512169
-0.00510896
