0
0.00963619
0.00868177
0.00856497
0.00837879
0.00814135
0.00787035
0.00760258
0.00751279
0.00782296
0.00809957
0.00837849
0.00792483
0.00745107
0.00697973
0.00679031
0.00676542
0.00672704
0.00673537
0.006846
0.00694806
0.00705065
0.00597025
0.00498835
0.004
0.00358072
0.00349336
0.00337909
0.00323906
0.00303577
0.00283795
0.00264002
0.00255845
0.00246757
0.0023776
0.00212844
0.00178648
0.00145257
0.00129563
0.00153751
0.00174684
0.00195845
0.00207919
0.00219701
0.00231488
0.00170382
0.000666813
-0.000334375
-0.000997097
-0.000893788
-0.000851926
-0.000805219
-0.000430878
-4.68566e-05
0.00033578
0.000234035
-0.000151315
-0.000513489
-0.000885389
-0.00127565
-0.00166383
-0.00205156
-0.00224053
-0.00242294
-0.00260557
-0.00226329
-0.00161354
-0.000989086
-0.000447505
-9.58188e-05
0.000270266
0.000634641
0.000161545
-0.00024502
-0.00065617
-0.000695045
-0.000515715
-0.000353753
-0.000222696
-0.00016406
-9.98573e-05
-3.61895e-05
-0.000442614
-0.000811765
-0.00118324
-0.00152163
-0.00184052
-0.00216043
-0.00210404
-0.00120093
-0.000364855
0.000475117
0.000445228
0.000386261
0.000329633
0.000308011
0.000307103
0.0003046
0.000240384
3.68378e-05
-0.000155678
-0.000348745
-0.000844587
-0.00135008
-0.00185406
-0.00164266
-0.00101022
-0.000410972
0.000253679
0.00106102
0.00185624
0.00265117
0.0019799
0.00125867
0.000542342
-0.000151149
-0.000830583
-0.00151005
-0.00210227
-0.00249918
-0.00291029
-0.00331969
-0.00350647
-0.00370979
-0.00391155
-0.00333085
-0.0022889
-0.00128328
-0.000909651
-0.00196542
-0.00291213
-0.00386561
-0.00387504
-0.00395527
-0.00403007
-0.0040059
-0.00392306
-0.00384473
-0.00358093
-0.00289945
-0.00225017
-0.00159945
-0.00204853
-0.00253704
-0.0030219
-0.00349954
-0.00397251
-0.00444512
-0.00487132
-0.00519368
-0.00552325
-0.0058518
-0.00610091
-0.00634676
-0.00659248
-0.00594821
-0.00477787
-0.00364803
-0.00283294
-0.00273284
-0.00258032
-0.00243188
-0.00277765
-0.00314154
-0.00350356
-0.00379726
-0.00405028
-0.0043059
-0.00437289
-0.00401507
-0.00368878
-0.00336066
-0.0029641
-0.00257311
-0.00218227
-0.00219301
-0.00244169
-0.00267274
-0.0030017
-0.00354921
-0.00408008
-0.00461139
-0.00505271
-0.0054999
-0.00594602
-0.00487884
-0.00291463
-0.00101792
0.000718029
0.00208324
0.00347315
0.0048593
0.00369416
0.00243077
0.00117623
9.3604e-05
-0.000886044
-0.00187166
-0.0026593
-0.00300265
-0.00337724
-0.00374907
-0.00357709
-0.00338377
-0.00319224
-0.00199277
-0.000195121
0.00155746
0.00267315
0.00234575
0.00212117
0.00188961
0.000910484
-9.74493e-05
-0.00110192
-0.0016375
-0.00189385
-0.00216954
-0.00213638
-0.001409
-0.000731534
-5.15068e-05
0.000835596
0.0017069
0.00257809
0.00241622
0.00163962
0.000907178
-3.67232e-06
-0.00131194
-0.00259059
-0.00386952
-0.00422115
-0.004637
-0.00504779
-0.00522821
-0.00527109
-0.00532348
-0.00538014
-0.00544809
-0.00551516
-0.0055822
-0.00507624
-0.00454709
-0.00402027
-0.00427037
-0.00498359
-0.00566383
-0.00618782
-0.00635443
-0.00654545
-0.00673453
-0.00673753
-0.00673269
-0.00672839
-0.00544946
-0.00341068
-0.00142685
3.6423e-05
0.000317108
0.000678407
0.00103369
-0.00049228
-0.00209646
-0.0036931
-0.0048115
-0.0056435
-0.00649389
-0.00718148
-0.00750522
-0.00785327
-0.0081992
-0.00821408
-0.00825142
-0.00828719
-0.00692597
-0.00473051
-0.0025945
-0.00114441
-0.00125193
-0.00125405
-0.00126329
-0.00276813
-0.00417009
-0.00557709
-0.00648393
-0.00709149
-0.00771836
-0.0082571
-0.00860055
-0.00895665
-0.00931142
-0.00928328
-0.00923836
-0.00919461
-0.00770725
-0.00535662
-0.00306679
-0.00147488
-0.00146826
-0.00135595
-0.00125084
-0.00228265
-0.00336371
-0.00444006
-0.00517703
-0.00571019
-0.00625617
-0.00634956
-0.00542114
-0.00456162
-0.00369868
-0.00240989
-0.0011035
0.000199996
0.000887502
0.00120536
0.00154717
0.00174502
0.00162112
0.00151856
0.00141473
0.00181677
0.00218507
0.0025551
0.00283634
0.00306427
0.0032954
0.00378899
0.00487796
0.00592659
0.00697648
0.00717985
0.00743818
0.00769259
0.00738693
0.00674506
0.0061259
0.00545908
0.00468665
0.00392207
0.00315798
0.00228254
0.00140298
0.000524823
0.000121971
4.86349e-06
-0.000130564
-0.000265652
-0.000402964
-0.000539955
-0.00067679
-0.000935176
-0.00119892
-0.00146197
-0.00186855
-0.0023612
-0.00284769
-0.00323253
-0.00338688
-0.00355581
-0.00372359
-0.00397822
-0.00423663
-0.00449447
-0.00474853
-0.00500018
-0.00525166
-0.00545704
-0.00555828
-0.00566603
-0.00577323
-0.00580203
-0.00583577
-0.00586916
-0.00577511
-0.00560436
-0.00543869
-0.00533917
-0.00539007
-0.00543138
-0.00547325
-0.00603976
-0.00657242
-0.00710653
-0.00753098
-0.00788924
-0.00825122
-0.00855574
-0.0087311
-0.00891435
-0.00909689
-0.00911508
-0.00912533
-0.00913607
-0.00907154
-0.00896167
-0.00885478
-0.00881119
-0.00891141
-0.00900252
-0.00909408
-0.00936365
-0.00964157
-0.00991862
-0.0101206
-0.0102772
-0.0104364
-0.0105184
-0.0104258
-0.0103441
-0.0102619
-0.00986106
-0.00948047
-0.0090991
-0.0073589
-0.00479926
-0.00229347
-0.00109321
-0.0028587
-0.00443894
-0.00602866
-0.00681001
-0.0076402
-0.00846637
-0.00899115
-0.00933353
-0.0096867
-0.00990427
-0.00981622
-0.00974703
-0.00967677
-0.0073187
-0.00484955
-0.00239023
-0.000984183
-0.000215632
0.000590922
0.000737607
-0.000606679
-0.00185841
-0.00311426
-0.00412315
-0.00514584
-0.00616645
-0.00686746
-0.00737484
-0.00789337
-0.00823758
-0.00818853
-0.00816336
-0.00813678
-0.00622602
-0.00422232
-0.00222666
-0.000689946
0.000568135
0.00184151
0.00242376
0.00144103
0.000553765
-0.000338182
-0.00158147
-0.00280214
-0.0040227
-0.00482636
-0.00537728
-0.00594271
-0.00628204
-0.00611087
-0.00597049
-0.00582842
-0.00312622
-0.000580264
0.00197198
0.0028679
0.0027603
0.00271267
0.00230073
0.00106965
-0.000111213
-0.00129366
-0.0022104
-0.0031125
-0.0040144
-0.00464872
-0.00512058
-0.00560151
-0.00587722
-0.00568876
-0.005528
-0.00536579
-0.00247274
0.000255579
0.0029904
0.00354415
0.00277507
0.00208484
0.0011977
-0.000127028
-0.00142446
-0.00272197
-0.00344331
-0.00413382
-0.00482533
-0.0052707
-0.00556656
-0.00587083
-0.00598317
-0.00566103
-0.00536466
-0.00506714
-0.00194625
0.00100617
0.00396498
0.00487245
0.00453418
0.00426886
0.00370645
0.00247835
0.00129038
0.000101463
-0.000647685
-0.00142149
-0.00219296
-0.00262648
-0.00285442
-0.00309399
-0.00259968
-0.000439166
0.00162253
0.00368756
0.00443491
0.00511139
0.00579118
0.0049662
0.00322689
0.00154223
8.28414e-05
-0.00085965
-0.00183076
-0.00279912
-0.00317584
-0.00358607
-0.00399391
-0.00425926
-0.00443774
-0.00462099
-0.00381166
-0.000746411
0.00218642
0.00512347
0.00515278
0.00502544
0.00490717
0.003939
0.0024543
0.0010007
-0.000296854
-0.00123761
-0.00219758
-0.00315536
-0.00365506
-0.00418018
-0.00470327
-0.00501551
-0.00519919
-0.00538993
-0.00501341
-0.00334798
-0.00175725
-0.000164099
0.000942807
0.00207589
0.00320622
0.00302655
0.00204875
0.00111696
0.00013228
-0.000968083
-0.00206071
-0.00315255
-0.0036885
-0.00419343
-0.00469954
-0.00506648
-0.0053485
-0.00563496
-0.00564121
-0.00501098
-0.00441702
-0.00382169
-0.0013925
0.000931708
0.00325917
0.00372323
0.00305079
0.00244234
0.00165217
0.000455922
-0.000716435
-0.00188882
-0.00261992
-0.00332583
-0.00403235
-0.00455574
-0.0049672
-0.00538441
-0.0057053
-0.00580836
-0.00592335
-0.00603755
-0.00271017
0.000423719
0.00356482
0.00458647
0.0043141
0.00411324
0.00368715
0.00275731
0.00185617
0.000954442
-0.000220198
-0.00137858
-0.00253658
-0.0033011
-0.00382498
-0.00436146
-0.00479078
-0.00497857
-0.00517934
-0.00537919
-0.00293185
-0.000337652
0.00224571
0.00358731
0.00416918
0.00479178
0.00490005
0.0038435
0.0028514
0.00185688
0.000557433
-0.000724059
-0.00200513
-0.00283637
-0.00339225
-0.00396244
-0.00445384
-0.00476844
-0.00509226
-0.00541523
-0.00421721
-0.0029337
-0.00165618
-0.000101347
0.00162234
0.00333508
0.00418493
0.0030709
0.00206365
0.00105174
-0.000226064
-0.00148822
-0.00274987
-0.00359468
-0.00418407
-0.00478651
-0.0053078
-0.00564673
-0.00599506
-0.00634251
-0.00635356
-0.00638255
-0.00641056
-0.00474124
-0.00203323
0.000616559
0.00239911
0.00220279
0.00211193
0.00201557
0.000706844
-0.000670786
-0.0020433
-0.00300276
-0.00370867
-0.00442727
-0.00503225
-0.00538096
-0.00574286
-0.00610368
-0.00613735
-0.00618826
-0.00623821
-0.00440095
-0.00140769
0.00152148
0.00337215
0.00276181
0.00228164
0.00179513
0.000435215
-0.000974467
-0.00238006
-0.00329476
-0.00390802
-0.00453644
-0.00508146
-0.00543916
-0.00580629
-0.00617254
-0.0062886
-0.00641761
-0.00654582
-0.00643529
-0.00617832
-0.00592926
-0.00497755
-0.00242516
4.12046e-05
0.00250948
0.00155803
0.000405918
-0.000734563
-0.00185746
-0.00296878
-0.00407955
-0.00498849
-0.00543889
-0.00591258
-0.00638458
-0.00662699
-0.00685558
-0.00708464
-0.00711488
-0.00702305
-0.00693761
-0.0063939
-0.00404316
-0.00178799
0.000469783
0.000753368
0.000919299
0.00109111
0.000335124
-0.000990303
-0.00228512
-0.00341008
-0.00414589
-0.0049009
-0.00565415
-0.00599666
-0.0063143
-0.00663289
-0.00673934
-0.00671542
-0.00669818
-0.00659726
-0.00616747
-0.0057549
-0.00534187
-0.00342803
-0.00142588
0.000569741
0.000748253
-0.000190644
-0.00107178
-0.00197635
-0.00292872
-0.0038777
-0.00482588
-0.00522226
-0.00558503
-0.00594914
-0.00620786
-0.00640172
-0.00659867
-0.00669661
-0.00656938
-0.00645365
-0.00633746
-0.00414451
-0.00182785
0.000480244
0.00113011
0.000759166
0.000439965
-1.37378e-05
-0.000988833
-0.00193675
-0.00288508
-0.00364897
-0.00440098
-0.00515282
-0.00559953
-0.00585825
-0.00612612
-0.00634925
-0.00647174
-0.00659914
-0.00672618
-0.0199961
-0.0340561
-0.0480627
-0.062058
0.00415853
0.00251456
0.00368741
0.00246274
0.00135856
0.000249497
-0.000802649
-0.00185041
-0.00289734
-0.00352821
-0.00390251
-0.00428916
-0.00462882
-0.00486318
-0.00510252
-0.00534137
-0.00372153
-0.00198877
-0.000263301
0.00154253
0.00339705
0.00524735
0.00653111
0.00652406
0.00658059
0.00663394
0.00565287
0.00460875
0.00356875
0.00230338
0.000899584
-0.000496034
-0.00169971
-0.00214812
-0.0026331
-0.00311582
-0.00328699
-0.00343868
-0.00359117
-0.00367235
-0.00370954
-0.00374884
-0.00283418
0.000257522
0.00324001
0.00622492
0.00672306
0.007066
0.00741617
0.00712193
0.00643039
0.00575883
0.00484681
0.00298727
0.00117553
-0.00063677
-0.00138918
-0.00207472
-0.00276284
-0.00314377
-0.00333502
-0.00353526
-0.00372278
-0.0038825
-0.00404341
-0.00420411
-0.00220539
-7.29667e-05
0.00205095
0.00399273
0.00582114
0.00765324
0.00880914
0.00842392
0.00811316
0.00779913
0.00615628
0.00443118
0.00271168
0.00138503
0.000301664
-0.000792319
-0.00174423
-0.00214026
-0.00256251
-0.0029831
-0.00325997
-0.00352751
-0.00379524
-0.00346474
-0.00276466
-0.00208286
-0.000567683
0.00284946
0.00617277
0.00949739
0.00964938
0.0096001
0.00956044
0.00885872
0.00774824
0.0066582
0.00543109
0.00366335
0.0019229
0.00018281
-0.000571663
-0.00126279
-0.00195625
-0.00239793
-0.00268383
-0.00297681
-0.00324855
-0.00347293
-0.00369933
-0.00392542
-0.00386607
-0.00378854
-0.00371194
-0.00145269
0.0021562
0.00569824
0.0084411
0.00935546
0.0103548
0.0113492
0.0107328
0.0100137
0.00930001
0.00767742
0.00549296
0.00333684
0.00143562
0.000540653
-0.000400503
-0.00133862
-0.00171069
-0.00204604
-0.00238279
-0.00275222
-0.00314181
-0.0035301
-0.00385
-0.00401398
-0.00418506
-0.00435566
-0.0031826
-0.00192384
-0.000670222
0.00224871
0.00619801
0.0100959
0.0131545
0.0128987
0.0127965
0.0126873
0.012132
0.0115483
0.0109664
0.00933853
0.0070632
0.00481985
0.00292825
0.00184116
0.000718004
-0.000402457
-0.00107932
-0.00172681
-0.00237505
-0.00273928
-0.00292739
-0.00312341
-0.00333693
-0.0035915
-0.00384396
-0.00409629
-0.00423689
-0.0043701
-0.00450352
-0.00304487
-0.000599579
0.00179837
0.00427575
0.00706495
0.00983736
0.012608
0.0124399
0.0120799
0.0117289
0.0108386
0.00961436
0.00840641
0.00715855
0.00581969
0.00448619
0.00315366
0.00194167
0.000738567
-0.000463849
-0.00115564
-0.00153041
-0.00191919
-0.00229518
-0.00262419
-0.00295502
-0.00328547
-0.0034159
-0.00353307
-0.00365074
-0.00373051
-0.00378677
-0.00384403
-0.00390543
-0.00397645
-0.00404698
-0.00411746
-0.00323748
-0.0022955
-0.00135715
0.00101463
0.00427554
0.00749359
0.0101269
0.0114227
0.0127773
0.0141281
0.013284
0.0122954
0.0113141
0.0102739
0.00919779
0.00812422
0.00687195
0.00491092
0.00298329
0.00105588
0.000289463
-0.000399284
-0.00109088
-0.00161894
-0.00204534
-0.00247589
-0.00287638
-0.00320909
-0.00354451
-0.00387951
-0.0041233
-0.00436082
-0.00459841
-0.00478598
-0.00494242
-0.0051001
-0.00525242
-0.00538421
-0.00551678
-0.0056492
-0.00433589
-0.00292707
-0.00152372
0.000679763
0.00337984
0.00605562
0.00826233
0.00939676
0.0105774
0.011755
0.0116101
0.0113767
0.0111475
0.00940372
0.00671884
0.00407765
0.0019252
0.000892143
-0.0001891
-0.00126728
-0.00174431
-0.00218059
-0.00261826
-0.00291458
-0.00312292
-0.00333493
-0.00355722
-0.00382131
-0.00408335
-0.00434525
-0.00450579
-0.00465938
-0.00481313
-0.00494456
-0.00506206
-0.00518007
-0.00530338
-0.00543899
-0.00557395
-0.00570883
-0.0039519
-0.00206855
-0.000192329
0.00251242
0.00573188
0.00892623
0.0115688
0.0120333
0.0125918
0.0131457
0.0130163
0.0128407
0.0126672
0.0116079
0.00999744
0.00841212
0.00709439
0.00638971
0.00565922
0.00493047
0.00664696
0.00852823
0.0104008
0.0112305
0.0114101
0.0116176
0.011633
0.0112119
0.0108098
0.0104073
0.010395
0.0104092
0.0104223
0.0099341
0.00913362
0.00834718
0.00733682
0.00544132
0.00358527
0.00172911
0.00091329
0.000169128
-0.000577457
-0.0010372
-0.00131813
-0.00160643
-0.00188739
-0.00215259
-0.00241823
-0.00268364
-0.00200788
-0.00126819
-0.000531839
0.00141492
0.00411557
0.00678194
0.00910453
0.0100684
0.011089
0.0121064
0.0115377
0.0108606
0.0101886
0.00846061
0.00607483
0.00371886
0.0018447
0.00107383
0.000257052
-0.000557095
-0.000937337
-0.00128741
-0.00163847
-0.00197541
-0.00230347
-0.00263163
-0.00290417
-0.00304974
-0.00320053
-0.00335096
-0.00126951
0.000964407
0.00319006
0.00574766
0.00851144
0.0112643
0.0133806
0.0129846
0.0126939
0.0123992
0.0120375
0.0116715
0.011306
0.00994168
0.00795446
0.00599488
0.00426902
0.00307885
0.00186736
0.000657756
0.000131204
-0.000347575
-0.000827943
-0.00119923
-0.00150235
-0.00180806
-0.00210426
-0.00236406
-0.00262515
-0.00288597
-0.00187567
-0.000777728
0.000315673
0.00250529
0.0053787
0.00822145
0.0104028
0.0110694
0.0117981
0.0125236
0.0114486
0.0102489
0.00905527
0.00890232
0.0093996
0.00986967
0.00942179
0.00686933
0.00440557
0.0019402
0.00112164
0.000418728
-0.000288354
-0.000777332
-0.00113002
-0.00148801
-0.00184626
-0.00220727
-0.00256788
-0.0029282
-0.00191232
-0.000800788
0.000305922
0.00276385
0.00606544
0.00932985
0.0115852
0.0115292
0.0115676
0.0116022
0.0108404
0.0100233
0.00920913
0.00845781
0.00774607
0.0070333
0.0064296
0.0062556
0.00606427
0.0058738
0.0042611
0.00254948
0.000843262
-9.54224e-05
-0.000553767
-0.00103121
-0.00145271
-0.00174834
-0.00204884
-0.00234889
-0.00130355
-0.000164046
0.000970726
0.00342562
0.00670542
0.00994926
0.0117702
0.0103312
0.00902477
0.00771404
0.00818382
0.00877914
0.00936892
0.00816014
0.00582627
0.00353952
0.00155474
0.000767011
-6.81575e-05
-0.000900751
-0.00132238
-0.00171456
-0.00210762
-0.00244203
-0.00273966
-0.00303854
-0.00238031
0.000470745
0.00323181
0.00599426
0.0073024
0.00850631
0.00971343
0.00981518
0.00922507
0.00866303
0.00810646
0.00757466
0.00704231
0.0065104
0.00477485
0.00295486
0.00113967
-9.16069e-06
-0.000740342
-0.00148754
-0.00207072
-0.00228026
-0.00250447
-0.00272792
-0.00285917
-0.00298375
-0.0031085
-0.000609197
0.00353285
0.0076066
0.0104334
0.0104001
0.0104798
0.010555
0.00985063
0.00909095
0.00833406
0.00659738
0.00424746
0.00192357
-4.64113e-05
-0.000616876
-0.00124199
-0.00186446
-0.00203808
-0.00217941
-0.00232189
-0.00248724
-0.00266692
-0.00284589
-0.00218814
0.00178135
0.00561785
0.00945656
0.00964798
0.00957735
0.00951704
0.00779632
0.00503563
0.00231778
3.03499e-05
-0.000552886
-0.00120224
-0.0018485
-0.00216863
-0.00246507
-0.00276219
-0.000783904
0.00262035
0.0059664
0.00875356
0.00932699
0.00998611
0.0106414
0.010185
0.0096488
0.0091161
0.0084145
0.00760727
0.00680476
0.00577903
0.00386842
0.0019936
0.000118838
-0.000458436
-0.000941547
-0.00142793
-0.00182638
-0.00216967
-0.00251482
-0.00259016
-0.00159839
-0.000648586
0.000302106
0.00301339
0.00585032
0.00868022
0.00949033
0.00903287
0.00862457
0.00783213
0.00552537
0.00327864
0.00103132
0.00028879
-0.000344036
-0.00098059
-0.00148833
-0.00191521
-0.00234486
-0.00255648
-0.00190626
-0.00128955
-0.000672027
0.00237364
0.0055938
0.00880482
0.00984668
0.00952651
0.00925863
0.00896506
0.00857713
0.00819311
0.00780923
0.00659559
0.00532233
0.0040523
0.00279425
0.0015441
0.000294614
-0.000783539
-0.001186
-0.00161384
-0.0020404
-0.00202526
-0.00197788
-0.00193176
-4.54039e-05
0.00299606
0.00599141
0.00837491
0.00833538
0.00838767
0.00843644
0.00782672
0.00716922
0.00651403
0.00538548
0.00395996
0.00254673
0.00125477
0.000441675
-0.000388872
-0.00121813
-0.0015244
-0.00179213
-0.0020611
-0.00164028
-0.000786219
5.08915e-05
0.00120315
0.00360275
0.00595365
0.00830462
0.0084009
0.00833154
0.00826846
0.00760238
0.0065577
0.005528
0.00441232
0.00295605
0.00151363
7.17659e-05
-0.000620874
-0.00125793
-0.00189658
-0.00226506
-0.00246367
-0.00266847
-0.00225636
0.000597652
0.00335842
0.0061206
0.00692724
0.00758921
0.00825607
0.00832702
0.00802344
0.00773402
0.0070177
0.00461208
0.00227105
-7.06487e-05
-0.000612322
-0.0010207
-0.00143373
-0.00178502
-0.00209752
-0.00241122
-0.00203094
0.00109718
0.00412121
0.00714686
0.00731878
0.00727944
0.00724794
0.00665305
0.00570414
0.00476901
0.00372256
0.00223516
0.000765119
-0.000704473
-0.00123675
-0.0016992
-0.00216389
-0.00245974
-0.00264936
-0.00284275
-0.00234562
0.0008857
0.00401412
0.00714403
0.00749622
0.0076419
0.00779505
0.00664459
0.0046743
0.00273552
0.00102921
0.000244115
-0.000574147
-0.0013906
-0.00188507
-0.00235526
-0.002826
-0.00200632
-0.00037468
0.0012261
0.00279616
0.00424357
0.00569439
0.00714403
0.00750056
0.00777537
0.00805296
0.00714159
0.00548202
0.00385089
0.00234223
0.00131928
0.000279416
-0.000759079
-0.00120325
-0.00160275
-0.00200359
-0.00200794
-0.00176266
-0.00152662
-0.000734079
0.00226227
0.0051766
0.0080918
0.00783126
0.00733335
0.00684439
0.00571656
0.00418685
0.00267277
0.00130058
0.000489496
-0.000341261
-0.00117071
-0.00155293
-0.00190139
-0.00225082
-0.0023977
-0.00241697
-0.00244083
-0.00178878
0.00154038
0.00477085
0.00800254
0.00827519
0.00832558
0.00838391
0.00788129
0.00702555
0.00618309
0.0053344
0.00446111
0.00358932
0.00271811
0.00151147
0.000280385
-0.000948945
-0.0015615
-0.00178518
-0.00202261
-0.00222404
-0.00228534
-0.0023516
-0.00241763
0.000705003
0.00406582
0.00741574
0.00866783
0.00859706
0.00857346
0.00819863
0.00643878
0.00472946
0.00301956
0.00182784
0.000675961
-0.000476514
-0.00113944
-0.00149358
-0.00185844
-0.00193396
-0.000865311
0.000162005
0.00119006
0.00318475
0.00525125
0.00731373
0.00796791
0.00773379
0.00753126
0.00707768
0.00563337
0.00422508
0.00281652
0.00163913
0.000479966
-0.000679019
-0.00137283
-0.00177309
-0.00218341
-0.0025269
-0.00260784
-0.00269797
-0.00278771
-1.38538e-06
0.00300126
0.00599419
0.00711572
0.00705625
0.0070383
0.00675556
0.00542931
0.00414061
0.00285149
0.00164553
0.000446637
-0.000751665
-0.00139878
-0.00169797
-0.00200913
-0.00228809
-0.00244182
-0.00259982
-0.00275756
0.000109381
0.00320462
0.00628973
0.00741463
0.00730198
0.00723258
0.00708205
0.00661586
0.006161
0.00570606
0.00438825
0.00300551
0.00162599
0.000729165
0.000137294
-0.000464766
-0.00102434
-0.0014182
-0.00181754
-0.00221642
-0.00252229
-0.00282088
-0.00311951
-0.00132113
0.00180074
0.00487461
0.00727833
0.00702584
0.00686542
0.00670194
0.00610015
0.00546523
0.00483189
0.00360455
0.00200245
0.000414384
-0.000938336
-0.00135964
-0.00181277
-0.0022645
-0.00246222
-0.00264036
-0.00281906
-0.00130192
0.00128589
0.00383509
0.00593071
0.00622852
0.0065879
0.00694493
0.00627063
0.00551766
0.00476792
0.00354125
0.00201368
0.000497467
-0.000785833
-0.00114751
-0.0015405
-0.00193215
-0.00222464
-0.00250934
-0.0027941
-0.00126652
0.00140576
0.00403711
0.00618737
0.00643049
0.00673855
0.00704417
0.00616742
0.00520026
0.00423684
0.00301673
0.00163475
0.000259229
-0.000919558
-0.00132043
-0.00174749
-0.00217338
-0.00243307
-0.00267981
-0.00292682
-0.00137326
0.00131797
0.00396877
0.00612201
0.00630278
0.0065503
0.00679538
0.0054042
0.00388764
0.00237635
0.00116159
0.00013467
-0.000897905
-0.00176149
-0.00195804
-0.00217698
-0.00239503
-0.00257889
-0.00275999
-0.00294106
-0.00114211
0.00190837
0.00491461
0.00727
0.00704532
0.00690767
0.00676719
0.00458235
0.00224066
-9.41854e-05
-0.00125393
-0.00167015
-0.00211106
-0.00247505
-0.00253829
-0.00261158
-0.00268449
-0.000753517
0.00133156
0.00341007
0.00449828
0.00495972
0.00544183
0.00572434
0.00521924
0.00474082
0.00426184
0.00286893
0.00140594
-5.37334e-05
-0.0105682
-0.0268084
-0.0428468
-0.000717497
-0.00245447
-0.00272808
-0.00305026
-0.00148278
0.000230414
0.00193762
0.00318113
0.00413084
0.00508969
0.00581122
0.00559497
0.00541002
0.00522415
0.00392743
0.00254503
0.0011664
0.000137924
-0.000668636
-0.00148202
-0.00218024
-0.00242439
-0.00268341
-0.00294177
-0.00309169
-0.00323306
-0.00337462
-0.00163035
0.00130718
0.00420335
0.0064564
0.00615979
0.00594753
0.00573262
0.00453929
0.0032703
0.00200464
0.000928467
-2.74403e-05
-0.000986678
-0.00180116
-0.00204399
-0.00230546
-0.00256615
-0.00169527
-0.000736464
0.000218821
0.00158215
0.00320348
0.00481527
0.00608208
0.00598288
0.00592854
0.00587275
0.00592518
0.00598604
0.00604658
0.00563402
0.00492193
0.00422011
0.00342325
0.00224954
0.0010889
-7.14041e-05
-0.000702786
-0.00129236
-0.00188291
-0.00221412
-0.00238103
-0.00255318
-0.00207838
0.000960823
0.00391452
0.00686908
0.00659725
0.00607244
0.0055562
0.00473949
0.00373279
0.00273292
0.00173393
0.000737338
-0.000258683
-0.00125408
-0.00166481
-0.00202936
-0.00239518
-0.00212711
-0.00145747
-0.000801276
5.7847e-05
0.00172126
0.00335756
0.00499368
0.00458859
0.00402314
0.00346325
0.00239427
0.00100304
-0.000376893
-0.00155991
-0.00196321
-0.00239141
-0.00281852
-0.00237323
-0.00185947
-0.00134824
-0.000196379
0.00136124
0.00290479
0.00405985
0.00367538
0.00334066
0.00300455
0.00158639
8.36721e-05
-0.00141536
-0.00219794
-0.00252608
-0.00286859
-0.00303646
-0.0025142
-0.0020144
-0.0015142
-0.000148628
0.00128452
0.00271458
0.00277096
0.0019563
0.00117001
0.000335383
-0.000688826
-0.00170632
-0.00272339
-0.00305016
-0.00332215
-0.00359572
-0.00342218
-0.00296519
-0.00251752
-0.00193321
-0.000807242
0.000300758
0.00140862
0.000259844
-0.00106699
-0.00238731
-0.00311231
-0.00345942
-0.00381833
-0.00413479
-0.0042851
-0.00444058
-0.0045958
-0.00385626
-0.0030462
-0.00223888
-0.00207088
-0.00230853
-0.00253318
-0.00282496
-0.00338175
-0.0039298
-0.00447778
-0.00467524
-0.00484476
-0.00501505
-0.00491501
-0.0046435
-0.00437757
-0.00414977
-0.00407341
-0.00399232
-0.00391144
-0.00427855
-0.00468107
-0.00508222
-0.00530131
-0.00540479
-0.00551185
-0.00550823
-0.00506622
-0.00463828
-0.00421016
-0.00462912
-0.00511527
-0.00559901
-0.00583654
-0.00591772
-0.00600376
-0.00606466
-0.00602664
-0.00599175
-0.00595678
-0.00605768
-0.00616936
-0.00628063
-0.0063583
-0.00641461
-0.00647156
-0.00651367
-0.00649705
-0.00648228
-0.00646747
-0.00651824
-0.00657423
-0.00663001
-0.00666379
-0.0066836
-0.00670382
-0.0067236
-0.00674166
-0.00675976
-0.00677786
-0.00675433
-0.0067275
-0.00670078
-0.0067382
-0.00681634
-0.00689316
-0.00695126
-0.00693506
-0.00692117
-0.00690722
-0.00694831
-0.00699377
-0.00703906
-0.00705557
-0.00705378
-0.00705256
-0.00705171
-0.00705236
-0.00705297
-0.00705359
-0.00711158
-0.00717413
-0.00723651
-0.00726931
-0.00728332
-0.0072979
-0.00731593
-0.00734773
-0.00737909
-0.00741044
-0.00740728
-0.00740135
-0.00739552
-0.0074083
-0.00743291
-0.00745714
-0.00747967
-0.00748693
-0.00749466
-0.00750237
-0.00750477
-0.00748612
-0.00746812
-0.00745011
-0.00748087
-0.00752228
-0.00756335
-0.00757806
-0.00756723
-0.00755719
-0.00754713
-0.00753708
-0.00752704
-0.007517
-0.00750697
-0.00749961
-0.00749484
-0.00749
-0.00748719
-0.00750259
-0.00751742
-0.00753226
-0.00753524
-0.00753563
-0.00753609
-0.00754504
-0.0075622
-0.00757911
-0.00759006
-0.0075477
-0.00750699
-0.00746625
-0.00747721
-0.00749951
-0.00752145
-0.00755734
-0.00760672
-0.00765567
-0.00769675
-0.00766738
-0.00764017
-0.00761291
-0.00761437
-0.00762213
-0.00762969
-0.00763711
-0.00764438
-0.00765165
