0
0.0169964
0.0153952
0.0153115
0.0151018
0.0150252
0.0150191
0.0150072
0.0149556
0.0148137
0.0146795
0.0145448
0.0143056
0.0140637
0.0138224
0.0136997
0.0136462
0.0135871
0.0136062
0.0137998
0.0139788
0.0141586
0.0134873
0.0128867
0.0122812
0.0120603
0.0120635
0.0120485
0.0120675
0.0121597
0.0122458
0.0123322
0.0123988
0.0124668
0.0125346
0.0121283
0.0114453
0.0107857
0.0104701
0.010931
0.0113286
0.0117306
0.0116914
0.0116388
0.0115874
0.0111373
0.0104543
0.00979113
0.00934365
0.00938377
0.00938482
0.00938899
0.00969819
0.0100164
0.0103335
0.0102647
0.00997009
0.0096939
0.00952095
0.0095832
0.00962667
0.00967157
0.00944119
0.00920243
0.00896471
0.00880921
0.00870203
0.00859121
0.00863643
0.00903202
0.00939939
0.0097684
0.0097109
0.00968699
0.00966049
0.00978216
0.00999057
0.0101919
0.0103785
0.0105311
0.0106861
0.0108407
0.0102352
0.00968983
0.00914065
0.00887631
0.00877921
0.00866927
0.00875397
0.00927454
0.00976051
0.0102484
0.0099098
0.00954397
0.00918081
0.00886433
0.00857561
0.00828519
0.00812517
0.00825803
0.00836815
0.00847985
0.00867641
0.0088756
0.00907428
0.00909158
0.00900208
0.00892089
0.00894312
0.00919972
0.00943804
0.00967739
0.00974059
0.0097976
0.00985499
0.00951267
0.00893507
0.0083762
0.00791126
0.00766023
0.00739337
0.00712811
0.00727405
0.00738868
0.00750551
0.00759967
0.00768054
0.00776228
0.00770556
0.00733693
0.0069923
0.00664639
0.00666074
0.00664805
0.0066374
0.00681853
0.00711288
0.00739832
0.00761662
0.00768249
0.00775964
0.00783583
0.00737379
0.00689276
0.00641387
0.00599771
0.00561893
0.00523794
0.00509623
0.00549323
0.00584973
0.0062087
0.00643032
0.0066466
0.00686295
0.0066724
0.00624129
0.00582854
0.00564633
0.00598671
0.00628816
0.00659203
0.0068322
0.00706969
0.00730703
0.00716707
0.00680382
0.00645743
0.00623991
0.00631543
0.00636945
0.00642497
0.00670135
0.00696125
0.00722196
0.0070656
0.00666221
0.00627734
0.00578416
0.00504881
0.00433208
0.00361504
0.00374305
0.00380977
0.00388083
0.0045699
0.00562537
0.00665291
0.00742138
0.0076021
0.00782485
0.00804426
0.00750801
0.00694289
0.00638064
0.00589851
0.00546429
0.00502726
0.00484004
0.00521577
0.00555075
0.00588817
0.00606564
0.00623658
0.00640774
0.00616841
0.00568534
0.00522027
0.00483791
0.00464452
0.00443801
0.00423272
0.00482522
0.00544898
0.00606966
0.00643654
0.00665219
0.0068782
0.0068634
0.00630651
0.00578857
0.00526863
0.00500985
0.00473308
0.00445797
0.00418677
0.00391809
0.00364962
0.00371764
0.00454579
0.00531962
0.00609616
0.00575424
0.00549085
0.00522234
0.00479739
0.0042792
0.00376822
0.00323954
0.00267108
0.00210617
0.00154179
0.00143269
0.00134266
0.00125143
0.00198205
0.00320221
0.00438685
0.00503523
0.00446738
0.00398419
0.00349583
0.00309391
0.00269607
0.00229851
0.00203392
0.00184882
0.00165851
0.00187547
0.0030124
0.00408476
0.00516007
0.00471864
0.00421327
0.00371295
0.00316829
0.00259764
0.00202953
0.00154191
0.00123575
0.000917666
0.000600821
0.000731832
0.000832261
0.000934628
0.00170436
0.00287262
0.00401232
0.0045976
0.00392591
0.00334006
0.0027492
0.00213825
0.00152948
0.000921383
0.000455329
7.44597e-05
-0.000311626
-0.000587068
-0.000613607
-0.000656815
-0.000698846
0.0007001
0.00216066
0.00361514
0.0039115
0.00351434
0.00316404
0.00271895
0.00206599
0.00142775
0.000789379
0.00042749
7.82923e-05
-0.000271285
-0.000450032
-0.000526399
-0.000609458
-0.00019325
0.00135221
0.00282084
0.00429261
0.00411673
0.00386727
0.00362299
0.00322268
0.00272925
0.00224261
0.00179928
0.00145423
0.00110317
0.000752963
0.000537788
0.000314029
9.11266e-05
0.000825101
0.00213275
0.00340112
0.00425929
0.00418452
0.00417083
0.00415316
0.00376572
0.0034029
0.00303895
0.00271711
0.00242064
0.0021229
0.00197242
0.00215482
0.00231538
0.00247714
0.00352414
0.00461074
0.00569337
0.00583575
0.00541311
0.00502753
0.0045445
0.00384552
0.00316138
0.00247717
0.00187596
0.00127931
0.000683129
0.000354275
0.000186275
8.15932e-06
0.000317937
0.00173166
0.00307281
0.00441689
0.00420223
0.00391471
0.00363221
0.00310113
0.00242096
0.00175117
0.00113897
0.000657731
0.000168759
-0.000319097
-9.51496e-05
8.32621e-05
0.00026434
0.00119888
0.00258667
0.00394397
0.00475821
0.00433899
0.00399837
0.00365322
0.00284912
0.00207503
0.00130003
0.000755451
0.00034986
-6.39781e-05
-0.00040956
-0.000602265
-0.000804343
-0.00100558
0.000289941
0.00165605
0.00301603
0.00352771
0.00352762
0.00355957
0.00333297
0.00252469
0.00175378
0.000981494
0.000645878
0.000331812
1.67944e-05
-0.000207146
-0.000376099
-0.000548263
-0.000483695
0.000117147
0.000683933
0.00125213
0.00204263
0.00281836
0.00359405
0.003643
0.0032533
0.00289121
0.00237673
0.00151984
0.000685156
-0.000149871
-0.00053349
-0.00094445
-0.00135322
-0.00160504
-0.00176189
-0.00192438
-0.00154173
7.69397e-05
0.00161779
0.00316152
0.00349619
0.00377046
0.0040481
0.00359457
0.00269952
0.00183254
0.00105758
0.000494091
-8.16068e-05
-0.000655859
-0.00107366
-0.00150048
-0.00192624
-0.0022017
-0.00238614
-0.00257588
-0.0023189
-0.00104888
0.000158212
0.00136765
0.00176188
0.00211461
0.00246942
0.00235127
0.00194709
0.00156066
0.0010996
0.000470989
-0.000146775
-0.000764448
-0.00108253
-0.00141824
-0.00175248
-0.0019804
-0.00214378
-0.00231084
-0.00202457
-0.000709643
0.000542111
0.00179615
0.00231112
0.00286965
0.00342492
0.00312097
0.0022965
0.00150405
0.000777462
0.00020366
-0.000378553
-0.000959572
-0.00117085
-0.00136287
-0.00155579
-0.00173765
-0.00191275
-0.00208805
-0.0017418
-0.000211136
0.00124764
0.00270894
0.00289214
0.00315062
0.00340436
0.00313095
0.00253773
0.00196406
0.00138696
0.000803827
0.000221739
-0.000359726
-0.000716963
-0.00106212
-0.00140758
-0.00158946
-0.00167201
-0.00176028
-0.00132438
0.000301689
0.00185625
0.00341318
0.00377379
0.00420382
0.00462929
0.00451466
0.00407194
0.00364883
0.00313989
0.00243786
0.00174787
0.00105798
0.000750707
0.000421582
9.41063e-05
0.000348764
0.000957074
0.0015442
0.00226119
0.00327138
0.00426346
0.00525544
0.0051916
0.00507163
0.00495504
0.00431757
0.00336381
0.00242936
0.0016042
0.00102863
0.000439384
-0.0001484
-0.000486019
-0.000837603
-0.00118798
-0.00126866
-0.00118521
-0.00111125
-0.000621083
0.000814267
0.00219397
0.00357527
0.00368714
0.00373051
0.00377774
0.0033067
0.00252057
0.00175327
0.00104575
0.000475528
-0.000101847
-0.000678161
-0.000998944
-0.00133386
-0.00166759
-0.00185704
-0.00195851
-0.00206484
-0.00184993
-0.000905173
-2.72193e-06
0.000901099
0.00139068
0.00190308
0.00241361
0.00217241
0.00147326
0.000800671
0.000196639
-0.000248968
-0.000702974
-0.001156
-0.00145327
-0.00174171
-0.00203031
-0.00225034
-0.00242848
-0.00260877
-0.00250809
-0.00176871
-0.00106584
-0.000361721
0.000265549
0.000896405
0.00152636
0.00140199
0.000817598
0.000259454
-0.000275676
-0.000755864
-0.00123857
-0.0017206
-0.00195571
-0.00217688
-0.00239858
-0.00265325
-0.00292796
-0.00320125
-0.00333454
-0.00314944
-0.00298213
-0.00281403
-0.00135117
3.86666e-05
0.001431
0.00182956
0.00162139
0.00144683
0.0011496
0.000577244
2.06299e-05
-0.000536238
-0.000988043
-0.00144512
-0.0019014
-0.00224145
-0.00251036
-0.00278287
-0.00297414
-0.00298135
-0.00299862
-0.00301531
-0.00176418
-0.000442795
0.000873322
0.00162748
0.00203775
0.0024663
0.00258029
0.00198113
0.00142138
0.000860096
0.000251408
-0.000354047
-0.00095902
-0.00142911
-0.00181654
-0.00220803
-0.00251358
-0.00262454
-0.0027459
-0.00286657
-0.00187294
-0.000816781
0.000234862
0.00108174
0.0018029
0.00253006
0.00285147
0.00225071
0.00170017
0.00114753
0.00052265
-9.76839e-05
-0.000717596
-0.00119178
-0.00157659
-0.00196577
-0.00228228
-0.00243437
-0.00259508
-0.00275517
-0.00256603
-0.00239575
-0.00222464
-0.00123693
0.000250465
0.00170965
0.00264779
0.00239766
0.00221101
0.00202117
0.00136837
0.000689395
1.25287e-05
-0.000490112
-0.000885772
-0.00128668
-0.00165126
-0.00193428
-0.00222131
-0.00250782
-0.00249602
-0.00249998
-0.00250311
-0.00156226
-4.31628e-05
0.00144385
0.00245181
0.00236647
0.00233875
0.00230804
0.00171315
0.00108585
0.000460922
-0.00012053
-0.000675034
-0.00123037
-0.00170694
-0.00200491
-0.00231191
-0.00261812
-0.00259766
-0.0025943
-0.00259005
-0.00191168
-0.000820009
0.000248968
0.00114431
0.00164269
0.00216122
0.00267816
0.00221054
0.00168533
0.00116365
0.000588491
-1.91649e-05
-0.000624504
-0.00113402
-0.00142568
-0.00172833
-0.0020301
-0.00218217
-0.00232524
-0.00246863
-0.00239029
-0.00217586
-0.00196867
-0.00154329
-0.000257915
0.000981803
0.0022226
0.00217847
0.00205797
0.00194152
0.0014464
0.00071897
4.2231e-06
-0.000612315
-0.00100442
-0.00140762
-0.00180985
-0.00197317
-0.00212206
-0.00227154
-0.00232326
-0.00231492
-0.00230965
-0.00204823
-0.000776632
0.000442128
0.00166234
0.00177058
0.00181202
0.00185682
0.00157293
0.00108717
0.000612166
0.000156745
-0.00025339
-0.000665407
-0.00107691
-0.00140163
-0.00172082
-0.00203996
-0.00219308
-0.00224403
-0.0023001
-0.00208143
-0.00123686
-0.000424765
0.000388154
0.000945525
0.00148694
0.00202861
0.0019258
0.00142648
0.000947622
0.000464557
-3.24375e-05
-0.000528232
-0.00102359
-0.00138019
-0.00172804
-0.00207598
-0.00228412
-0.00240615
-0.00253237
-0.00265045
-0.00275062
-0.00285159
-0.00295242
-0.015036
-0.0278399
-0.0405952
-0.0533401
0.00417075
0.00167216
0.00196224
0.00130426
0.000694103
8.21753e-05
-0.000466703
-0.00101124
-0.00155546
-0.00191598
-0.0021632
-0.00241579
-0.00260999
-0.00267192
-0.00274033
-0.00280836
-0.0022808
-0.00171706
-0.00115567
-0.000224801
0.000933408
0.00207926
0.0028981
0.00297083
0.00308025
0.00318775
0.00264875
0.00207028
0.00149432
0.000957202
0.000444283
-6.93212e-05
-0.000527363
-0.000767693
-0.00101846
-0.00126847
-0.00141409
-0.00155312
-0.00169233
-0.00140552
-0.000856036
-0.000319923
0.000384123
0.00147064
0.00253744
0.00360416
0.00369293
0.00372075
0.00375152
0.00346206
0.0029752
0.00249841
0.0019847
0.0013258
0.000674592
2.36394e-05
-0.000303972
-0.000611098
-0.000918919
-0.00116125
-0.00136311
-0.00156672
-0.00167132
-0.00155031
-0.00144032
-0.0013299
-9.89733e-05
0.00120117
0.00249671
0.00308587
0.00323846
0.00341193
0.00338687
0.0029111
0.00245746
0.0020032
0.00141594
0.000820805
0.000226622
-0.000223177
-0.000583606
-0.000947972
-0.00127522
-0.00145768
-0.00164689
-0.00183559
-0.00197851
-0.00211842
-0.00225833
-0.00195897
-0.00138824
-0.000830983
-0.00013872
0.000861071
0.00184526
0.00282926
0.00314632
0.00342081
0.00369707
0.00346737
0.00292498
0.00239795
0.00183947
0.00115815
0.000483298
-0.00019122
-0.000512584
-0.000811205
-0.00111062
-0.00135298
-0.00155999
-0.00176848
-0.00195561
-0.00209438
-0.00223529
-0.00237597
-0.00221468
-0.00203425
-0.00185489
-0.000907307
0.000515238
0.00191412
0.00297354
0.0032567
0.00357604
0.00389338
0.0034828
0.00302591
0.00257162
0.00191522
0.00113403
0.000359407
-0.000331265
-0.000691245
-0.00106634
-0.00144038
-0.00172881
-0.0020115
-0.00229418
-0.00245455
-0.00253913
-0.00262716
-0.0027207
-0.00282731
-0.00293321
-0.00303905
-0.00200852
-0.000905543
0.000193048
0.00115181
0.00202354
0.00289849
0.00360054
0.0036225
0.00367592
0.00372784
0.00342657
0.00310268
0.00278014
0.00216977
0.00138132
0.000601804
-5.17774e-05
-0.000417574
-0.000796296
-0.00117407
-0.00141793
-0.00165289
-0.00188804
-0.00208618
-0.00226133
-0.00243738
-0.00262253
-0.00282879
-0.0030339
-0.00323887
-0.0033608
-0.00347722
-0.00359378
-0.00280673
-0.00145966
-0.000139429
0.00109113
0.00196607
0.00285645
0.00374532
0.00397277
0.0041568
0.00434265
0.0041381
0.00369154
0.00325639
0.00271674
0.00193888
0.00117256
0.000406404
-0.000138128
-0.000667688
-0.00119745
-0.00151206
-0.0016931
-0.00188003
-0.00205921
-0.00220929
-0.00236056
-0.00251163
-0.00260217
-0.00268864
-0.00277523
-0.0028806
-0.00299762
-0.00311401
-0.00322565
-0.00332653
-0.0034278
-0.00352896
-0.00354213
-0.00354949
-0.0035571
-0.00243946
-0.000623565
0.00115935
0.00246037
0.0026582
0.00290532
0.00315002
0.00311813
0.00306795
0.00301863
0.00269701
0.0022064
0.00172379
0.00119161
0.000463703
-0.00025482
-0.00097312
-0.00129423
-0.00158872
-0.00188413
-0.00214522
-0.00238494
-0.0026254
-0.00284611
-0.00302205
-0.00319981
-0.00337734
-0.00344476
-0.0035048
-0.00356511
-0.00367196
-0.0038077
-0.00394204
-0.0040635
-0.00413412
-0.00420694
-0.00427959
-0.00388679
-0.00346322
-0.00304138
-0.00188293
-0.000266955
0.00132741
0.00246001
0.00253604
0.00265855
0.00277891
0.00293752
0.00309856
0.00325936
0.00268396
0.00165091
0.000638878
-0.000177564
-0.000545605
-0.000932991
-0.00131919
-0.00154998
-0.00177015
-0.00199059
-0.00219285
-0.00238375
-0.00257499
-0.00274765
-0.00284746
-0.00295037
-0.00305305
-0.0031497
-0.00324587
-0.00334198
-0.00341107
-0.00346333
-0.00351627
-0.00356557
-0.00360665
-0.00364805
-0.00368941
-0.00239556
-0.00101252
0.000365442
0.00140165
0.00222468
0.00305624
0.00371656
0.00370342
0.00371944
0.00373418
0.00358972
0.00343458
0.00328003
0.00299758
0.00263558
0.00227732
0.00189129
0.00144166
0.000995156
0.000548901
0.000939532
0.00138671
0.00183106
0.00242843
0.00312085
0.00380859
0.00425574
0.00415263
0.00407322
0.00399287
0.00342738
0.00282928
0.00223309
0.0018274
0.00154055
0.00124886
0.000910163
0.000384008
-0.000133687
-0.0006513
-0.000962358
-0.00125907
-0.00155615
-0.00175836
-0.00190141
-0.00204686
-0.00218773
-0.00231854
-0.00244966
-0.00258065
-0.00263644
-0.00268704
-0.00273781
-0.0019648
-0.000678495
0.000584946
0.00168201
0.00212036
0.00258625
0.00305057
0.00311622
0.00315444
0.00319379
0.00252732
0.00142094
0.000334074
-0.000491186
-0.000716863
-0.000967649
-0.00121716
-0.00148052
-0.00174463
-0.00200849
-0.00222084
-0.002401
-0.00258236
-0.00273253
-0.00281161
-0.00289361
-0.00297542
-0.00193175
-0.000811191
0.000305202
0.00125307
0.00209542
0.00294149
0.00361107
0.00358534
0.00358872
0.00359088
0.00349161
0.0033854
0.00327956
0.00278359
0.00204429
0.00131576
0.000658097
0.00016296
-0.000338536
-0.00083935
-0.00105652
-0.00125386
-0.00145185
-0.00162033
-0.00177035
-0.00192101
-0.00208656
-0.00231154
-0.00253386
-0.00275611
-0.00281083
-0.00285386
-0.00289735
-0.00194548
-0.000372341
0.00117379
0.0023837
0.00282269
0.00329317
0.00376197
0.00357943
0.00335162
0.00312586
0.00284997
0.00254289
0.00223736
0.00179199
0.00102616
0.000274153
-0.000477806
-0.000800804
-0.00109359
-0.00138738
-0.00164505
-0.0018801
-0.00211589
-0.00232336
-0.00241951
-0.00252014
-0.00262051
-0.0024952
-0.00235418
-0.00221392
-0.0011799
0.000412394
0.00198057
0.00313432
0.00333813
0.00358055
0.0038212
0.00361145
0.00337022
0.00313048
0.00279245
0.00239312
0.00199661
0.00164146
0.00144943
0.00125093
0.00105286
0.000545867
1.75024e-05
-0.000509566
-0.000899066
-0.0012024
-0.00150899
-0.0017423
-0.00180838
-0.00188119
-0.00195366
-0.00166187
-0.00134461
-0.00102862
-0.000181715
0.000997009
0.00216139
0.00282689
0.00234924
0.00191808
0.00148538
0.00178805
0.00214249
0.00249456
0.00211419
0.00127563
0.000456165
-0.000279662
-0.000683409
-0.00110017
-0.00151607
-0.00169419
-0.00185532
-0.002017
-0.00218583
-0.00235908
-0.00253202
-0.0023154
-0.00120623
-0.000133639
0.000939552
0.00148201
0.00198638
0.00249188
0.00264738
0.00258378
0.00252897
0.002438
0.00220513
0.00197811
0.00175104
0.00101061
0.000234163
-0.000540233
-0.000999618
-0.00126159
-0.0015312
-0.00177399
-0.0019563
-0.00214086
-0.00232519
-0.00231349
-0.00228782
-0.00226272
-0.00133248
0.000164365
0.00163761
0.0026622
0.00265785
0.00269417
0.00272886
0.00240484
0.00205539
0.00170722
0.00109276
0.000311678
-0.00046222
-0.00110981
-0.00125812
-0.00142596
-0.00159291
-0.00178873
-0.00198648
-0.00218399
-0.00213227
-0.00192437
-0.00172276
-0.00133618
-0.000217871
0.000870861
0.0019599
0.00216427
0.00230498
0.00244806
0.00188657
0.000883678
-0.000101164
-0.000943353
-0.00122033
-0.00151916
-0.00181691
-0.00200164
-0.00217809
-0.00235473
-0.00161019
-0.000288339
0.00100999
0.00207544
0.00221835
0.00239705
0.00257421
0.00258164
0.00257681
0.00257247
0.00227759
0.00180062
0.00133109
0.000830939
0.00020964
-0.000406482
-0.00102233
-0.00119513
-0.0013358
-0.0014776
-0.00163576
-0.00180416
-0.00197204
-0.0019753
-0.00132715
-0.00070465
-8.16429e-05
0.000790233
0.00167954
0.00256748
0.00274487
0.0024764
0.0022253
0.00187511
0.00113466
0.000409785
-0.000315128
-0.000726086
-0.00111398
-0.00150247
-0.00173786
-0.00187714
-0.00201999
-0.00203686
-0.00155574
-0.00109407
-0.000632007
0.000336089
0.00134032
0.00234241
0.00258177
0.00234228
0.00212126
0.00188559
0.00159419
0.00130515
0.00101623
0.000597513
0.00016962
-0.000257597
-0.00062022
-0.000942182
-0.00126545
-0.00154709
-0.00166489
-0.00178882
-0.00191243
-0.00198207
-0.00204773
-0.00211349
-0.00130935
4.08518e-05
0.00136932
0.0024243
0.00239604
0.00240883
0.00242005
0.0021299
0.0018179
0.00150696
0.000991058
0.000346582
-0.000292549
-0.00084982
-0.00108356
-0.00132933
-0.00157447
-0.00178448
-0.00199177
-0.002199
-0.00202674
-0.00161609
-0.00121472
-0.000690397
0.000320378
0.00131211
0.0023038
0.0023563
0.00233979
0.00232588
0.00197375
0.00140924
0.000853108
0.000316758
-0.000141256
-0.00060186
-0.00106202
-0.00133303
-0.00158994
-0.00184718
-0.00205267
-0.00222557
-0.00239956
-0.0023183
-0.00122666
-0.000173542
0.00088023
0.00127019
0.00161095
0.0019533
0.00192955
0.00167567
0.00143055
0.00107485
0.000281922
-0.000494158
-0.00127029
-0.0015251
-0.00174125
-0.00195867
-0.00208284
-0.00214838
-0.00221604
-0.0020333
-0.00085931
0.000277101
0.00141406
0.00155897
0.00163039
0.00170447
0.00152196
0.00117815
0.000840564
0.000450742
-0.000145794
-0.000734261
-0.00132259
-0.00155651
-0.001764
-0.00197232
-0.00211293
-0.00221093
-0.00231043
-0.00214397
-0.000924481
0.0002554
0.00143587
0.00167063
0.001835
0.00200183
0.00162723
0.000912098
0.000209974
-0.000410101
-0.000704806
-0.00101121
-0.00131697
-0.00145481
-0.00158007
-0.0017057
-0.00149275
-0.00106677
-0.00064888
-0.00015356
0.00064822
0.00143823
0.00222809
0.00223163
0.00217655
0.00212366
0.00169559
0.0010315
0.000376479
-0.000200018
-0.00046558
-0.000742255
-0.00101833
-0.00120701
-0.00138904
-0.00157118
-0.00141292
-0.00104037
-0.000675854
-0.000222666
0.000581444
0.00137226
0.00216298
0.0021622
0.00210222
0.00204443
0.00170618
0.00119145
0.00068346
0.000197151
-0.000203406
-0.00060677
-0.00100974
-0.00111629
-0.00120056
-0.00128558
-0.00144398
-0.00164859
-0.0018514
-0.00173295
-0.000341929
0.00100231
0.00234727
0.00224035
0.00202453
0.00181277
0.00178547
0.00187449
0.00195927
0.00189642
0.00124826
0.000621535
-5.50605e-06
-0.000418163
-0.00081444
-0.00121102
-0.00146936
-0.00164052
-0.00181468
-0.00196003
-0.00199203
-0.00202806
-0.00206391
-0.000872376
0.000410845
0.00168988
0.00209798
0.0019569
0.0018355
0.00162142
0.00104268
0.000477333
-8.80875e-05
-0.000492105
-0.000883691
-0.00127544
-0.0015212
-0.00167487
-0.00183169
-0.00187014
-0.00144028
-0.00102733
-0.000614073
0.000271464
0.00119214
0.00211091
0.00229081
0.00200471
0.0017353
0.00144172
0.00105419
0.000670255
0.000286462
-0.000172181
-0.000636202
-0.0010997
-0.0013845
-0.00155649
-0.00173234
-0.0018738
-0.0018799
-0.00189076
-0.00190145
-0.00104942
-0.000132521
0.000781457
0.0012316
0.00138897
0.00155651
0.00157737
0.00101874
0.00048083
-5.74259e-05
-0.000524529
-0.000985938
-0.00144722
-0.00167353
-0.00175153
-0.00183466
-0.00192529
-0.00204652
-0.00216659
-0.00228662
-0.00112964
0.00012375
0.0013729
0.00184274
0.00182058
0.00181558
0.00178144
0.00163414
0.00149088
0.00134758
0.00085683
0.000339909
-0.000175742
-0.000542946
-0.000816335
-0.00109279
-0.00134774
-0.0015184
-0.00169187
-0.00186512
-0.00199
-0.00211111
-0.00223227
-0.00157611
-0.000429372
0.00069958
0.00158824
0.00152441
0.00149359
0.00146164
0.0011393
0.000794962
0.000451619
5.68323e-05
-0.000370325
-0.000796071
-0.00117844
-0.00138958
-0.00160648
-0.00182304
-0.00197836
-0.00212891
-0.00227952
-0.00170619
-0.000675777
0.000338201
0.00117729
0.00132305
0.00149253
0.00166108
0.00136689
0.00103739
0.00070933
0.0002609
-0.00026343
-0.000784799
-0.00123316
-0.00139282
-0.00156226
-0.00173125
-0.00186934
-0.00200497
-0.00214059
-0.00157981
-0.00057918
0.000405743
0.0012131
0.00131652
0.00144389
0.00157035
0.00107075
0.000523308
-2.21332e-05
-0.000486374
-0.000899151
-0.0013134
-0.0016705
-0.00180213
-0.00194134
-0.0020802
-0.0021513
-0.00221714
-0.00228312
-0.00162996
-0.000522429
0.000568931
0.00141798
0.0013065
0.00122766
0.00114776
0.000776939
0.000383894
-8.13389e-06
-0.000395171
-0.000778943
-0.00116257
-0.00150654
-0.00169411
-0.00188683
-0.00207925
-0.00221538
-0.00234708
-0.00247884
-0.00190698
-0.000890353
0.000110596
0.000896114
0.000827508
0.000787707
0.000746963
0.000166697
-0.000454965
-0.00107482
-0.0014398
-0.00164349
-0.00185246
-0.0020494
-0.00219977
-0.0023516
-0.00250329
-0.00152354
-0.000456713
0.000606478
0.00101003
0.000996173
0.000996303
0.00100611
0.00105613
0.00110478
0.00115344
0.000539394
-0.000125708
-0.00078866
-0.00952296
-0.0233614
-0.0370203
-0.000564105
-0.00197757
-0.00212778
-0.00231998
-0.00169846
-0.00101425
-0.000332577
0.000197712
0.000632043
0.00106928
0.00138192
0.00120189
0.00103833
0.000874344
0.000429782
-3.6351e-05
-0.000501459
-0.000869433
-0.00117583
-0.00148407
-0.00175722
-0.00189213
-0.00203153
-0.00217068
-0.00213738
-0.00209067
-0.00204442
-0.00136606
-0.00028776
0.000776617
0.00161724
0.00157095
0.00155395
0.00153601
0.00101528
0.00045563
-0.000102371
-0.000539417
-0.000899757
-0.00126238
-0.0015753
-0.00169212
-0.00181531
-0.00193821
-0.00153119
-0.00108299
-0.000636445
-9.56879e-05
0.000504566
0.00110247
0.00156323
0.00148101
0.00141666
0.00135176
0.00138253
0.00142077
0.00145875
0.00115346
0.000630849
0.00011569
-0.000353051
-0.00063777
-0.000928317
-0.00121848
-0.00139001
-0.00155214
-0.00171447
-0.00184955
-0.00196733
-0.00208559
-0.00195541
-0.000840301
0.000241999
0.00132466
0.00128445
0.00115616
0.00103082
0.000628261
5.02316e-05
-0.00052172
-0.00101989
-0.00122581
-0.00144108
-0.0016559
-0.00183875
-0.00201897
-0.00219917
-0.00207849
-0.00176722
-0.00146232
-0.00110016
-0.000511154
7.0126e-05
0.00065128
0.000428522
0.000142647
-0.000141004
-0.000503764
-0.000916531
-0.00132742
-0.00168981
-0.00186042
-0.00203711
-0.0022135
-0.00195457
-0.0016615
-0.00136972
-0.000962901
-0.000483283
-6.31708e-06
0.000308244
-2.06952e-05
-0.000328732
-0.000637243
-0.00103668
-0.00144307
-0.00184897
-0.00207047
-0.00217503
-0.00228326
-0.00235486
-0.00228186
-0.00221354
-0.00214511
-0.00168363
-0.00119136
-0.00070039
-0.000697498
-0.00100409
-0.00130059
-0.00160374
-0.0019325
-0.00226023
-0.00258778
-0.00270615
-0.0028079
-0.00291012
-0.00281223
-0.00258749
-0.00236694
-0.00216646
-0.00204569
-0.00192246
-0.00179939
-0.00208869
-0.00241049
-0.00273105
-0.00291204
-0.00300446
-0.00309964
-0.00318757
-0.00324728
-0.00330784
-0.00336834
-0.00317442
-0.00296044
-0.00274722
-0.00277906
-0.00296635
-0.0031486
-0.00330383
-0.00335159
-0.00340272
-0.00345371
-0.00355729
-0.00366498
-0.00377247
-0.00376976
-0.00369712
-0.00362674
-0.00358823
-0.00367629
-0.00376029
-0.00384438
-0.00391379
-0.00398199
-0.00405019
-0.00408819
-0.004107
-0.00412641
-0.00413695
-0.00411244
-0.00408905
-0.00406564
-0.00412881
-0.00419883
-0.0042686
-0.00430434
-0.00431849
-0.0043333
-0.00434723
-0.00435778
-0.00436844
-0.00437908
-0.00437348
-0.00436659
-0.00435975
-0.00436461
-0.00437689
-0.00438894
-0.00440751
-0.00445197
-0.00449559
-0.00453921
-0.00456577
-0.00459095
-0.00461616
-0.0046194
-0.00460868
-0.00459841
-0.00459808
-0.00463726
-0.00467519
-0.00471314
-0.00472813
-0.00474128
-0.00475448
-0.00474216
-0.00471363
-0.00468562
-0.00467082
-0.00470843
-0.00474438
-0.00478037
-0.0047867
-0.00479066
-0.00479469
-0.00480135
-0.00480969
-0.00481797
-0.0048293
-0.0048528
-0.0048759
-0.004899
-0.00490098
-0.00490128
-0.00490163
-0.00490467
-0.00490943
-0.00491412
-0.00491755
-0.00491592
-0.00491445
-0.00491298
-0.00495862
-0.00500801
-0.00505726
-0.00506031
-0.00503401
-0.00500863
-0.00498776
-0.00500738
-0.00502575
-0.00504415
-0.00505481
-0.00503485
-0.00501584
-0.00499681
-0.00498778
-0.00498094
-0.00497404
-0.0049801
-0.00499871
-0.00501692
-0.00503513
-0.00505334
-0.00507153
-0.00508971
-0.00510788
-0.00510645
-0.00508603
-0.0050662
-0.00505039
-0.00507064
-0.00508977
-0.00510892
-0.00510511
-0.00509627
-0.00508758
-0.00507901
-0.00507054
-0.00506208
-0.00505738
-0.00508646
-0.0051145
-0.00514255
-0.00512776
-0.00510359
-0.00507972
-0.00507543
-0.00509011
-0.00510422
-0.00511764
-0.00512488
-0.00513231
-0.00513973
-0.00513831
-0.00513496
-0.00513166
-0.00514579
-0.0051768
-0.00520728
