0
0.0139813
0.0128922
0.0130576
0.0131186
0.0133155
0.013515
0.0137139
0.0135873
0.0131629
0.0127639
0.0125335
0.0129698
0.0133503
0.0137348
0.0131637
0.0125661
0.0119717
0.011978
0.0125344
0.0130448
0.0134396
0.013369
0.0133366
0.0133011
0.0124455
0.0115671
0.0106921
0.0103419
0.0104729
0.0105646
0.0106215
0.0105295
0.0104498
0.0103692
0.010621
0.0108823
0.0111425
0.0111852
0.0110284
0.010888
0.0107435
0.0105879
0.0104334
0.0102791
0.010176
0.0100746
0.00997326
0.00983652
0.00966733
0.00950101
0.00940159
0.00956418
0.00970561
0.0098485
0.00960288
0.0093455
0.00908946
0.0089826
0.00901284
0.00903215
0.00910804
0.00940216
0.00967854
0.00995588
0.00969728
0.00942197
0.00914841
0.00909663
0.00924876
0.00938459
0.00942803
0.00910512
0.00881149
0.00851603
0.0078744
0.00722241
0.00657224
0.0063001
0.00637569
0.00642399
0.00648522
0.00658885
0.00668901
0.00678928
0.00677721
0.00676144
0.00674599
0.00688211
0.00715772
0.00742209
0.00755125
0.00714842
0.00678734
0.0064236
0.00659822
0.00679071
0.00698153
0.00687304
0.00648886
0.00612647
0.00587338
0.00605355
0.0062002
0.00634919
0.00640416
0.00645585
0.00650772
0.00641677
0.00619426
0.00598214
0.00573118
0.00533019
0.00494125
0.00455198
0.00410385
0.00365427
0.00320549
0.00296733
0.0029234
0.00286482
0.00285608
0.00303796
0.00320515
0.0033732
0.00320446
0.00302402
0.00284472
0.00268326
0.00253835
0.0023924
0.00234465
0.0026809
0.00298784
0.00329651
0.00301876
0.00272028
0.0024238
0.00220321
0.00205283
0.00189744
0.0017892
0.00186367
0.00192443
0.00198612
0.00178214
0.00156871
0.00135631
0.00135539
0.00154988
0.00172962
0.0019169
0.00213025
0.00234136
0.00255231
0.0024639
0.00236449
0.00226604
0.00228659
0.00241718
0.00253949
0.00251127
0.00189075
0.0013146
0.000736044
0.000572448
0.000424674
0.000275958
0.000304544
0.000497023
0.000677257
0.000763964
0.000481003
0.000225378
-3.18637e-05
0.000221138
0.000493288
0.000763652
0.000655516
0.00019702
-0.000235423
-0.000627436
-0.000855161
-0.00109444
-0.00133253
-0.0010208
-0.000688172
-0.000357529
-0.0001725
-0.000122429
-6.27208e-05
-5.78184e-05
-0.000264939
-0.000456541
-0.000648981
-0.00114302
-0.00164828
-0.00215201
-0.00221354
-0.00186532
-0.00154687
-0.00134874
-0.00162993
-0.00187655
-0.00212528
-0.00240976
-0.00269532
-0.00298039
-0.00310296
-0.00307485
-0.00305747
-0.00302303
-0.00292461
-0.00283085
-0.0027369
-0.00281407
-0.00289802
-0.00298138
-0.00318892
-0.0035116
-0.00382571
-0.00402227
-0.00375629
-0.00352319
-0.0032881
-0.00319568
-0.00310917
-0.00302236
-0.0029895
-0.00300667
-0.00302032
-0.00312907
-0.00361023
-0.00406473
-0.00452046
-0.0044663
-0.00439118
-0.00431762
-0.0041544
-0.00390805
-0.00366781
-0.00342875
-0.00319498
-0.00296116
-0.00272768
-0.00299198
-0.00327674
-0.00355968
-0.00389302
-0.00427304
-0.00464932
-0.00493888
-0.0048884
-0.0048614
-0.00483282
-0.0048615
-0.00489255
-0.0049234
-0.00502855
-0.00520275
-0.00537198
-0.00552638
-0.0056219
-0.0057213
-0.00582031
-0.00586029
-0.0058977
-0.00593524
-0.00601674
-0.00613911
-0.00625854
-0.00634011
-0.00627262
-0.00621534
-0.00615744
-0.00625732
-0.00636389
-0.00646985
-0.00658364
-0.00670467
-0.00682505
-0.0069342
-0.00699956
-0.00706778
-0.00713572
-0.0072332
-0.00733597
-0.00743825
-0.00754042
-0.00764246
-0.00774437
-0.00783287
-0.007869
-0.00790858
-0.00794789
-0.00805965
-0.00818454
-0.00830838
-0.00840076
-0.00846379
-0.0085287
-0.00856277
-0.00847648
-0.0083983
-0.00831969
-0.00840362
-0.00851723
-0.00862871
-0.0087241
-0.00880438
-0.00888554
-0.00896911
-0.0090627
-0.00915549
-0.00924822
-0.00924096
-0.00921536
-0.00919099
-0.00919453
-0.00922415
-0.00925202
-0.00928865
-0.00935937
-0.00942776
-0.00949621
-0.00956967
-0.00964397
-0.00971812
-0.00967617
-0.00952593
-0.00938296
-0.00926707
-0.00925899
-0.00924388
-0.00922925
-0.00932493
-0.00944087
-0.00955534
-0.0096067
-0.00959909
-0.00959532
-0.00960045
-0.00964158
-0.00968032
-0.00971916
-0.00979833
-0.00988487
-0.00997083
-0.00992556
-0.00975775
-0.00959805
-0.00939084
-0.00899828
-0.00861816
-0.00823772
-0.00801338
-0.00781816
-0.00762132
-0.00746568
-0.00734842
-0.00722885
-0.00711821
-0.00704165
-0.00696301
-0.00688461
-0.00683226
-0.00678479
-0.00673708
-0.00638989
-0.00576287
-0.00515448
-0.00457717
-0.00412453
-0.00366454
-0.0032056
-0.00299245
-0.00282526
-0.00265536
-0.00259147
-0.0026265
-0.00265523
-0.00264208
-0.00246276
-0.00229417
-0.00212511
-0.00197492
-0.00182838
-0.0016818
-0.00151918
-0.00134157
-0.00116512
-0.000975501
-0.000733695
-0.000495469
-0.000257317
0.0003712
0.00107207
0.00176754
0.00207563
0.00202095
0.00198901
0.00196361
0.00196948
0.00197339
0.00197742
0.00199969
0.00202536
0.00205079
0.0020451
0.00201029
0.00197732
0.00198099
0.00212915
0.00226817
0.00240758
0.00256092
0.00271673
0.00287221
0.00297038
0.00301489
0.00306266
0.00315486
0.00342285
0.00367968
0.00393688
0.00393785
0.00389064
0.00384645
0.00400967
0.00436738
0.00471271
0.00500319
0.00507604
0.00516212
0.00524729
0.00532431
0.0053997
0.00547509
0.00541257
0.0052208
0.00503715
0.00497121
0.00536985
0.00573972
0.0061109
0.00620674
0.00625054
0.00629744
0.0063965
0.00654466
0.00668965
0.00682412
0.00691689
0.00701207
0.00710699
0.00736548
0.00765468
0.00794167
0.00793237
0.00764502
0.00737478
0.00720784
0.00745068
0.00766859
0.00788774
0.00770897
0.00745497
0.00720579
0.00708469
0.00708407
0.00707624
0.00703824
0.00687975
0.00672864
0.00657728
0.00674363
0.00697015
0.00719281
0.00739287
0.00757147
0.00775114
0.0078447
0.00760016
0.007376
0.00715089
0.00702115
0.00690965
0.0067972
0.00669123
0.00659128
0.00649108
0.00638502
0.0062554
0.00612733
0.00599932
0.0058983
0.00580251
0.00570652
0.0058141
0.00611291
0.00640011
0.00662602
0.00660886
0.00660599
0.00660228
0.00631425
0.00597218
0.00563368
0.00541423
0.00530688
0.00519309
0.00506503
0.00487886
0.0046963
0.00451374
0.00493036
0.00546123
0.00598484
0.00612903
0.00591611
0.0057242
0.00550069
0.00515692
0.00482053
0.0044841
0.00428988
0.00412308
0.00395488
0.00372296
0.00343101
0.00314287
0.00293785
0.00306007
0.00316326
0.00326743
0.00328332
0.00328226
0.00328217
0.00325675
0.00320755
0.00315977
0.0031082
0.00304184
0.0029764
0.00291099
0.00283568
0.00275853
0.00268158
0.00262377
0.002584
0.00254323
0.0024793
0.00232373
0.00217357
0.00202327
0.00228649
0.00262914
0.00296688
0.00288393
0.00240464
0.00194841
0.00157172
0.00151209
0.00143453
0.00135808
0.00177144
0.00227896
0.00278058
0.00298545
0.00291051
0.00285147
0.00278299
0.00268071
0.00258046
0.00248021
0.00260016
0.00276257
0.0029224
0.00275326
0.00227406
0.00181281
0.00144377
0.00144057
0.00141684
0.0013943
0.00151783
0.00166955
0.00181953
0.00192926
0.00200096
0.00207471
0.00210298
0.00172651
0.00137304
0.00101868
0.000671517
0.000326027
-1.91718e-05
-7.07478e-05
0.000154504
0.000364127
0.000519532
0.000184383
-0.000123187
-0.000431944
-0.000634191
-0.000815601
-0.000997963
-0.000960878
-0.000716892
-0.000484607
-0.000270766
-0.000225558
-0.000171099
-0.000117209
-0.000148831
-0.000197068
-0.000244337
-0.000386323
-0.000617609
-0.000843734
-0.00107178
-0.00131647
-0.00155998
-0.00180328
-0.00184309
-0.00184322
-0.00184552
-0.00192971
-0.00209129
-0.00224847
-0.00239282
-0.00242167
-0.0024568
-0.00249155
-0.00263197
-0.00279289
-0.00295252
-0.00305354
-0.00309916
-0.00314775
-0.00321504
-0.00345148
-0.00367847
-0.00390574
-0.00395799
-0.00397599
-0.00399584
-0.00404148
-0.00411159
-0.0041803
-0.00425464
-0.00437922
-0.00450097
-0.00462273
-0.00486067
-0.00512116
-0.00538015
-0.00549638
-0.00547768
-0.00546626
-0.00545638
-0.00546374
-0.00547017
-0.00547665
-0.0055949
-0.00573497
-0.00587372
-0.00606215
-0.00629747
-0.00653002
-0.0067148
-0.0064731
-0.00625443
-0.00603476
-0.0060856
-0.00618948
-0.00629043
-0.00640626
-0.006536
-0.00666486
-0.00679695
-0.0069586
-0.00711852
-0.00727836
-0.0072284
-0.00713724
-0.00704836
-0.00696934
-0.00689977
-0.00682977
-0.0067869
-0.00698578
-0.00717168
-0.00735808
-0.00734468
-0.00729196
-0.00724138
-0.00726817
-0.00736825
-0.00746437
-0.00754497
-0.00748578
-0.007434
-0.00738189
-0.00730439
-0.00722195
-0.00713986
-0.00714075
-0.00722016
-0.00729537
-0.00737241
-0.00746437
-0.00755546
-0.0076465
-0.00757414
-0.00746958
-0.0073668
-0.00718814
-0.00693775
-0.00669136
-0.00648746
-0.00666339
-0.00681939
-0.00697627
-0.00710396
-0.00722581
-0.00734783
-0.00738235
-0.00733404
-0.00729007
-0.00721425
-0.00685526
-0.00651129
-0.0061669
-0.0060935
-0.00607379
-0.00605134
-0.00611585
-0.00626257
-0.0064049
-0.00654419
-0.00665536
-0.00676786
-0.00688018
-0.00666583
-0.0063869
-0.00611157
-0.00571447
-0.00520223
-0.00469642
-0.00426623
-0.00451118
-0.00472132
-0.00493301
-0.00473397
-0.00445357
-0.00417761
-0.00412075
-0.00427168
-0.00441186
-0.00451025
-0.00423111
-0.00397148
-0.00371112
-0.00339308
-0.00306381
-0.00273544
-0.00240793
-0.00208128
-0.00175491
-0.00143843
-0.00120788
-0.000973214
-0.000738992
-0.000736975
-0.000781177
-0.000822997
-0.000769077
-0.00062428
-0.000484218
-0.000350192
-0.000271158
-0.000189431
-0.000107922
-3.38123e-05
3.87648e-05
0.000111346
0.000119856
6.76123e-05
1.84744e-05
-2.8035e-05
-5.00259e-05
-7.32249e-05
-9.63401e-05
-0.000175334
-0.000265416
-0.000354853
-0.000263994
-2.0975e-06
0.000250985
0.000504759
0.000762772
0.00102032
0.00127763
-0.0192451
-0.0439039
-0.0543923
0.00292365
-5.95931e-05
-3.99111e-05
-0.000148566
-6.1762e-05
1.52463e-05
9.26645e-05
0.000227734
0.00037424
0.000520034
0.000675126
0.000839006
0.00100229
0.00114542
0.0011093
0.00108208
0.00105444
0.000919107
0.000762301
0.000606709
0.000484787
0.000394886
0.000303495
0.000220632
0.000212671
0.000201034
0.000189589
0.000444991
0.000753714
0.00105952
0.00121107
0.00121603
0.00122816
0.00120226
0.000839366
0.000493319
0.000146786
7.32695e-05
5.46105e-05
3.32899e-05
0.000217812
0.000597699
0.000967686
0.00131518
0.00146005
0.00161465
0.00176862
0.00172547
0.00164272
0.00156197
0.00144814
0.00130298
0.00115948
0.00102146
0.000932136
0.000840537
0.000749137
0.000750559
0.000770661
0.00078984
0.000892656
0.0010749
0.00125313
0.00141205
0.00139785
0.00139201
0.00138578
0.00147887
0.00159191
0.00170388
0.0017355
0.0016907
0.00164962
0.00162371
0.00173479
0.00183919
0.00194381
0.00192856
0.00188914
0.00185092
0.00179565
0.00172422
0.00165364
0.00160228
0.00172275
0.00183489
0.00194732
0.00196243
0.00195788
0.00195428
0.00192684
0.00187678
0.00182785
0.00180862
0.00205519
0.00228889
0.00252298
0.00254147
0.00251636
0.00249335
0.00253966
0.00265201
0.00276112
0.00283992
0.00264688
0.0024669
0.00228646
0.00229076
0.00233244
0.00237231
0.00234147
0.00224327
0.00214835
0.00203005
0.00170336
0.0013868
0.00107006
0.000992054
0.000962473
0.000930644
0.000883537
0.000821786
0.000760781
0.000724349
0.00090765
0.00108048
0.00125363
0.00114501
0.000979322
0.000816455
0.000808809
0.00094904
0.00108223
0.00119765
0.00115209
0.00111409
0.00107576
0.00105558
0.00103908
0.00102243
0.000937584
0.000787809
0.000641194
0.000506643
0.000480273
0.000448903
0.000417794
0.000329329
0.000229271
0.000129843
7.28942e-05
5.64262e-05
3.80993e-05
4.39269e-06
-0.000167851
-0.000333531
-0.000499361
-0.000573212
-0.000628297
-0.000684197
-0.00068081
-0.000620988
-0.000563822
-0.00052162
-0.000614008
-0.000700118
-0.000786438
-0.000811366
-0.000823773
-0.000836745
-0.000812337
-0.000752344
-0.000694039
-0.000641222
-0.000637794
-0.000632106
-0.000626527
-0.000619839
-0.00061293
-0.000606038
-0.000609334
-0.000622342
-0.000634894
-0.000648049
-0.000666507
-0.000684707
-0.000702902
-0.000615054
-0.000505621
-0.00039727
-0.000281264
-0.000158011
-3.51992e-05
9.74095e-05
0.000318409
0.000535196
0.000751978
0.000894901
0.00102264
0.00115094
0.00109397
0.000860389
0.000635009
0.000492352
0.00109176
0.0016571
0.00222346
0.00239635
0.00248866
0.00258452
0.00264285
0.00266554
0.00268981
0.00269716
0.00255378
0.00241731
0.00228066
0.00202755
0.00175077
0.0014753
0.00163459
0.00220862
0.00276353
0.00326989
0.00333806
0.00342579
0.00351257
0.00356244
0.00360469
0.00364725
0.0035386
0.00328572
0.0030395
0.00288303
0.00353074
0.00414201
0.00475437
0.00477653
0.00467763
0.0045842
0.0045836
0.00467182
0.00475602
0.00481314
0.0046268
0.00445145
0.00427576
0.00407013
0.0038585
0.00364732
0.00370394
0.00401618
0.00431683
0.0046034
0.00476151
0.00492516
0.00508842
0.00444347
0.00363283
0.00283021
0.0024857
0.00257886
0.00265265
0.00271507
0.00266844
0.00262666
0.0025847
0.00245221
0.00230118
0.00215109
0.00203889
0.0019629
0.0018854
0.00179224
0.00155784
0.00132983
0.00110174
0.00124306
0.00146036
0.00167415
0.00153046
0.00104523
0.000575341
0.000123809
-0.000160632
-0.000452113
-0.000743032
-0.00106647
-0.00139639
-0.00172574
-0.00193586
-0.00203206
-0.00213313
-0.00223594
-0.00235688
-0.00247692
-0.0025969
-0.00261791
-0.00261849
-0.00261996
-0.00268761
-0.00281854
-0.00294661
-0.00306934
-0.00314397
-0.00322061
-0.0032971
-0.00326357
-0.00320735
-0.00315215
-0.00319295
-0.00332552
-0.00345402
-0.00357634
-0.00364262
-0.00371125
-0.00377972
-0.00382311
-0.00386129
-0.00389966
-0.00397907
-0.00409771
-0.00421457
-0.00431929
-0.00431555
-0.00431646
-0.00431717
-0.0044134
-0.00452933
-0.00464432
-0.00472978
-0.00478697
-0.00484533
-0.00489821
-0.00490292
-0.00490968
-0.00491634
-0.00497677
-0.00504828
-0.00511926
-0.00514649
-0.00513187
-0.00511905
-0.00511463
-0.00518608
-0.00525425
-0.00532249
-0.00538142
-0.00543837
-0.00549536
-0.00555638
-0.00562126
-0.00568592
-0.00574509
-0.00575555
-0.00576806
-0.00578047
-0.00574368
-0.0056967
-0.00565019
-0.00566399
-0.00573551
-0.00580453
-0.0058714
-0.00591849
-0.00596636
-0.00601417
-0.00605785
-0.00610065
-0.00614346
-0.00620037
-0.00627079
-0.00634058
-0.00639911
-0.00635707
-0.00631929
-0.00628136
-0.00629938
-0.006329
-0.00635812
-0.00632208
-0.00622369
-0.00612798
-0.0060507
-0.00613882
-0.00621995
-0.0063013
-0.00627629
-0.00622919
-0.00618304
-0.00618724
-0.00623965
-0.00629002
-0.00633807
-0.00636497
-0.00639272
-0.00642042
-0.00643097
-0.00643793
-0.00644504
-0.00644527
-0.00643892
-0.00643285
-0.00643003
-0.00645638
-0.0064815
-0.00650664
-0.00649061
-0.00646601
-0.00644178
-0.00643918
-0.0064573
-0.00647454
-0.00649287
-0.00652071
-0.00654814
-0.00657556
-0.00658396
-0.0065884
-0.00659299
-0.0065908
-0.00658213
-0.00657372
-0.00656392
-0.00654169
-0.00651999
-0.00649828
-0.00652836
-0.00656923
-0.00660962
-0.00661918
-0.0065992
-0.00658043
-0.00656407
-0.0065695
-0.00657403
-0.00657859
-0.00655936
-0.00653516
-0.00651119
-0.00648335
-0.00645181
-0.00642046
-0.00639904
-0.00646651
-0.0065303
-0.00659419
-0.00652274
-0.00642306
-0.0063246
-0.00629704
-0.00633747
-0.00637509
-0.00640714
-0.00638847
-0.00637187
-0.0063552
-0.00622741
-0.00607646
-0.00592658
-0.00584696
-0.00583471
-0.00581974
-0.00571178
-0.00476993
-0.00386257
-0.00295454
-0.0030679
-0.00339498
-0.00371316
-0.00368769
-0.00333249
-0.00299086
-0.00262261
-0.00201861
-0.00142459
-0.000830648
-0.000305468
0.000204991
0.000715631
0.000982205
0.00101482
0.00105681
0.00114256
0.00162385
0.00208888
0.0025542
0.00311046
0.00368547
0.00425926
0.00463133
0.00480996
0.00499619
0.00516862
0.00522143
0.00527898
0.00533629
0.0055726
0.00584633
0.00611834
0.00641122
0.00672405
0.00703583
0.00730351
0.00717776
0.00706776
0.00695723
0.00729406
0.00772461
0.00815109
0.008221
0.00794875
0.00769029
0.00749067
0.00782123
0.00813052
0.00844041
0.00811732
0.00766143
0.00721116
0.00708025
0.00725591
0.00741932
0.00752182
0.00707558
0.00665135
0.00622659
0.00679578
0.00757364
0.00834266
0.00812271
0.00695356
0.00582269
0.0048675
0.00549205
0.006054
0.00661796
0.00624885
0.00568364
0.00512657
0.00524875
0.00602306
0.00677118
0.0073861
0.0068034
0.00626806
0.00573129
0.00576334
0.00591514
0.00606214
0.0062029
0.00633749
0.00647222
0.00653178
0.00591896
0.00533284
0.00474614
0.00533093
0.00616225
0.00698331
0.0070534
0.00640222
0.00577961
0.00520899
0.00511015
0.00499306
0.00487676
0.00542802
0.00611974
0.00680547
0.00681127
0.00616406
0.00554266
0.00494873
0.00460599
0.00425379
0.00390224
0.00444935
0.0051858
0.00591437
0.00614909
0.00590931
0.00568803
0.00545839
0.00515884
0.00486221
0.00456571
0.00440769
0.004279
0.00414929
0.00404941
0.00397813
0.00390582
0.00384735
0.00391217
0.00397221
0.00403238
0.00429445
0.00459903
0.00490175
0.0049414
0.00472831
0.00452506
0.00429623
0.00384045
0.0033937
0.00294695
0.00326536
0.0037454
0.00421891
0.00416096
0.00359222
0.0030434
0.0026197
0.0033202
0.00397731
0.00463558
0.00419523
0.00352264
0.0028594
0.00262331
0.00279798
0.00295691
0.00314377
0.00357643
0.00399943
0.00442248
0.00428492
0.0040287
0.00377718
0.00345368
0.00306118
0.00267159
0.00240419
0.00323005
0.00401392
0.00479878
0.00425586
0.00343188
0.00261913
0.00234489
0.00258863
0.00281264
0.00300432
0.00290112
0.00280912
0.00271676
0.00325359
0.00392356
0.00458801
0.00474517
0.00441449
0.00410239
0.00381357
0.00373761
0.00365372
0.00357018
0.00326201
0.00290634
0.00255273
0.00232594
0.00222116
0.0021119
0.00203033
0.0021948
0.00234994
0.00250532
0.00308107
0.00374577
0.00440665
0.00462766
0.00442555
0.00423939
0.00406462
0.00399618
0.00392383
0.00385167
0.00389152
0.00395515
0.00401785
0.00408065
0.00414352
0.00420634
0.00423621
0.00397124
0.00371743
0.00346338
0.00323562
0.00301357
0.00279148
0.00281983
0.00308908
0.0033492
0.0035956
0.00371749
0.00384389
0.00397003
0.00370535
0.00335765
0.00301327
0.00274595
0.00255286
0.00235718
0.00219924
0.00237744
0.00254312
0.00270915
0.00242055
0.00203531
0.00165392
0.00157065
0.00177433
0.00196731
0.00212374
0.00195022
0.00178895
0.00162735
0.00139115
0.00113918
0.000887974
0.000827807
0.000951494
0.00106836
0.00118775
0.00132825
0.00146787
0.00160742
0.00143399
0.00119392
0.000956467
0.000889742
0.000987423
0.00107903
0.00117142
0.00126929
0.0013669
0.00146444
0.00114595
0.000738897
0.000335359
0.000256546
0.00049042
0.000712753
0.00090443
0.000818957
0.000743612
0.000667955
0.000536927
0.00039415
0.000251902
0.000141763
6.25532e-05
-1.77197e-05
-0.000108904
-0.00029866
-0.000484711
-0.000670761
-0.00025522
0.000288582
0.000827356
0.000783395
0.000178195
-0.000406307
-0.00090614
-0.000644002
-0.000409531
-0.000174232
-0.000276342
-0.000450497
-0.000621931
-0.00068591
-0.000646318
-0.000610481
-0.000580306
-0.000601878
-0.000621575
-0.000641325
-0.000618406
-0.000586376
-0.000554696
-0.000629
-0.000805386
-0.000977987
-0.00111933
-0.000980368
-0.000851542
-0.000722446
-0.00049641
-0.000249751
-4.00623e-06
0.000192261
0.000316179
0.000442593
0.000572398
0.000734108
0.000894566
0.00105495
0.00131197
0.00158955
0.00186619
0.00195017
0.00175231
0.00156461
0.00142143
0.00167926
0.00192265
0.00216638
0.00180215
0.00130789
0.000818591
0.000596465
0.000765376
0.000920301
0.00106272
0.00108951
0.00112038
0.00115108
0.00132927
0.00153897
0.00174741
0.00186879
0.00186276
0.00186125
0.00182414
0.00146956
0.00112644
0.00078315
0.00108421
0.00152331
0.00195723
0.00216755
0.00205051
0.00194507
0.00181253
0.00144017
0.0010765
0.000712787
0.000806434
0.000998181
0.00118635
0.00142752
0.00174615
0.00206185
0.00229845
0.00182715
0.001381
0.000934273
0.00154294
0.0023779
0.00320436
0.00364649
0.00352587
0.00342502
0.00335384
0.00355421
0.00374496
0.00393591
0.00359725
0.00314498
0.00269699
0.00244684
0.00248639
0.00251583
0.00251076
0.00219352
0.00188738
0.00158106
0.0022604
0.00315128
0.00403418
0.00408508
0.00291777
0.00179356
0.000904886
0.00213407
0.00328894
0.00444559
0.00365659
0.00244953
0.00125778
0.00102806
0.00220729
0.00333695
0.00434008
0.00420016
0.00409985
0.00399824
0.00352856
0.0029799
0.00243435
0.00242263
0.00319258
0.00393504
0.00452428
0.00373597
0.00299565
0.00225419
0.00192331
0.00168101
0.00143583
0.00151422
0.00206623
0.00260159
0.00307781
0.0030219
0.00298429
0.00294608
0.00319941
0.00351541
0.00382905
0.00383205
0.00338008
0.00294401
0.00253186
0.00233665
0.00213415
0.00193204
0.00181379
0.00171367
0.00161301
0.00149627
0.00135594
0.00121651
0.00110868
0.00128354
0.00144865
0.00161398
0.0018449
0.00208985
0.00233416
0.00249104
0.00251991
0.00255312
0.00257276
0.00247233
0.00237606
0.00227971
0.00211224
0.00192952
0.00174744
0.00147519
0.00107084
0.00067124
0.000320527
0.000407235
0.000479072
0.000551364
0.000516724
0.000459017
0.000402129
0.000423218
0.000558567
0.000689964
0.000791318
0.000622917
0.000463733
0.000304346
0.0002656
0.000252933
0.000239397
0.000203269
0.000133993
6.58791e-05
-5.95833e-07
-5.23987e-05
-0.00010466
-0.000156871
-0.000225178
-0.00029693
-0.000368517
-0.000403514
-0.000384911
-0.000368119
-0.000383197
-0.000684374
-0.000975757
-0.00126727
-0.00134497
-0.0013764
-0.00140935
-0.00136232
-0.00119818
-0.00103808
-0.000931941
-0.00130991
-0.00167146
-0.00203331
-0.00192966
-0.00172533
-0.0015245
-0.00138871
-0.00134831
-0.00130476
-0.0022922
-0.0125191
-0.0224316
-0.0323479
-0.0422575
0.000260211
-0.00126515
-0.00130255
-0.00135525
-0.00140742
-0.00144316
-0.00133183
-0.00122546
-0.00111899
-0.0010449
-0.000977853
-0.000910619
-0.00084341
-0.000776188
-0.00070901
-0.000641875
-0.00102684
-0.00144681
-0.00186535
-0.00200176
-0.00195953
-0.00192324
-0.00168517
-0.000983634
-0.000297862
0.000387977
-0.000252972
-0.000997075
-0.00173729
-0.00192719
-0.00176859
-0.00162156
-0.00157144
-0.00174484
-0.00191077
-0.00207685
-0.00202695
-0.00196021
-0.00189406
-0.0018572
-0.0018389
-0.00182
-0.00181838
-0.00185642
-0.00189314
-0.00192987
-0.00196496
-0.00199989
-0.0020348
-0.00207326
-0.00211397
-0.00215457
-0.00212033
-0.00191403
-0.0017135
-0.00151291
-0.00101734
-0.000498954
1.83513e-05
0.000137312
3.91245e-06
-0.000121172
-0.000259684
-0.000428547
-0.000596312
-0.000764004
-0.00123195
-0.00172318
-0.00221333
-0.00209714
-0.00159682
-0.00110932
-0.000676322
-0.000369205
-5.82013e-05
0.000252475
-0.000326472
-0.000974982
-0.00162081
-0.00188087
-0.00189639
-0.00191981
-0.00183531
-0.00150325
-0.00117941
-0.000855521
-0.000647103
-0.000447889
-0.000248506
-0.000492201
-0.00101663
-0.00153165
-0.00189869
-0.00192514
-0.00196257
-0.00199961
-0.0020298
-0.00205942
-0.00208904
-0.0018042
-0.0013201
-0.000842718
-0.000488728
-0.000418599
-0.000339388
-0.00026052
-0.000847271
-0.00148619
-0.00212303
-0.00196162
-0.00129418
-0.000643395
-0.000226225
-0.000347028
-0.000450511
-0.000554483
-0.000586175
-0.000612141
-0.000638274
-0.00101115
-0.00160379
-0.00218903
-0.00226839
-0.00118416
-0.000137794
0.00090911
0.000159632
-0.000731488
-0.00161752
-0.00151431
-0.000783702
-7.3558e-05
0.000207981
-0.000497229
-0.00117057
-0.00184449
-0.00112729
-0.00030034
0.000522593
0.000553687
8.24695e-05
-0.000372487
-0.000475967
0.000229841
0.000909509
0.00158958
0.000942868
0.000191328
-0.000556411
-0.000680832
-0.000409746
-0.00015136
1.35462e-05
-3.72995e-05
-8.12856e-05
-0.000125461
-6.13056e-05
1.14131e-05
8.38153e-05
1.25654e-05
-0.000149816
-0.000309217
-0.000372464
-0.000214428
-6.34727e-05
8.76108e-05
-3.05718e-05
-0.000170092
-0.000308851
-0.000263725
-0.000101908
5.61353e-05
0.000122524
-2.20817e-05
-0.000159962
-0.000297966
-0.000241774
-0.000170157
-9.90701e-05
-9.9939e-05
-0.000146486
-0.00019157
-0.000175371
-1.81126e-05
0.000134625
0.000287409
0.00020174
9.71181e-05
-6.84528e-06
0.000172064
0.000530504
0.000883104
0.00103297
0.000716288
0.000414379
0.000112198
6.57613e-05
3.97541e-05
1.31256e-05
-0.000284067
-0.000752978
-0.00121624
-0.00152775
-0.00149007
-0.00146329
-0.00143619
-0.00157309
-0.00172302
-0.00187244
-0.00186797
-0.00176576
-0.00166666
-0.00161887
-0.00168929
-0.001756
-0.00182278
-0.00194558
-0.0020728
-0.0021998
-0.00224723
-0.00224413
-0.00224259
-0.00222926
-0.0021889
-0.00214941
-0.00210991
-0.00215711
-0.00221122
-0.00226508
-0.00230768
-0.00234311
-0.00237873
-0.00240647
-0.0024161
-0.00242628
-0.00243644
-0.00251067
-0.00258288
-0.00265511
-0.00266591
-0.00263768
-0.00261068
-0.00260453
-0.00264647
-0.0026869
-0.00272735
-0.0027899
-0.00285419
-0.00291839
-0.00294177
-0.00293922
-0.00293746
-0.00293786
-0.00294326
-0.00294851
-0.00295376
-0.00294329
-0.00293157
-0.00291989
-0.00294107
-0.00298313
-0.00302452
-0.00305635
-0.00306613
-0.00307659
-0.00308702
-0.00304858
-0.00300624
-0.00296404
-0.00298459
-0.00304503
-0.00310421
-0.00315477
-0.00318546
-0.00321673
-0.00324796
-0.00322108
-0.00318954
-0.00315815
-0.00316165
-0.00318733
-0.00321231
-0.00324007
-0.00327417
-0.00330806
-0.00334194
-0.00330505
-0.00327033
-0.00323557
-0.00323331
-0.0032517
-0.00326946
-0.00327394
-0.00324785
