0
0.0172643
0.0156901
0.0156845
0.0155486
0.015405
0.0152603
0.0151158
0.0149368
0.0147263
0.0145186
0.0144522
0.0149383
0.0153781
0.0158209
0.0149992
0.0141426
0.0132903
0.0131653
0.0137067
0.0141926
0.0147452
0.0155435
0.0163203
0.0170976
0.0166388
0.0161445
0.0156539
0.0155705
0.0158605
0.0161196
0.0163115
0.016231
0.0161727
0.0161128
0.0160673
0.0160223
0.0159773
0.0158756
0.0157218
0.0155724
0.0154288
0.0153084
0.0151863
0.0150646
0.0150737
0.0150868
0.0150996
0.0152876
0.0156364
0.0159718
0.0160494
0.0151155
0.0142638
0.0134069
0.0133142
0.0132454
0.0131748
0.0128229
0.0122124
0.0116235
0.0112789
0.0118951
0.0124343
0.0129788
0.0127822
0.0125623
0.0123445
0.0122323
0.0122172
0.0121944
0.0121628
0.0120938
0.0120278
0.0119617
0.0117333
0.0115
0.0112674
0.0115105
0.0121909
0.0128361
0.0132029
0.0124714
0.0118267
0.0111762
0.0113179
0.0114856
0.0116511
0.0114664
0.0109593
0.010478
0.01008
0.0100139
0.00992217
0.0098326
0.00970856
0.00958356
0.00945882
0.00933699
0.00921788
0.00909874
0.00881581
0.00789049
0.00701589
0.00613874
0.006219
0.00633196
0.00644224
0.00656949
0.00671217
0.00685345
0.00690217
0.00658832
0.00630256
0.00601509
0.00537995
0.00473353
0.00408895
0.00351868
0.00301705
0.00251099
0.00212347
0.00219702
0.00223561
0.00227679
0.00186299
0.00143365
0.00100613
0.000675991
0.000435828
0.00018926
-5.14468e-05
-0.000272212
-0.000494143
-0.000715653
-0.000797705
-0.000874623
-0.000951809
-0.00110373
-0.00132466
-0.00154011
-0.00172763
-0.00180495
-0.00189036
-0.00197504
-0.00223827
-0.00250767
-0.00277621
-0.00244523
-0.00156043
-0.000717973
-0.000101066
-0.000377479
-0.000587459
-0.000802035
-0.0014455
-0.00210408
-0.00276057
-0.00314244
-0.00327034
-0.00341673
-0.00356066
-0.003701
-0.00384139
-0.00398157
-0.00411363
-0.00424521
-0.00437664
-0.00454661
-0.00475223
-0.00495494
-0.00515094
-0.00532063
-0.005492
-0.005663
-0.00573833
-0.00580991
-0.00588166
-0.00601059
-0.00619246
-0.00637022
-0.00655549
-0.00676977
-0.00698164
-0.00719337
-0.00727253
-0.00734646
-0.00742065
-0.00755495
-0.00774492
-0.00793061
-0.00810414
-0.00822953
-0.00835819
-0.00848644
-0.00868094
-0.0088778
-0.0090742
-0.0092563
-0.00942512
-0.00959464
-0.00976992
-0.00996875
-0.0101656
-0.0103624
-0.0105662
-0.0107701
-0.0109738
-0.0111364
-0.011261
-0.0113882
-0.0115176
-0.0116569
-0.0117954
-0.0119337
-0.0119611
-0.0119839
-0.0120071
-0.0121257
-0.0123331
-0.0125338
-0.0127276
-0.0128925
-0.0130593
-0.0132256
-0.0132921
-0.0133545
-0.013417
-0.0135071
-0.0136228
-0.0137366
-0.0138482
-0.0139514
-0.014055
-0.0141584
-0.0142198
-0.0142793
-0.0143389
-0.0143838
-0.0144149
-0.0144469
-0.01447
-0.0144583
-0.0144491
-0.0144398
-0.0145513
-0.0146678
-0.0147837
-0.0148336
-0.014822
-0.0148147
-0.0148087
-0.0148094
-0.0148096
-0.0148098
-0.0148734
-0.0149396
-0.0150056
-0.0150477
-0.0150678
-0.0150893
-0.0151003
-0.0150706
-0.0150436
-0.0150166
-0.0151274
-0.0152439
-0.0153599
-0.0154014
-0.0153737
-0.0153507
-0.0153159
-0.0152358
-0.0151589
-0.0150818
-0.0150194
-0.0149577
-0.014896
-0.0149083
-0.0149896
-0.0150661
-0.0151356
-0.0151762
-0.0152188
-0.0152612
-0.0152134
-0.0151493
-0.0150864
-0.0150978
-0.0151784
-0.0152543
-0.0153197
-0.0153425
-0.0153681
-0.0153935
-0.0153209
-0.0152304
-0.0151413
-0.0151402
-0.0152211
-0.0152965
-0.0153708
-0.0154398
-0.0155091
-0.0155783
-0.015593
-0.0155978
-0.0156032
-0.0156136
-0.0156287
-0.0156434
-0.0156599
-0.0156835
-0.0157066
-0.0157296
-0.0156447
-0.01554
-0.0154368
-0.0153117
-0.0151662
-0.0150223
-0.0148541
-0.0145907
-0.0143338
-0.0140769
-0.0138568
-0.0136437
-0.0134304
-0.0132779
-0.0131821
-0.0130827
-0.0128351
-0.0120039
-0.0112119
-0.0104184
-0.0101126
-0.00989709
-0.00967597
-0.00948998
-0.00933641
-0.00918093
-0.00902366
-0.00885826
-0.00869359
-0.00852909
-0.00827281
-0.00799982
-0.00772827
-0.00755974
-0.00748749
-0.00740912
-0.00731615
-0.00716393
-0.00701571
-0.00686743
-0.00674837
-0.00663484
-0.00652109
-0.00635791
-0.00614854
-0.0059424
-0.00561738
-0.00482492
-0.00406338
-0.00330084
-0.00317499
-0.00316745
-0.00315238
-0.00304987
-0.00286518
-0.00268597
-0.00243361
-0.0018943
-0.00137393
-0.00085301
-0.000804237
-0.000843354
-0.000876848
-0.000767591
-0.000524538
-0.00029026
-9.43961e-05
-5.09427e-05
2.08375e-06
5.44389e-05
0.000124944
0.000198757
0.000272268
0.0004831
0.000822332
0.00115306
0.00131953
0.000838984
0.00039966
-4.16986e-05
0.000365013
0.000929793
0.00148397
0.00157162
0.00122214
0.000900413
0.000627871
0.000554531
0.000468855
0.000384055
0.000147597
-0.000117027
-0.00037957
-7.77478e-06
0.000957879
0.00188545
0.00244913
0.00157517
0.000791426
3.06325e-06
-0.000241397
-0.000383636
-0.00053202
-0.000434496
-0.000107086
0.000205728
0.000486981
0.000641605
0.00080384
0.000965407
0.000810238
0.000595644
0.000384966
0.000538204
0.00103259
0.00150543
0.00181449
0.00147545
0.00117651
0.000875491
0.000579107
0.000283837
-1.11402e-05
-4.03e-05
0.000179671
0.000384182
0.000620366
0.000978178
0.00132815
0.00167817
0.00202794
0.00237735
0.00272635
0.00315493
0.00365811
0.00415616
0.00457063
0.00465672
0.00476257
0.0048671
0.00441771
0.00386394
0.00331713
0.00301273
0.0029361
0.00284585
0.00285446
0.00324863
0.00361914
0.00399063
0.00423434
0.00445363
0.00467412
0.00479617
0.00482593
0.00486117
0.00484759
0.00464321
0.00445048
0.00425728
0.00449798
0.00482085
0.00513843
0.00543519
0.00571207
0.00598981
0.00626402
0.00652552
0.00678746
0.00704907
0.0071129
0.00713905
0.00716739
0.00709235
0.00692036
0.00675431
0.0067206
0.00720882
0.00766563
0.00812376
0.00825988
0.00833453
0.00841272
0.00875831
0.00935528
0.00993676
0.0103243
0.00994637
0.00961385
0.00927906
0.00939703
0.00960131
0.0098003
0.0100144
0.0102425
0.0104695
0.0105907
0.0102957
0.0100253
0.00975381
0.00968367
0.00965209
0.00961831
0.0097064
0.00990893
0.0101046
0.0101956
0.00987351
0.00957579
0.00927701
0.00935056
0.00949538
0.00963591
0.00967919
0.00963078
0.00958773
0.00952562
0.00938955
0.00925791
0.00912616
0.00902766
0.00893562
0.00884331
0.00895774
0.00926663
0.009564
0.0097331
0.00939533
0.00908702
0.00877737
0.00873959
0.00875411
0.00876561
0.00855451
0.00813374
0.00772543
0.00729789
0.00679603
0.00629899
0.00580224
0.00557934
0.00540938
0.00523661
0.00525811
0.00546235
0.00565598
0.00573819
0.00537973
0.00504668
0.00471256
0.00413964
0.00352112
0.00290589
0.0026391
0.00270065
0.00274358
0.00274937
0.00260475
0.00246878
0.00233247
0.00227073
0.00222344
0.0021754
0.00211382
0.00203944
0.00196586
0.00179105
0.00121723
0.000666431
0.000114961
0.000128605
0.000251628
0.000368393
0.000350316
0.000204812
6.65887e-05
-8.90798e-05
-0.000398254
-0.000698523
-0.000998953
-0.000938442
-0.000807996
-0.000681586
-0.000430276
-6.14412e-05
0.000300455
0.000545376
-0.000255522
-0.000997528
-0.00174198
-0.00139892
-0.000844973
-0.000303311
0.000119407
0.000429275
0.000745034
0.000949521
0.000165085
-0.000563939
-0.00129521
-0.00124686
-0.00104693
-0.000855561
-0.000911994
-0.00120267
-0.00148015
-0.00175779
-0.00203264
-0.00230734
-0.00258175
-0.00248793
-0.00232243
-0.00216104
-0.00202702
-0.00191907
-0.00180981
-0.00177636
-0.002419
-0.00302406
-0.00363051
-0.00391519
-0.00413688
-0.00436175
-0.00453548
-0.00466111
-0.00478921
-0.0048508
-0.00432003
-0.00382198
-0.00332269
-0.00313148
-0.00300061
-0.00286662
-0.0031838
-0.00392686
-0.0046461
-0.00533328
-0.00572854
-0.00613912
-0.00654843
-0.00680969
-0.00704175
-0.00727513
-0.00747761
-0.00765097
-0.00782571
-0.00799685
-0.00813797
-0.00828055
-0.0084229
-0.0085963
-0.00877566
-0.0089545
-0.00906263
-0.00910393
-0.00914875
-0.00920079
-0.00931936
-0.00943425
-0.00954921
-0.00968215
-0.00981851
-0.00995454
-0.0100851
-0.0102106
-0.0103361
-0.0104528
-0.0104909
-0.0105332
-0.0105753
-0.0105555
-0.0105237
-0.0104925
-0.0105372
-0.0106539
-0.0107665
-0.0108766
-0.0109628
-0.0110501
-0.0111372
-0.0111834
-0.0112214
-0.0112598
-0.0112471
-0.0111861
-0.0111277
-0.0110894
-0.0112322
-0.0113653
-0.0114988
-0.0115735
-0.0116367
-0.0117003
-0.0117189
-0.0116949
-0.0116731
-0.0116532
-0.0116513
-0.0116485
-0.0116457
-0.0116581
-0.0116735
-0.0116888
-0.011719
-0.0117634
-0.0118071
-0.0118487
-0.0118719
-0.011896
-0.0119201
-0.0119277
-0.0119322
-0.0119367
-0.0119671
-0.0120218
-0.0120752
-0.0121246
-0.0121377
-0.0121527
-0.0121676
-0.0121574
-0.0121423
-0.0121274
-0.0121134
-0.0121003
-0.0120872
-0.0120737
-0.0120573
-0.012041
-0.0120247
-0.0120708
-0.0121292
-0.0121869
-0.0121945
-0.0121546
-0.0121173
-0.0120746
-0.0119852
-0.0118983
-0.0118114
-0.0118721
-0.0119621
-0.0120505
-0.0120976
-0.0121055
-0.0121154
-0.0121225
-0.0121052
-0.0120891
-0.0120729
-0.0120099
-0.0119377
-0.011866
-0.0118162
-0.0117873
-0.0117575
-0.0117256
-0.0116751
-0.0116257
-0.0115763
-0.0112421
-0.0108515
-0.0104642
-0.0102815
-0.010293
-0.0102946
-0.010294
-0.010269
-0.0102452
-0.0102214
-0.0101072
-0.00997515
-0.00984409
-0.0097025
-0.00955095
-0.00940006
-0.00923497
-0.00894198
-0.0086557
-0.00836937
-0.00843451
-0.00856973
-0.00870131
-0.00880581
-0.00888446
-0.00896432
-0.00902068
-0.00886805
-0.00872601
-0.00858358
-0.0269928
-0.0490944
-0.0582137
-0.00551023
-0.00837974
-0.00848156
-0.00869921
-0.0087157
-0.00874217
-0.00876811
-0.00814438
-0.00739115
-0.0066451
-0.00642537
-0.00670549
-0.00696058
-0.00714146
-0.00664941
-0.00619111
-0.00573159
-0.00549167
-0.00529589
-0.00509813
-0.00503854
-0.00511002
-0.00517498
-0.00519012
-0.00475733
-0.004347
-0.00393597
-0.00394947
-0.00404807
-0.0041424
-0.00402755
-0.00371386
-0.00341024
-0.00311941
-0.00294514
-0.00276534
-0.00258598
-0.00223844
-0.00185741
-0.00147837
-0.00124691
-0.00115568
-0.0010577
-0.000959986
-0.000860907
-0.000761991
-0.000663164
-0.000464155
-0.000245157
-2.73438e-05
0.000124077
0.000212369
0.000303639
0.0004032
0.000578936
0.00075081
0.000922704
0.00105921
0.0011885
0.00131801
0.00142263
0.0015036
0.00158563
0.00168814
0.00197487
0.00225245
0.0025302
0.00265462
0.00274807
0.00284292
0.00288305
0.00287124
0.00286194
0.00289328
0.00328919
0.00366721
0.00404573
0.00415179
0.00420282
0.00425644
0.00438228
0.0045769
0.00476805
0.0049566
0.00512194
0.00528823
0.00545431
0.00563182
0.0058115
0.00599091
0.00616666
0.00633891
0.00651116
0.00670298
0.00707126
0.00743079
0.0077904
0.00809323
0.00838437
0.00867579
0.00892052
0.00912084
0.00932308
0.00953158
0.00979842
0.0100622
0.010326
0.0104691
0.0105877
0.0107073
0.0107874
0.0108299
0.0108741
0.0109292
0.0110829
0.0112317
0.0113806
0.0113674
0.0113213
0.0112769
0.0112848
0.0113427
0.0113981
0.011449
0.0114583
0.0114696
0.0114807
0.0115872
0.011713
0.0118378
0.0118318
0.0117015
0.011577
0.0114907
0.0117468
0.0119867
0.0122272
0.0121103
0.0119209
0.011735
0.011543
0.0113454
0.0111482
0.0109845
0.0111194
0.0112403
0.0113617
0.0110825
0.0107221
0.0103657
0.0101097
0.00994927
0.00978461
0.00964026
0.00967471
0.00970087
0.00972738
0.00979865
0.00987897
0.00995881
0.00988196
0.00965585
0.00943683
0.00919104
0.00870702
0.00823442
0.00776172
0.00794707
0.00826634
0.00857917
0.00866431
0.00853225
0.00841027
0.00829632
0.00825746
0.00821521
0.00817314
0.00800906
0.00782022
0.00763268
0.00761141
0.00774864
0.00787851
0.00792091
0.00717853
0.0064726
0.00576566
0.00596063
0.00633955
0.00670976
0.00686755
0.00682248
0.00678666
0.00674155
0.00661668
0.00649555
0.00637435
0.00573874
0.00499845
0.00426357
0.00407053
0.00439431
0.00469441
0.00494214
0.00471363
0.00450684
0.00429926
0.00319553
0.00190925
0.000632363
0.000110445
0.000308876
0.000474679
0.000613952
0.000503762
0.000404892
0.000305602
-0.00027625
-0.000956513
-0.00163175
-0.00210612
-0.0023887
-0.00267963
-0.00295957
-0.00314664
-0.00333769
-0.0035284
-0.00372004
-0.00391173
-0.00410326
-0.00425353
-0.00436446
-0.00447705
-0.00460591
-0.00488195
-0.00515117
-0.00542046
-0.00559881
-0.00575837
-0.00591863
-0.0060579
-0.00617718
-0.00629724
-0.0064166
-0.0065309
-0.00664532
-0.00675964
-0.00683623
-0.00690503
-0.00697411
-0.00705699
-0.00715305
-0.00724845
-0.00734209
-0.00742044
-0.0074994
-0.00757826
-0.00768703
-0.00780187
-0.00791634
-0.00800622
-0.00807261
-0.00813999
-0.00821215
-0.00832807
-0.00844195
-0.00855583
-0.00859395
-0.00861646
-0.00863964
-0.00872949
-0.00888303
-0.00903365
-0.00917174
-0.00919752
-0.0092282
-0.00925864
-0.0093071
-0.00935923
-0.00941116
-0.0094397
-0.00944589
-0.00945306
-0.00946484
-0.00951837
-0.00957003
-0.00962173
-0.0097019
-0.00978789
-0.00987355
-0.00995586
-0.0100349
-0.0101141
-0.0101837
-0.0101684
-0.0101567
-0.0101449
-0.01015
-0.0101585
-0.0101668
-0.010182
-0.0102037
-0.0102251
-0.0102521
-0.010329
-0.0104038
-0.0104785
-0.0105019
-0.0105147
-0.0105279
-0.0105504
-0.0105816
-0.0106125
-0.0106416
-0.0106554
-0.0106698
-0.0106841
-0.0106932
-0.0107013
-0.0107093
-0.0107317
-0.0107679
-0.0108033
-0.0108336
-0.0108173
-0.0108029
-0.0107885
-0.0107949
-0.0108056
-0.0108161
-0.0108395
-0.0108754
-0.0109107
-0.0109365
-0.0108777
-0.0108225
-0.0107673
-0.0107669
-0.0107778
-0.0107882
-0.0107715
-0.0107288
-0.0106873
-0.0106612
-0.0107737
-0.0108803
-0.010987
-0.0109711
-0.0109298
-0.0108896
-0.0108681
-0.0108644
-0.0108599
-0.010855
-0.0108455
-0.0108362
-0.0108269
-0.0107479
-0.0106544
-0.0105617
-0.0105784
-0.0106999
-0.0108168
-0.0109231
-0.0109332
-0.0109473
-0.0109613
-0.0109313
-0.0108923
-0.0108536
-0.010857
-0.0109005
-0.0109423
-0.0109801
-0.0109815
-0.0109845
-0.0109873
-0.0109923
-0.0109976
-0.0110029
-0.0109823
-0.0109367
-0.0108922
-0.0108564
-0.0108989
-0.0109382
-0.0109776
-0.0109946
-0.011007
-0.0110196
-0.0110319
-0.011044
-0.011056
-0.0110651
-0.0110475
-0.011031
-0.0110145
-0.011
-0.010986
-0.0109719
-0.0109916
-0.0110436
-0.0110942
-0.0111376
-0.0111161
-0.0110974
-0.0110785
-0.0110968
-0.0111228
-0.0111484
-0.011128
-0.0110635
-0.0110008
-0.0109478
-0.0109818
-0.0110121
-0.0110425
-0.011044
-0.0110394
-0.011035
-0.0110337
-0.0110352
-0.0110367
-0.0110304
-0.0109551
-0.0108827
-0.0108103
-0.0108095
-0.0108238
-0.0108374
-0.0108683
-0.0109156
-0.0109622
-0.0110012
-0.0109715
-0.0109447
-0.0109177
-0.010873
-0.0108245
-0.0107763
-0.0107209
-0.0106587
-0.0105969
-0.0105437
-0.0105675
-0.0105882
-0.010609
-0.0106643
-0.0107268
-0.0107889
-0.0108345
-0.0108641
-0.0108943
-0.0109155
-0.0108561
-0.0108
-0.0107437
-0.0107879
-0.010853
-0.0109172
-0.0109065
-0.0108239
-0.0107442
-0.0105647
-0.00949141
-0.00845511
-0.00741816
-0.0072881
-0.00734793
-0.00740004
-0.00723379
-0.00685791
-0.0064908
-0.00616034
-0.00615896
-0.00614433
-0.00613025
-0.00374947
-0.000874374
0.00197853
0.00378986
0.00460182
0.00545326
0.00633285
0.00748427
0.00862387
0.00976302
0.0102347
0.0105662
0.0109031
0.0114456
0.0121855
0.0129169
0.0136505
0.0144054
0.0151589
0.0159118
0.0159779
0.0159
0.0158279
0.0156129
0.0152612
0.0149153
0.0146306
0.0148943
0.0151359
0.0153782
0.015227
0.0149933
0.0147631
0.0146736
0.0147192
0.0147594
0.0147697
0.0145111
0.0142634
0.0140155
0.0137946
0.0135795
0.0133644
0.0133272
0.0134606
0.0135872
0.013674
0.0134031
0.0131465
0.0128896
0.0124884
0.0120572
0.0116275
0.0114514
0.0115187
0.0115764
0.0116293
0.011637
0.0116464
0.0116557
0.0114688
0.0112408
0.0110145
0.0107779
0.0105314
0.0102855
0.0101249
0.0107269
0.0112985
0.0118709
0.0115651
0.0110746
0.0105917
0.0104502
0.0106367
0.0108102
0.0109066
0.0103084
0.00973773
0.00916643
0.00967116
0.0104023
0.0111241
0.0114137
0.0112881
0.0111788
0.0110473
0.0107229
0.0104063
0.0100896
0.00988148
0.00969633
0.00951044
0.00932635
0.00914398
0.00896169
0.00879435
0.00875987
0.00872027
0.0086809
0.00875222
0.00884685
0.00894051
0.00856841
0.00774903
0.00694756
0.00628876
0.00690916
0.00747975
0.00805182
0.00836648
0.00862662
0.00888866
0.00858089
0.00772598
0.00689277
0.00613259
0.00602901
0.00590029
0.00577263
0.00628808
0.00693916
0.00758454
0.00792089
0.0079602
0.00801087
0.00801213
0.00757512
0.00715521
0.00673498
0.00647916
0.00625827
0.0060362
0.00595982
0.00602335
0.00608149
0.00617271
0.00655866
0.00693309
0.00730767
0.00701333
0.00657759
0.00614757
0.00616905
0.00662457
0.00706325
0.00745386
0.00741085
0.00738435
0.00735725
0.00703854
0.00665825
0.00628058
0.0062422
0.00652994
0.00680512
0.00709497
0.00751372
0.00792728
0.00834072
0.00778049
0.00701424
0.00625634
0.00612835
0.00660607
0.00706058
0.00741613
0.00688002
0.00637792
0.00587493
0.00567731
0.00554456
0.00540947
0.00528379
0.00516707
0.0050501
0.00493867
0.00487612
0.00481177
0.00474754
0.00517276
0.00570159
0.00622615
0.00629321
0.00592028
0.00556411
0.00523789
0.00518349
0.00511897
0.00505487
0.00495818
0.00485463
0.00475141
0.00461466
0.00444568
0.00427803
0.00414202
0.00428904
0.00442541
0.00456206
0.00437989
0.00413007
0.00388296
0.00385632
0.00404182
0.0042193
0.00439423
0.00454482
0.0046962
0.00484744
0.00502196
0.00520134
0.00538039
0.00517884
0.00461119
0.00405753
0.00357359
0.00371579
0.00383472
0.00395441
0.00389027
0.00378706
0.00368537
0.00362867
0.00361531
0.00360036
0.00359594
0.00368528
0.00377111
0.003857
0.0042973
0.00481282
0.0053252
0.00518075
0.00440424
0.00365154
0.00297946
0.00303312
0.00306008
0.003088
0.00376886
0.00458845
0.00540235
0.00553606
0.00501505
0.0045184
0.00407037
0.0040631
0.0040397
0.00401691
0.00484415
0.00585215
0.00685281
0.00687738
0.00596231
0.00508219
0.00436629
0.00512793
0.00583516
0.00654385
0.00607209
0.00534879
0.00463518
0.004213
0.00407169
0.00392027
0.00381479
0.00411674
0.00440368
0.00469095
0.00416405
0.00346367
0.00277008
0.00255813
0.00281007
0.00304502
0.00327216
0.00342513
0.00358067
0.00373601
0.00426912
0.00488263
0.00549279
0.00536545
0.00452793
0.00371665
0.00301095
0.00325505
0.00346472
0.00367549
0.00426695
0.00493946
0.00560857
0.00607441
0.00634439
0.00662122
0.00677056
0.00578134
0.00483375
0.00388533
0.00373063
0.00374572
0.00375471
0.00387821
0.00411177
0.00434123
0.00459028
0.00501494
0.00543301
0.00585102
0.00536784
0.00469208
0.0040237
0.00365994
0.003742
0.00380808
0.00386364
0.00382027
0.00378045
0.00374054
0.00370495
0.00367031
0.00363566
0.00362392
0.0036457
0.00366628
0.00369518
0.00379845
0.003899
0.00399957
0.00403657
0.00405994
0.00408377
0.00431306
0.00484302
0.00536195
0.00579786
0.00548936
0.00520744
0.00492478
0.00477329
0.00464999
0.00452578
0.00450816
0.00464644
0.00477912
0.00481738
0.0040086
0.00323029
0.00245145
0.00244739
0.00260949
0.00276563
0.00283286
0.00276972
0.00271121
0.00266688
0.00275067
0.00282989
0.00290922
0.00295676
0.00299746
0.00303836
0.00307338
0.00309979
0.00312648
0.00313869
0.00302135
0.00290863
0.00279582
0.00285395
0.00294875
0.0030422
0.00313385
0.00322282
0.00331182
0.00339875
0.00346758
0.003537
0.00360634
0.00347107
0.00329191
0.00311441
0.0030083
0.00300672
0.00300151
0.002998
0.00300869
0.00301887
0.00302907
0.00307499
0.00312857
0.00318185
0.00316292
0.00303827
0.00291739
0.00283032
0.00304686
0.00325272
0.0034588
0.00340197
0.00328862
0.0031773
0.00307678
0.00299214
0.002907
0.00285077
0.00305291
0.00324598
0.00343923
0.0039072
0.00443405
0.00495851
0.00495349
0.00417321
0.0034202
0.0027753
0.00310357
0.00339808
0.00369356
0.00367461
0.00358796
0.00350371
0.00346216
0.00348323
0.00350214
0.00351871
0.00351381
0.00350965
0.00350547
0.0035498
0.00360455
0.00365891
0.00373554
0.00384479
0.00395285
0.00403878
0.00392661
0.00382128
0.0037158
0.00436747
0.00518203
0.00599047
0.00648748
0.0065283
0.00658467
0.00663881
0.00667811
0.00671788
0.00675762
0.00671934
0.00666426
0.00660979
0.0065881
0.00661443
0.00663912
0.00666168
0.00666483
0.00666863
0.00667241
0.00562302
0.00434688
0.0030793
0.00284737
0.00413256
0.00536546
0.00635736
0.00518011
0.00407711
0.00297235
0.00301874
0.00331365
0.00359996
0.00372114
0.00360006
0.00348725
0.00344403
0.00402645
0.00458736
0.00514862
0.00465225
0.00392766
0.00321125
0.00281893
0.00290162
0.00296826
0.00307487
0.0035352
0.00398331
0.00443154
0.00395741
0.00328415
0.00261804
0.00240985
0.00287276
0.00331284
0.00364046
0.00295552
0.002305
0.00165375
0.00124738
0.000894152
0.000539385
0.00055165
0.00110156
0.00163312
0.00211316
0.00212882
0.00215999
0.00219061
0.00216627
0.00213003
0.00209422
0.00239921
0.00320367
0.00399094
0.0034781
-0.00868855
-0.020459
-0.0322349
-0.0440027
0.00390146
0.00213593
0.00217507
0.00238252
0.00258424
0.00280695
0.00321715
0.00362086
0.00402451
0.00433677
0.00462907
0.00492184
0.00490863
0.00419237
0.00349985
0.00280701
0.00211411
0.00142161
0.000729553
0.0012707
0.0025923
0.00388724
0.00453515
0.00369467
0.00290387
0.00211196
0.00196935
0.00187749
0.00178401
0.00239516
0.00345222
0.00449389
0.00495314
0.00407311
0.00323772
0.0024014
0.00255434
0.00278449
0.00301195
0.00296468
0.0027434
0.00252799
0.00221547
0.00167998
0.00115214
0.000624402
0.000517339
0.000443256
0.000368142
0.000684719
0.00124926
0.00180532
0.00211269
0.00184812
0.00160242
0.00135625
0.00172683
0.00214551
0.00256235
0.00267348
0.0025909
0.0025147
0.00239157
0.00216096
0.00193401
0.00170708
0.00182638
0.00197278
0.0021182
0.00252372
0.00309391
0.00365837
0.00390619
0.00342594
0.00296964
0.00251286
0.00192941
0.00133634
0.000743966
0.000873334
0.00145999
0.00203146
0.00234667
0.00207197
0.00181653
0.00156063
0.00177579
0.00202789
0.00227863
0.00300157
0.00402357
0.00503525
0.00569019
0.00552486
0.0053861
0.00524656
0.00515162
0.00506025
0.00496882
0.00487452
0.00477842
0.00468245
0.00472735
0.00509617
0.00545434
0.00581262
0.00502837
0.00415444
0.00328395
0.00331162
0.00390873
0.00448718
0.0047094
0.0041114
0.00354007
0.00296825
0.00239036
0.00181233
0.00123467
0.000837726
0.000555462
0.000269712
0.000477113
0.00181825
0.00312232
0.00442673
0.00389921
0.00322711
0.00256005
0.00248192
0.00277737
0.00306073
0.00311478
0.00264077
0.00218387
0.00172672
0.00209119
0.0025205
0.00294748
0.00253137
0.00158057
0.00064736
-0.000121759
-0.000512927
-0.000915846
-0.00131814
-0.00115439
-0.000945859
-0.000738877
-0.000410381
-4.90535e-06
0.000397875
0.000655163
0.000577914
0.0005113
0.000444391
-0.000425619
-0.0013589
-0.00228959
-0.00234946
-0.00185677
-0.00138184
-0.000980325
-0.000748593
-0.000511652
-0.000275024
-0.00106278
-0.00193152
-0.00279717
-0.00266881
-0.00190966
-0.00117085
-0.000760654
-0.00110731
-0.00142995
-0.00175314
-0.00213749
-0.0025265
-0.00291512
-0.00323957
-0.00352322
-0.00380797
-0.00381563
-0.00318612
-0.00257697
-0.00196757
-0.00183614
-0.00174288
-0.00164849
-0.00180002
-0.00210761
-0.00241012
-0.0022866
-0.00118278
-0.00011029
0.000962511
0.00105378
0.00106668
0.00108203
0.000954892
0.000737384
0.000522829
0.000291288
2.07007e-05
-0.000248501
-0.000517579
-0.000819532
-0.00112394
-0.00142809
-0.0014623
-0.00132509
-0.0011933
-0.00106235
-0.000933603
-0.000804867
-0.00067621
-0.000676915
-0.000687965
-0.000698688
-0.00102851
-0.00156091
-0.00208669
-0.00253678
-0.00281262
-0.00309368
-0.00337441
-0.00324688
-0.00308673
-0.00292769
-0.00308514
-0.00344359
-0.00379561
-0.00389101
-0.00339569
-0.00291891
-0.00244185
-0.00300195
-0.00352972
-0.00405817
-0.00438552
-0.00458506
-0.00478842
-0.00490682
-0.00483015
-0.00475953
-0.00468877
-0.00483667
-0.00500204
-0.00516677
-0.00529176
-0.00539147
-0.00549189
-0.00556583
-0.005579
-0.00559403
-0.00560899
-0.00564281
-0.00567812
-0.00571336
-0.00574246
-0.00576764
-0.00579293
-0.00583416
-0.00591209
-0.00598885
-0.00606559
-0.00610699
-0.00614553
-0.00618412
-0.00621936
-0.00625246
-0.00628561
-0.00631411
-0.00633194
-0.00635009
-0.00636822
-0.00640768
-0.00644883
-0.00648991
-0.00652266
-0.00655011
-0.0065777
-0.0066003
-0.00661142
-0.00662289
-0.00663434
-0.00665074
-0.00666698
-0.00668321
-0.00668543
-0.00667874
-0.00667232
-0.00668467
-0.00674022
