0
0.0148272
0.0136418
0.0137895
0.0138262
0.0137935
0.013758
0.0137227
0.0135278
0.0131868
0.0128585
0.0126608
0.0129767
0.0132497
0.0135258
0.0133944
0.0132515
0.0131097
0.0129871
0.0128821
0.0127758
0.0127096
0.0127988
0.0128752
0.0129525
0.0128132
0.0126678
0.0125231
0.0123875
0.0122602
0.0121325
0.0120291
0.0120204
0.012004
0.0119882
0.0119876
0.0119875
0.0119873
0.0119285
0.011816
0.0117081
0.0116321
0.0116825
0.0117227
0.0117637
0.0115628
0.0113548
0.0111478
0.0109863
0.0108667
0.0107439
0.0106337
0.0105711
0.0105048
0.0104389
0.0102777
0.0101137
0.00995023
0.00983381
0.00976063
0.00968414
0.00962437
0.00962868
0.00962792
0.00962755
0.00932983
0.00902305
0.00871747
0.00859141
0.00863039
0.00865632
0.00866845
0.00862256
0.00858131
0.00853975
0.00845569
0.00837037
0.00828528
0.00819427
0.00809784
0.00800198
0.00801221
0.00843772
0.00883021
0.00922465
0.00889622
0.00854433
0.00819482
0.00797063
0.00786194
0.00774447
0.00766166
0.0077114
0.0077508
0.00779094
0.00787055
0.00795138
0.00803199
0.00812558
0.00823109
0.00833552
0.00836255
0.0080864
0.00783394
0.00758005
0.00766841
0.00776837
0.0078673
0.00775587
0.00745057
0.00716053
0.0069331
0.00695439
0.00695671
0.00696046
0.0070947
0.00723332
0.00737139
0.00741047
0.00735824
0.007313
0.0072306
0.00700444
0.00678948
0.006574
0.00641682
0.00626192
0.00610707
0.00600021
0.00593761
0.00587178
0.00587049
0.00612098
0.00635221
0.00658453
0.00640718
0.00621533
0.00602484
0.0057194
0.00530795
0.00490503
0.00459788
0.00466702
0.00470804
0.00475108
0.00449149
0.00422119
0.00395208
0.00394647
0.00418432
0.00440378
0.00456327
0.0044831
0.00442076
0.00435719
0.00431702
0.00427776
0.00423848
0.00418864
0.00412902
0.00407021
0.00396244
0.00366263
0.00337735
0.00309143
0.00332598
0.00357982
0.00383188
0.00382867
0.00358926
0.00336744
0.00321009
0.00330977
0.00339059
0.00347267
0.00358872
0.00370592
0.00382288
0.00389324
0.00392047
0.00395079
0.00391809
0.00363915
0.00337841
0.00311674
0.00266984
0.00221632
0.00176394
0.00163448
0.00180406
0.00195189
0.00207493
0.00209507
0.00212258
0.00214952
0.00185687
0.00155204
0.00124853
0.00104449
0.000932696
0.000814474
0.000705531
0.000630665
0.000553476
0.000476563
0.000230462
-2.20497e-05
-0.000273747
-0.000442064
-0.000533037
-0.000629366
-0.000722602
-0.000805624
-0.000889251
-0.000972716
-0.000956418
-0.000936122
-0.000916138
-0.000904393
-0.000900312
-0.000895698
-0.000928233
-0.00110643
-0.00127414
-0.00144235
-0.00161479
-0.00178719
-0.00195936
-0.00192933
-0.00171166
-0.00150742
-0.00139315
-0.00163505
-0.00185176
-0.00206992
-0.00194759
-0.00181138
-0.00167632
-0.00161402
-0.00161933
-0.00161994
-0.00161373
-0.00157942
-0.0015471
-0.00151469
-0.00176899
-0.00203494
-0.00229972
-0.00232053
-0.00211464
-0.00192466
-0.00170336
-0.00136264
-0.00103061
-0.000698437
-0.000656273
-0.000626397
-0.000595719
-0.000715333
-0.000974574
-0.0012239
-0.0014636
-0.00166384
-0.0018665
-0.00206872
-0.00220351
-0.00233526
-0.00246703
-0.0024697
-0.00235232
-0.00224326
-0.00213462
-0.00202938
-0.00192406
-0.00181888
-0.00176523
-0.00171387
-0.00166242
-0.00167379
-0.0017436
-0.00180937
-0.00188761
-0.00201402
-0.00213702
-0.00226008
-0.00228497
-0.00229196
-0.00230014
-0.00235404
-0.0024506
-0.00254416
-0.00262892
-0.00267864
-0.00273065
-0.00278243
-0.00298472
-0.00321431
-0.00344176
-0.00363466
-0.00379524
-0.00395776
-0.00408794
-0.00409222
-0.00410487
-0.00411694
-0.00419546
-0.00428606
-0.00437573
-0.00446434
-0.0045519
-0.00463942
-0.00471769
-0.00475997
-0.00480457
-0.00484896
-0.00475851
-0.00464341
-0.00453008
-0.00453655
-0.00465483
-0.0047656
-0.00484235
-0.00478389
-0.00473437
-0.00468434
-0.00463637
-0.00458881
-0.00454129
-0.00453251
-0.00455985
-0.00458479
-0.0045847
-0.00448573
-0.00439333
-0.00430062
-0.00428312
-0.0042795
-0.00427498
-0.00431879
-0.00440765
-0.00449347
-0.00456508
-0.00458036
-0.00459928
-0.00461793
-0.00457908
-0.00452963
-0.00448092
-0.00452326
-0.00465064
-0.00477236
-0.004859
-0.0048067
-0.00476341
-0.0047196
-0.00467171
-0.0046231
-0.00457459
-0.00448336
-0.00435221
-0.0042238
-0.00410671
-0.00403438
-0.00395927
-0.00388444
-0.00383105
-0.0037817
-0.00373216
-0.00369815
-0.00367865
-0.00365825
-0.00363505
-0.00360053
-0.00356678
-0.00353303
-0.0035339
-0.00354122
-0.00354811
-0.00358768
-0.00365774
-0.00372579
-0.0037607
-0.00366502
-0.00357771
-0.00348998
-0.00342771
-0.00337025
-0.00331255
-0.00333509
-0.00343265
-0.00352536
-0.00359807
-0.00359125
-0.00358942
-0.00358728
-0.00365204
-0.00372924
-0.00380556
-0.00378039
-0.00366021
-0.00354611
-0.0034571
-0.00346784
-0.00347235
-0.00347724
-0.00340222
-0.00331232
-0.00322345
-0.00327785
-0.00346642
-0.00364642
-0.0037836
-0.00375084
-0.00372867
-0.00370586
-0.00370361
-0.00370521
-0.00370657
-0.00369951
-0.00368456
-0.00367012
-0.00366735
-0.00371059
-0.00375094
-0.00379142
-0.00381504
-0.00383547
-0.00385607
-0.00385151
-0.00382338
-0.00379673
-0.00378821
-0.00385129
-0.00390991
-0.00396873
-0.00380218
-0.00359332
-0.0033873
-0.00314159
-0.00285884
-0.0025787
-0.00237396
-0.00246559
-0.00253907
-0.00261356
-0.00263533
-0.00264713
-0.00265953
-0.00262498
-0.00254646
-0.00247071
-0.0023932
-0.00230921
-0.00222571
-0.00214228
-0.00193672
-0.00170825
-0.00148143
-0.00120179
-0.000872697
-0.000546979
-0.000295725
-0.000337209
-0.000361041
-0.000385905
-0.000270087
-0.000127726
1.28715e-05
8.43708e-05
9.09301e-05
0.00010137
0.00014072
0.00029484
0.000441916
0.000589237
0.000565031
0.00050828
0.000453538
0.000485425
0.000598745
0.000707084
0.00081876
0.00094278
0.00106592
0.00118896
0.00117693
0.0011392
0.00110304
0.00115928
0.00130238
0.00144018
0.00153308
0.00144846
0.00137443
0.00129986
0.00138084
0.00149138
0.00160006
0.0016302
0.00158644
0.00154708
0.00152712
0.00158442
0.00163712
0.00169003
0.00168168
0.00166164
0.00164231
0.00162385
0.00160625
0.00158862
0.00161512
0.00181535
0.00200521
0.00219545
0.00211894
0.00199149
0.00186715
0.00182391
0.0018571
0.0018858
0.0018978
0.00184305
0.00179224
0.00174126
0.00177058
0.00181526
0.001859
0.00186679
0.00184072
0.00181664
0.00180655
0.00185194
0.00189408
0.00193635
0.00188886
0.00182418
0.00176056
0.00175187
0.00179493
0.00183496
0.00185662
0.00180535
0.00175832
0.0017111
0.0016322
0.00154727
0.00146278
0.0013801
0.00129914
0.00121817
0.0011556
0.00116523
0.00117073
0.00117645
0.00129007
0.00142437
0.00155734
0.00152476
0.00133624
0.0011568
0.00101858
0.00104421
0.00106051
0.00107733
0.00101075
0.000928156
0.000846558
0.000912398
0.00111715
0.00131382
0.00147993
0.00152449
0.00157586
0.00162679
0.00167355
0.00171946
0.00176536
0.00173878
0.0016439
0.00155297
0.00154208
0.00184717
0.00213419
0.00242191
0.00244231
0.00241096
0.00238253
0.00238484
0.00241625
0.00244601
0.00247254
0.00246968
0.00246847
0.00246716
0.00258741
0.00273112
0.00287337
0.00288981
0.00278756
0.00269202
0.00261762
0.00273465
0.00284093
0.00294768
0.00314966
0.00336996
0.003589
0.00371253
0.00374593
0.00378426
0.00380902
0.00371525
0.00362811
0.00354071
0.0034641
0.00338965
0.00331517
0.00332036
0.00340071
0.00347684
0.00353307
0.00340996
0.00329683
0.00318326
0.00311369
0.00305273
0.00299137
0.00298331
0.00302554
0.00306497
0.00311441
0.00325227
0.00338515
0.00351815
0.00350568
0.00346484
0.00342559
0.00332207
0.00315796
0.00299732
0.00284489
0.00276607
0.00268335
0.00260093
0.00260398
0.00262375
0.00264259
0.00259509
0.00248491
0.00237823
0.00227508
0.00220415
0.00213156
0.00205914
0.00201162
0.00196901
0.00192619
0.0017883
0.0015606
0.00133797
0.00113154
0.00107041
0.00100155
0.000933175
0.000911644
0.000899317
0.000886511
0.000779465
0.000583346
0.000392201
0.00021901
0.000207101
0.000186593
0.000166567
0.000204718
0.000254265
0.000303151
0.000206396
-2.80537e-05
-0.00025493
-0.000471254
-0.000591542
-0.000716802
-0.000841665
-0.000868675
-0.000876423
-0.000885183
-0.00079248
-0.0006039
-0.000420592
-0.000289176
-0.000622704
-0.000931318
-0.00124092
-0.0014107
-0.00155284
-0.00169628
-0.00176212
-0.00175463
-0.001751
-0.00172724
-0.00152524
-0.00133283
-0.00114011
-0.00137264
-0.00168882
-0.00200029
-0.00222206
-0.00235873
-0.0024997
-0.00260334
-0.00237626
-0.0021667
-0.00195645
-0.0017857
-0.00162287
-0.00145979
-0.00150873
-0.00175828
-0.00199713
-0.00223783
-0.00249217
-0.00274554
-0.00299869
-0.00284987
-0.00262168
-0.00239785
-0.0022179
-0.00207971
-0.00193949
-0.00184554
-0.00216314
-0.00245912
-0.00275592
-0.00292458
-0.00306775
-0.00321209
-0.00335321
-0.00349133
-0.00362947
-0.00370937
-0.00326955
-0.00285694
-0.00244335
-0.00235305
-0.00232689
-0.00229747
-0.00236833
-0.002534
-0.00269464
-0.00284658
-0.00291961
-0.00299661
-0.00307333
-0.00325167
-0.00345004
-0.00364718
-0.00364658
-0.00345858
-0.00328033
-0.0030958
-0.00285805
-0.00262326
-0.00238855
-0.00241316
-0.00248929
-0.00256272
-0.00268064
-0.00284059
-0.00299825
-0.00315928
-0.00335082
-0.00354061
-0.0037303
-0.00362522
-0.00346154
-0.003301
-0.00307451
-0.00278568
-0.00250029
-0.00224362
-0.00224321
-0.00222988
-0.0022172
-0.00230466
-0.00241201
-0.00251824
-0.00257321
-0.0025795
-0.00258824
-0.00259581
-0.00259412
-0.00259291
-0.00259167
-0.00241059
-0.00219376
-0.00197894
-0.0018588
-0.00182857
-0.00179387
-0.00178007
-0.00195092
-0.00211237
-0.00227413
-0.0225536
-0.046837
-0.0570013
0.000398906
-0.00233108
-0.0020668
-0.00194571
-0.001764
-0.00158549
-0.00140699
-0.0014741
-0.00159029
-0.00170393
-0.0017874
-0.00184211
-0.00189818
-0.00194232
-0.00188073
-0.00182443
-0.00176792
-0.00156422
-0.0013312
-0.00109986
-0.00101217
-0.00106093
-0.00110292
-0.00115697
-0.00131629
-0.00147028
-0.00162438
-0.00188315
-0.00216272
-0.002441
-0.00256828
-0.00255212
-0.00254301
-0.00249123
-0.0020607
-0.00164914
-0.00123705
-0.00125452
-0.00135821
-0.00145759
-0.00157707
-0.00171545
-0.00185277
-0.00198483
-0.00207046
-0.00215827
-0.00224589
-0.0022367
-0.00220806
-0.00218039
-0.00201662
-0.00172362
-0.00143718
-0.00118449
-0.00123438
-0.00126955
-0.00130541
-0.00132711
-0.00134595
-0.00136491
-0.00138923
-0.00141866
-0.00144781
-0.00147061
-0.00143662
-0.00140541
-0.00137409
-0.00119093
-0.000977307
-0.000765357
-0.000646666
-0.000616697
-0.00058249
-0.000554675
-0.000581943
-0.000606541
-0.000631243
-0.000591967
-0.000539817
-0.000488334
-0.000536964
-0.000680804
-0.000819952
-0.000951373
-0.00101272
-0.00107735
-0.00114176
-0.00105917
-0.000946943
-0.000836238
-0.000650862
-0.000394552
-0.000141863
8.7184e-05
0.000105078
0.000132996
0.000160412
0.000146365
0.00012394
0.000101934
5.93388e-05
-2.82048e-06
-6.39936e-05
-0.000127216
-0.000208816
-0.000289468
-0.000370089
-0.000455221
-0.000541204
-0.000627066
-0.000638622
-0.000579479
-0.000523727
-0.000474978
-0.000489904
-0.000501816
-0.000513859
-0.000500787
-0.000482637
-0.000464742
-0.000467857
-0.000490976
-0.000513134
-0.000531975
-0.000520892
-0.000511223
-0.000501496
-0.000450905
-0.000392059
-0.000333654
-0.000199143
7.79076e-06
0.000211146
0.000413002
0.000601444
0.000790337
0.000979032
0.00098108
0.000945226
0.00091117
0.000937144
0.00102035
0.00110082
0.00117724
0.00121679
0.00125802
0.00129913
0.00130984
0.00131436
0.00131916
0.00126389
0.00115144
0.00104173
0.000919312
0.00068347
0.00045309
0.000222671
9.10038e-05
-2.04781e-05
-0.000132789
-0.000198462
-0.000219751
-0.000243065
-0.000260337
-0.000224543
-0.000191223
-0.000157821
-0.000135599
-0.000115669
-9.56517e-05
-3.34262e-05
6.90165e-05
0.00016952
0.000251583
0.000168546
9.31492e-05
1.74712e-05
-1.81829e-05
-4.56544e-05
-7.3475e-05
-0.000106203
-0.000143625
-0.000180797
-0.000224013
-0.000321474
-0.000416374
-0.000511303
-0.000596205
-0.000679002
-0.00076182
-0.000812507
-0.000832571
-0.000854007
-0.000873366
-0.000874843
-0.00087713
-0.000879378
-0.000817859
-0.000743351
-0.0006695
-0.000678072
-0.000765252
-0.000848797
-0.000932834
-0.0010204
-0.00110773
-0.00119498
-0.00120993
-0.00121008
-0.00121089
-0.00120834
-0.00120261
-0.00119703
-0.00119716
-0.00124844
-0.00129737
-0.00134636
-0.00150753
-0.00169156
-0.0018744
-0.00192295
-0.00184338
-0.00176963
-0.00171432
-0.001826
-0.00193011
-0.00203445
-0.00205626
-0.00206114
-0.00206678
-0.00204928
-0.00200973
-0.00197121
-0.00194676
-0.00204835
-0.00214423
-0.00224028
-0.00223582
-0.00221073
-0.00218659
-0.00218895
-0.00221665
-0.00224319
-0.00226325
-0.00222502
-0.00218942
-0.00215372
-0.00212344
-0.00209429
-0.00206512
-0.00199994
-0.00190038
-0.00180244
-0.00171626
-0.00173539
-0.00174984
-0.00176449
-0.00184334
-0.00193533
-0.00202666
-0.00197258
-0.00177966
-0.00159302
-0.00142717
-0.00144851
-0.0014616
-0.00147504
-0.00137763
-0.00125749
-0.00113844
-0.00113425
-0.00123976
-0.00134037
-0.00142389
-0.00135321
-0.00128934
-0.00122524
-0.00105935
-0.000872605
-0.000686937
-0.000574929
-0.000533314
-0.000488662
-0.000440999
-0.000364881
-0.00029007
-0.000215268
-0.00022081
-0.000242909
-0.000264269
-0.00030963
-0.000377885
-0.000445085
-0.000500107
-0.000446161
-0.000396993
-0.000347661
-0.00021424
-6.35553e-05
8.62502e-05
0.000178232
0.000214933
0.000253995
0.000282816
0.000221156
0.00016346
0.000105644
2.4844e-05
-6.06506e-05
-0.000145869
-0.000201169
-0.000227868
-0.000255778
-0.000286049
-0.000338129
-0.000389225
-0.000440319
-0.000321412
-0.000167445
-1.5117e-05
4.8273e-05
2.65878e-05
8.57243e-06
-6.78223e-06
2.97522e-06
1.16479e-05
2.03597e-05
3.52916e-05
5.15011e-05
6.76421e-05
3.32049e-05
-4.95862e-05
-0.00013024
-0.00019059
-6.88931e-05
4.49298e-05
0.000158992
5.19361e-06
-0.000203965
-0.000410587
-0.000551339
-0.000629003
-0.000709285
-0.000783197
-0.000801624
-0.000822394
-0.000843046
-0.000797804
-0.000738934
-0.000680692
-0.000667018
-0.000695991
-0.000723132
-0.000728981
-0.000543681
-0.000366628
-0.000189375
-0.000313646
-0.000500376
-0.000684311
-0.000890847
-0.00111888
-0.00134582
-0.00154138
-0.00145711
-0.00138471
-0.00131186
-0.0013524
-0.00141644
-0.00147945
-0.00146973
-0.00139039
-0.00131405
-0.00123716
-0.0011559
-0.0010749
-0.000993953
-0.00113669
-0.00132582
-0.00151284
-0.00152203
-0.00136096
-0.00120715
-0.00106548
-0.00103422
-0.000998373
-0.000962745
-0.00114274
-0.00136746
-0.00159013
-0.00166639
-0.00160244
-0.00154439
-0.00148482
-0.00141351
-0.00134275
-0.00127203
-0.00142009
-0.00161361
-0.00180507
-0.00197275
-0.00211759
-0.00226325
-0.00239037
-0.0023527
-0.00232189
-0.00229082
-0.00229191
-0.0022997
-0.0023072
-0.00222213
-0.00204843
-0.00187853
-0.00173337
-0.00180997
-0.00187734
-0.00194505
-0.00191871
-0.00187279
-0.00182771
-0.00173486
-0.0015963
-0.00145973
-0.00132451
-0.00120119
-0.00107748
-0.000953882
-0.000935917
-0.000940002
-0.000943179
-0.000889636
-0.00078173
-0.00067614
-0.000578404
-0.000551146
-0.000521027
-0.000491048
-0.000595934
-0.000728918
-0.000860646
-0.000882765
-0.000799835
-0.000721261
-0.000645664
-0.000597814
-0.000548872
-0.000500014
-0.000244811
5.33567e-05
0.000349533
0.000449566
0.000361589
0.000281326
0.000207211
0.000190444
0.000171362
0.000152389
0.000416666
0.000740023
0.00106072
0.00116244
0.00105422
0.000954575
0.000895926
0.00120685
0.00150258
0.00179868
0.00210922
0.0024226
0.00273562
0.00288929
0.00289023
0.00289733
0.00288954
0.00275073
0.0026173
0.00248377
0.00235035
0.00221703
0.00208381
0.00183273
0.00146868
0.00110945
0.000801375
0.000950825
0.0010818
0.00121342
0.0012866
0.0013475
0.00140884
0.00148624
0.00157906
0.00167118
0.00174672
0.00167396
0.00160719
0.00154024
0.0015798
0.00164168
0.00170262
0.00183297
0.00202984
0.00222391
0.00240853
0.00250879
0.00261233
0.00271565
0.00248443
0.00218309
0.00188479
0.00174533
0.00175835
0.0017653
0.0018111
0.00220268
0.00258023
0.00295805
0.00263756
0.00217055
0.0017097
0.00159573
0.00181476
0.00202045
0.00216059
0.00171019
0.00128346
0.000856128
0.000995294
0.00125349
0.00150679
0.00168204
0.0017822
0.00188525
0.00196672
0.00185664
0.00175419
0.00165151
0.00198901
0.00241892
0.00284487
0.00304999
0.00304306
0.00304444
0.003017
0.00273428
0.00246179
0.00218911
0.00240909
0.00273269
0.00305198
0.00303917
0.00270747
0.00238849
0.00213558
0.00247698
0.00279493
0.00311355
0.00286008
0.00248622
0.00211734
0.00182289
0.00160009
0.00137468
0.00122167
0.00171491
0.00218266
0.00265103
0.00278762
0.00285417
0.00292339
0.00275065
0.00234573
0.00195011
0.00158725
0.00151854
0.00143849
0.00135894
0.00122879
0.00108804
0.000947816
0.000921753
0.00100533
0.00108462
0.00117162
0.00132681
0.00147925
0.00163168
0.00136734
0.00101513
0.000666581
0.000608196
0.000828618
0.00103815
0.00121458
0.00109203
0.000981069
0.000869746
0.000829249
0.00080374
0.000777676
0.000845649
0.00100393
0.00115862
0.00127518
0.0010498
0.000837679
0.000625214
0.000734612
0.000912014
0.00108668
0.00123056
0.00134476
0.00146001
0.00158219
0.00176762
0.0019505
0.00213334
0.00198449
0.00176554
0.00154941
0.00129747
0.00101121
0.000726475
0.000457243
0.000325685
0.000188998
5.26091e-05
2.57946e-05
2.22037e-05
1.77349e-05
0.000139914
0.000383766
0.000622824
0.000815936
0.000597275
0.000394359
0.000191001
4.92213e-05
-7.94321e-05
-0.000208484
-0.000186063
-1.80743e-05
0.000144295
0.000291033
0.000296816
0.000307909
0.000318792
0.000312327
0.000302185
0.000292188
0.000343758
0.000454513
0.000562961
0.000640552
0.0004416
0.000253181
6.45086e-05
0.000336275
0.000705595
0.00107098
0.00111207
0.000841232
0.000582279
0.000379781
0.000685485
0.000971947
0.00125891
0.00135533
0.00141124
0.00146862
0.00145418
0.00137074
0.00128994
0.00122828
0.00133859
0.00144241
0.00154639
0.00134782
0.00108507
0.000824913
0.000635557
0.00051439
0.000390778
0.000292299
0.000417421
0.000534147
0.000651098
0.000637521
0.0005962
0.000555939
0.00052173
0.000493381
0.000464837
0.000449694
0.000554388
0.000654571
0.000754847
0.000732264
0.000683555
0.000635847
0.000391733
-4.12827e-05
-0.000467008
-0.000823159
-0.000556081
-0.000312171
-6.75873e-05
-0.000152691
-0.000307934
-0.000460482
-0.00043755
-0.000245687
-6.01769e-05
6.59869e-05
-0.00034056
-0.000727246
-0.00111438
-0.000910492
-0.000580813
-0.000255989
-0.000198703
-0.000399035
-0.000589784
-0.000752384
-0.00066075
-0.000578485
-0.000495937
-0.000604031
-0.000752704
-0.000899785
-0.00090385
-0.000770219
-0.00064171
-0.000529621
-0.000565565
-0.000596085
-0.000626782
-0.000715737
-0.000817073
-0.000917884
-0.000775748
-0.000399749
-3.25278e-05
0.000243481
-0.000298482
-0.000810338
-0.00132292
-0.00131065
-0.00118637
-0.00106625
-0.000975614
-0.000913517
-0.000850432
-0.000791402
-0.000768018
-0.000743362
-0.000718769
-0.000525853
-0.000297094
-6.97946e-05
-3.67986e-05
-0.000190931
-0.000338196
-0.000450635
-0.000249643
-6.0099e-05
0.000129721
-0.000172443
-0.000579582
-0.000982647
-0.00120473
-0.0012524
-0.00130631
-0.00133561
-0.00114672
-0.000965812
-0.000784747
-0.000730904
-0.000704295
-0.000676727
-0.000707651
-0.000794871
-0.000880012
-0.000982589
-0.00124122
-0.00149408
-0.00174696
-0.00173841
-0.00167392
-0.00161149
-0.00149539
-0.00130088
-0.00110931
-0.000931298
-0.000874593
-0.000813601
-0.000752805
-0.000865481
-0.00101524
-0.00116357
-0.00120105
-0.0010763
-0.000957421
-0.000823754
-0.000558807
-0.000298714
-3.86343e-05
-8.01289e-05
-0.000186205
-0.000289914
-0.00043838
-0.000652249
-0.000863647
-0.00106199
-0.00114371
-0.0012295
-0.00131509
-0.00133357
-0.00133765
-0.00134223
-0.00127528
-0.00110367
-0.000935875
-0.000792792
-0.000871396
-0.00094212
-0.00101307
-0.00102247
-0.00101867
-0.00101533
-0.00107516
-0.00122744
-0.00137636
-0.0015189
-0.00160398
-0.00169103
-0.00177794
-0.00180725
-0.00182419
-0.00184155
-0.00183868
-0.00180622
-0.00177483
-0.00175373
-0.00182505
-0.00189307
-0.00196116
-0.00178358
-0.00155335
-0.00132512
-0.00128582
-0.0015231
-0.00175055
-0.00194948
-0.00189103
-0.00184161
-0.0017919
-0.00184281
-0.0019153
-0.001987
-0.00198646
-0.00188016
-0.00177763
-0.00168769
-0.00171134
-0.00173102
-0.00175082
-0.00187732
-0.00202669
-0.00217516
-0.00204156
-0.00149501
-0.000963172
-0.00050924
-0.000755083
-0.000976483
-0.00119858
-0.00132211
-0.00142437
-0.00152731
-0.00143544
-0.00105842
-0.000691524
-0.000398954
-0.000773575
-0.00112487
-0.00147674
-0.00131748
-0.00104831
-0.000783125
-0.000438119
2.36484e-05
0.000481071
0.000908663
0.00107009
0.00124057
0.00141062
0.0015335
0.00164614
0.00175907
0.00186207
0.0019506
0.00203957
0.00208245
0.00171292
0.0013578
0.00100243
0.00120161
0.00152015
0.00183439
0.00212716
0.0023884
0.00265053
0.00287106
0.00272045
0.00258264
0.00244449
0.00259536
0.00280844
0.00301926
0.00309688
0.00297937
0.0028686
0.0027555
0.00262303
0.0024913
0.00235964
0.0022994
0.00225458
0.00220928
0.00218367
0.0021869
0.00218913
0.00220892
0.00238569
0.00255701
0.00272839
0.00265258
0.00252347
0.00239625
0.00238219
0.00253394
0.00267996
0.00280319
0.00272107
0.00264597
0.00257068
0.0024017
0.00221259
0.00202428
0.00190584
0.00188974
0.00187019
0.00186695
0.00200863
0.00214533
0.0022821
0.00216229
0.00198711
0.00181391
0.00172313
0.00175317
0.00177912
0.00180987
0.00188266
0.00195399
0.00202531
0.0019683
0.00188357
0.00179983
0.00164262
0.00137779
0.00111674
0.000878405
0.000843423
0.000801647
0.000760126
0.000814219
0.000888964
0.000962967
0.00101922
0.00104944
0.00108051
0.00110707
0.00109366
0.00108159
0.00106949
0.00110639
0.00115387
0.00120097
0.0013004
0.00147651
0.00164994
0.000662501
-0.0107298
-0.021768
-0.0328106
-0.0438457
0.00253058
0.00101668
0.00108742
0.00109276
0.00110028
0.00111868
0.00123541
0.0013488
0.00146222
0.00154593
0.00162317
0.00170057
0.00175231
0.00174514
0.00173993
0.00173466
0.00130961
0.000852102
0.00039597
0.000445579
0.000815319
0.00117424
0.00132457
0.000994853
0.000681198
0.000367219
0.00053215
0.000734351
0.000935191
0.000938849
0.000817647
0.000700635
0.000609896
0.000579775
0.000547681
0.000515672
0.000583197
0.000658461
0.000733422
0.000908656
0.00114734
0.00138378
0.00145876
0.00116258
0.000878754
0.000594711
0.000592399
0.000612132
0.00063113
0.000844754
0.00118157
0.00151413
0.00169124
0.00151087
0.0013423
0.00117345
0.00110241
0.00103907
0.000975528
0.000891862
0.000795464
0.000699544
0.000602242
0.000501714
0.000401357
0.00030106
0.000316969
0.000341987
0.000366693
0.000364784
0.00034601
0.000327796
0.000353601
0.000480649
0.000604329
0.000728037
0.000757812
0.00078019
0.000802794
0.000970948
0.00123129
0.00148848
0.00155325
0.0011755
0.000812324
0.000448909
0.000776737
0.00115876
0.00153878
0.00173416
0.00181244
0.00189446
0.00193681
0.00188832
0.00184278
0.00179718
0.00153934
0.00126492
0.000991217
0.000721179
0.000453538
0.000185992
0.00011268
0.000485842
0.000844407
0.00120321
0.00115736
0.00107961
0.00100294
0.000808958
0.00054068
0.000274957
0.000134274
0.000281132
0.000418681
0.000556439
0.000580925
0.00059645
0.000612252
0.000620472
0.000623888
0.000627455
0.000601363
0.000507067
0.000415011
0.000322942
0.000526151
0.000752597
0.000978158
0.00106615
0.00106687
0.00107037
0.000970834
0.00063451
0.00030594
-2.26669e-05
-4.86914e-05
-5.07404e-05
-5.35506e-05
-3.61006e-05
-5.82065e-06
2.40324e-05
2.2496e-05
-5.12486e-05
-0.000122654
-0.000194088
-0.000257969
-0.000321215
-0.000384441
-0.000433797
-0.000474343
-0.000515143
-0.000536537
-0.000513344
-0.000491578
-0.00046978
-0.000342161
-0.000206213
-7.06137e-05
-0.00013845
-0.000335348
-0.000528047
-0.000675553
-0.000718947
-0.000765597
-0.000812116
-0.00092183
-0.0010365
-0.00115095
-0.00114107
-0.00105229
-0.000966043
-0.0009297
-0.00100827
-0.00108317
-0.00115814
-0.00105262
-0.000932794
-0.000813492
-0.000843241
-0.000967592
-0.0010889
-0.00112276
-0.000955335
-0.000794324
-0.000633213
-0.000599262
-0.000575462
-0.00055136
-0.000510779
-0.00045974
-0.00040906
-0.000438874
-0.000653865
-0.000862935
-0.00107206
-0.00112511
-0.00116567
-0.0012066
-0.00114312
-0.00101336
-0.000885746
-0.000825042
-0.00091833
-0.00100676
-0.00109529
-0.00120664
-0.00131975
-0.00143273
-0.00146647
-0.00144989
-0.00143488
-0.00141887
-0.00140066
-0.00138252
-0.00136439
-0.00146513
-0.00157531
-0.00168514
-0.00176615
-0.00182884
-0.00189207
-0.00191393
-0.0018407
-0.00177046
-0.00170017
-0.00173007
-0.00176798
-0.00180562
-0.00187022
-0.00195192
-0.00203305
-0.00207961
-0.00204665
-0.00201618
-0.00198564
-0.00202951
-0.00207107
-0.00211267
-0.00216176
-0.00221559
-0.00226925
-0.00230717
-0.00230891
-0.00231177
-0.00231459
-0.00230409
-0.00229252
-0.002281
-0.00229685
-0.00233009
-0.00236278
-0.00238216
-0.00237091
-0.0023606
-0.00235028
-0.00234554
-0.00234125
-0.00233695
-0.00234713
-0.00236651
-0.0023856
-0.00240613
-0.00242995
-0.00245367
-0.00247737
-0.00254092
-0.00260764
-0.00267422
-0.00270302
-0.00270779
-0.00271329
-0.00271171
-0.00269389
-0.00267657
-0.00265925
-0.00268967
-0.00272393
-0.00275804
-0.00278771
-0.00281455
-0.00284145
-0.00286558
-0.00288332
-0.00290125
-0.00291916
-0.00292398
-0.0029292
-0.0029344
-0.00294634
-0.00296255
-0.00297862
-0.00299962
-0.00303195
