0
0.0161734
0.0150161
0.0153013
0.0154662
0.0155345
0.0155989
0.0156635
0.0154846
0.0150831
0.0147006
0.0143957
0.014399
0.0143769
0.0143569
0.0141409
0.0139197
0.0136993
0.0136299
0.013699
0.0137566
0.0137471
0.0134713
0.0132177
0.0129627
0.0131885
0.013428
0.013666
0.0137203
0.0136061
0.0135058
0.0134306
0.0134577
0.0134766
0.0134961
0.0132638
0.0130244
0.012786
0.0127607
0.012931
0.0130852
0.0131604
0.0129217
0.0127087
0.0124939
0.0121983
0.0119007
0.0116037
0.0113643
0.0111778
0.0109874
0.0109106
0.0112759
0.0116053
0.0119371
0.0119189
0.0118898
0.0118616
0.0116716
0.0113333
0.0110072
0.0106509
0.0101784
0.00971593
0.00925337
0.00932349
0.00941049
0.00949601
0.00956869
0.00962945
0.00969105
0.00965951
0.00926369
0.00889712
0.00852882
0.00863453
0.00875547
0.00887503
0.00895626
0.00900214
0.00905071
0.00901573
0.0086545
0.00831926
0.00798252
0.00803901
0.00810841
0.0081767
0.00834736
0.0086121
0.00886914
0.00902169
0.00876366
0.00853779
0.00830978
0.00797414
0.00763532
0.00729726
0.00747953
0.00814092
0.00876443
0.00921008
0.00895
0.00874448
0.0085351
0.00867288
0.00882234
0.00897068
0.00882717
0.00841469
0.00802338
0.00769207
0.00760059
0.00749099
0.00738294
0.00752344
0.00767243
0.00782055
0.00779398
0.00760629
0.00743109
0.00728274
0.00724261
0.00719436
0.00714679
0.00717238
0.00720053
0.00722845
0.00705607
0.00669891
0.00635618
0.00612672
0.00634409
0.00652762
0.00671342
0.00619143
0.00564468
0.0051006
0.00501715
0.0053591
0.00566879
0.00590631
0.0058526
0.00582065
0.00578713
0.00555978
0.00532562
0.00509231
0.00524446
0.00575269
0.00623379
0.00646811
0.00572876
0.00506247
0.00439177
0.00441921
0.00447249
0.00452378
0.0046017
0.00470407
0.00480449
0.00481941
0.00449884
0.00420336
0.00390647
0.00382014
0.00374185
0.00366308
0.00370284
0.00385218
0.0039933
0.0040243
0.00362154
0.00325097
0.00287859
0.00307952
0.00330208
0.00352274
0.003859
0.00430207
0.00473676
0.00501257
0.00466447
0.00436198
0.00405663
0.0043205
0.00460604
0.00488961
0.00500619
0.00496801
0.00494102
0.00486447
0.00459653
0.00434272
0.00408826
0.00415823
0.00424083
0.00432241
0.00438581
0.0044323
0.00447992
0.00447938
0.00429035
0.00411501
0.00393895
0.00359478
0.00324434
0.00289486
0.00289958
0.00323269
0.00354204
0.0037401
0.00349594
0.00328342
0.00306896
0.00338849
0.0037291
0.00406775
0.00406218
0.00373724
0.00343526
0.00312569
0.00279151
0.00245953
0.00212787
0.00211806
0.00212139
0.00212379
0.00200642
0.00177785
0.00155737
0.00135908
0.00124924
0.00113338
0.00101811
0.00126959
0.00153589
0.00180079
0.00178629
0.0015123
0.0012567
0.00100187
0.000754065
0.000506115
0.000258519
-9.71732e-05
-0.000456935
-0.000815919
-0.000817185
-0.000486107
-0.000178406
7.66003e-05
0.000119508
0.000176953
0.00023332
0.000151638
6.42225e-05
-2.26798e-05
-0.000227294
-0.000541276
-0.000847337
-0.00111204
-0.00121339
-0.00132577
-0.00143724
-0.00154183
-0.00164599
-0.00175005
-0.00169259
-0.00148494
-0.00128779
-0.00105641
-0.000692621
-0.000338317
1.61498e-05
-0.000178267
-0.000396123
-0.000612098
-0.000742218
-0.000792336
-0.000847792
-0.000884988
-0.000852112
-0.000824005
-0.000795615
-0.000879203
-0.000983105
-0.0010855
-0.00124896
-0.00146914
-0.00168523
-0.00188771
-0.00203649
-0.00218867
-0.00234041
-0.00214893
-0.00189494
-0.00164546
-0.00160236
-0.00175174
-0.00188808
-0.00200701
-0.00205454
-0.00210676
-0.0021586
-0.00210062
-0.00202259
-0.001946
-0.00192668
-0.00196082
-0.00199137
-0.00205969
-0.00227556
-0.0024814
-0.00268763
-0.00251649
-0.00227625
-0.0020409
-0.00191432
-0.00188947
-0.00185797
-0.00183099
-0.00181997
-0.00180791
-0.00179594
-0.001736
-0.0016673
-0.00159927
-0.00142617
-0.00115513
-0.000890849
-0.000636575
-0.000422378
-0.000205845
1.02523e-05
1.37258e-05
-2.20207e-05
-5.51689e-05
-2.0468e-05
7.771e-05
0.000171639
0.000296432
0.000541828
0.00077909
0.00101657
0.00111708
0.00119218
0.00126883
0.00159095
0.00214232
0.00267819
0.00305133
0.00278275
0.00255584
0.00232654
0.00264994
0.00307537
0.00349371
0.00372816
0.00379043
0.00386365
0.00394239
0.00404592
0.00414773
0.00424952
0.00441893
0.00460073
0.00478151
0.00489738
0.00495254
0.0050115
0.00508099
0.00519308
0.00530231
0.0054116
0.00537741
0.00531656
0.00525748
0.00527133
0.00535348
0.0054312
0.00543567
0.00515122
0.00488538
0.0046187
0.00484576
0.00516466
0.00547738
0.00541321
0.0049962
0.0046019
0.00433224
0.00455707
0.00475058
0.00494581
0.00470501
0.00438298
0.00406644
0.00399647
0.00415754
0.00430396
0.00435796
0.00404527
0.00375584
0.00346533
0.00330678
0.00317308
0.003038
0.00281742
0.00251675
0.00222142
0.00201888
0.00218163
0.00232153
0.00246267
0.00224997
0.00197109
0.00169664
0.00159737
0.00166241
0.00171723
0.00171819
0.00150491
0.0013051
0.00110471
0.000993447
0.000899041
0.000803715
0.000762543
0.000772043
0.000778423
0.000758254
0.000632872
0.000514086
0.000395042
0.000365035
0.000351828
0.000337611
0.000274448
0.000165353
5.91916e-05
-3.02256e-05
-5.3421e-05
-8.06188e-05
-0.00010754
-0.000133665
-0.000159612
-0.000185538
-0.000209595
-0.000231899
-0.000254281
-0.000309627
-0.000494809
-0.000671912
-0.00084929
-0.000950439
-0.00103708
-0.0011245
-0.00109022
-0.000941845
-0.000800526
-0.000695601
-0.000735119
-0.000765904
-0.000797177
-0.000817549
-0.000835843
-0.00085424
-0.000915302
-0.0010164
-0.00111498
-0.00117109
-0.00105973
-0.000958512
-0.00085681
-0.000923445
-0.00102198
-0.00111849
-0.00111749
-0.00102484
-0.000937751
-0.000873024
-0.000897336
-0.00091633
-0.000935616
-0.000962564
-0.000990949
-0.00101922
-0.00100437
-0.000949037
-0.000896164
-0.000882496
-0.00102358
-0.00115536
-0.00128754
-0.0011326
-0.000923087
-0.000717035
-0.0005485
-0.000415411
-0.000280393
-0.000200778
-0.0003384
-0.000463103
-0.000588418
-0.000691178
-0.000789549
-0.000888061
-0.000848064
-0.000677913
-0.000515573
-0.000360852
-0.000237395
-0.000112256
1.26384e-05
0.000163219
0.000318579
0.000473479
0.000530332
0.000494985
0.00046504
0.00045175
0.000505208
0.000554729
0.000604421
0.000822565
0.0010728
0.00132089
0.0013312
0.00111776
0.000917507
0.000820935
0.0011351
0.0014252
0.00171635
0.0015982
0.0014016
0.00120975
0.00105532
0.000936389
0.000815553
0.000655167
0.000338139
3.04609e-05
-0.0002774
-0.000127385
0.000110547
0.000343174
0.000551568
0.000736853
0.000923247
0.00106184
0.00101304
0.000974976
0.000936346
0.000811174
0.000669432
0.000528794
0.000555454
0.000739678
0.000914741
0.001073
0.00116356
0.00125786
0.00135184
0.00118994
0.000978797
0.000770679
0.000695459
0.000745569
0.000788542
0.000865809
0.00107673
0.00127988
0.00148324
0.00159871
0.0016971
0.00179633
0.00188944
0.00197683
0.00206445
0.00215008
0.00222824
0.00230673
0.00238512
0.00268684
0.00303153
0.00337344
0.0033043
0.00284763
0.00241313
0.00205211
0.0023552
0.00262092
0.00288842
0.00261935
0.00224649
0.00187983
0.00179044
0.00196281
0.00212045
0.00225265
0.00215157
0.00206355
0.00197489
0.00201262
0.00207486
0.00213567
0.00210362
0.00198391
0.00186918
0.00181217
0.00227254
0.00270387
0.00313632
0.00293245
0.00260499
0.0022847
0.00217801
0.00227322
0.00235724
0.00241776
0.00226342
0.00212104
0.00197816
0.00181422
0.00164629
0.00147877
0.00141053
0.001436
0.00145632
0.0014356
0.00104558
0.000676134
0.000305969
0.000403921
0.000593124
0.000777153
0.000719973
0.00043481
0.000162348
-9.17919e-05
-0.000178297
-0.000273804
-0.00036872
-0.000526634
-0.000696723
-0.000865969
-0.000792126
-0.000488689
-0.000197991
6.27422e-05
5.19023e-05
5.573e-05
5.87624e-05
-0.0001159
-0.000325209
-0.000532428
-0.000741862
-0.000953277
-0.00116436
-0.00136125
-0.00143295
-0.00151128
-0.00158918
-0.00163842
-0.001682
-0.00172583
-0.00163744
-0.00142413
-0.00121773
-0.0010583
-0.00132039
-0.0015597
-0.00179997
-0.00185763
-0.00187941
-0.00190308
-0.00203196
-0.00226038
-0.00248326
-0.00268436
-0.00268996
-0.00270593
-0.00272134
-0.00265703
-0.00257709
-0.00249806
-0.00252931
-0.00266489
-0.00279481
-0.00288509
-0.00261932
-0.00237265
-0.00212523
-0.00242692
-0.00283647
-0.00323989
-0.00327279
-0.00295492
-0.00265586
-0.00239884
-0.00252421
-0.00262936
-0.00273545
-0.00276122
-0.00277114
-0.00278187
-0.00276463
-0.00272094
-0.00267869
-0.0026312
-0.00253721
-0.00244576
-0.00235426
-0.00224894
-0.00214097
-0.00203325
-0.00199169
-0.00201274
-0.00203051
-0.00206238
-0.00221889
-0.00236875
-0.00251881
-0.00245838
-0.0023564
-0.00225668
-0.00220653
-0.00220341
-0.00219786
-0.00218175
-0.0020701
-0.0019635
-0.00185675
-0.00186663
-0.00189959
-0.00193133
-0.00181841
-0.00156846
-0.00132584
-0.00109512
-0.00097224
-0.000843939
-0.000716048
-0.00049728
-0.000260672
-2.5224e-05
2.37137e-05
-0.000104062
-0.000222645
-0.000308252
-9.56852e-05
0.000101396
0.000299068
0.000393586
0.000467563
0.000542515
0.000547081
0.000485013
0.000426408
0.000393923
0.000596163
0.000786239
0.000976741
0.000854898
0.000671074
0.000490588
0.000454131
0.000554339
0.000647508
0.000740469
0.000829116
0.000917892
0.00100657
0.00121914
0.0014562
0.00169178
0.00174958
0.00163877
0.00153659
0.00143711
0.00136496
0.0012915
0.00121819
0.00132691
0.00147182
0.00161477
0.00164819
0.00157766
0.00151243
0.00143628
0.00126444
0.00109758
0.000930627
0.000948554
0.00100335
0.00105625
0.00104212
0.00096433
0.000889796
0.000830687
0.000910421
0.000983142
0.00105614
-0.0198891
-0.0450176
-0.0556374
0.00317615
0.000235352
0.000369837
0.000373381
0.000582369
0.000780943
0.000979838
0.000793528
0.00053031
0.000271166
0.000200444
0.000308734
0.000408054
0.000499941
0.000522125
0.000547733
0.000573146
0.000628473
0.000689748
0.000750668
0.000713432
0.000583005
0.000457297
0.000340481
0.000304306
0.0002642
0.000224327
0.000167803
0.000107986
4.8389e-05
-2.17872e-05
-0.000101998
-0.000181637
-0.000265786
-0.000390642
-0.000513383
-0.000636108
-0.000692328
-0.000735155
-0.000778595
-0.000731531
-0.000598541
-0.000469873
-0.000364055
-0.000463546
-0.000552941
-0.00064274
-0.000761924
-0.000886932
-0.00101154
-0.0009669
-0.000761473
-0.000564051
-0.00039183
-0.000447019
-0.000491131
-0.000535738
-0.000512187
-0.000474943
-0.000438398
-0.00031637
-0.000113148
8.59555e-05
0.00025936
0.000202604
0.000157004
0.000110911
0.000139658
0.000183457
0.000226488
0.00027805
0.000337683
0.000396871
0.000458979
0.00054747
0.00063461
0.000721731
0.000762261
0.000793365
0.00082489
0.000827702
0.000803236
0.000780099
0.000750182
0.000659996
0.000572777
0.000485499
0.000606595
0.000769682
0.00093061
0.00103503
0.00108561
0.00113871
0.00118906
0.00121638
0.00124476
0.00127306
0.00138772
0.00151975
0.00165083
0.00164377
0.00150526
0.00137311
0.0012507
0.00121717
0.00117946
0.00114198
0.00123864
0.00136237
0.00148471
0.00152942
0.00150022
0.00147453
0.0014269
0.00118428
0.00095107
0.000717637
0.00075823
0.000854314
0.000947698
0.000906992
0.000738555
0.000576274
0.000450171
0.000649178
0.000832755
0.00101688
0.00114177
0.00125456
0.00136781
0.00141865
0.00141011
0.00140435
0.00141232
0.00154427
0.00167032
0.00179652
0.00182427
0.00183201
0.00184067
0.0018731
0.00192821
0.0019822
0.0020251
0.00196866
0.00191688
0.00186494
0.00185917
0.00186279
0.00186597
0.00193453
0.00206533
0.00219312
0.0023097
0.00232567
0.00234627
0.00236664
0.0024777
0.00260713
0.0027356
0.00274872
0.00265193
0.00256029
0.00245118
0.00218721
0.0019306
0.00167389
0.00152108
0.00138953
0.00125713
0.00131598
0.00155698
0.00178941
0.00199747
0.00198563
0.00198388
0.00198166
0.00194507
0.0019015
0.00185828
0.00194008
0.00214103
0.00233636
0.00249532
0.00232795
0.00217561
0.00202273
0.00190425
0.00179286
0.00168126
0.00157548
0.00147525
0.00137485
0.00130026
0.00145581
0.00160078
0.00174609
0.00176702
0.00176252
0.00175918
0.00180845
0.00190792
0.00200503
0.00208438
0.0020045
0.00193189
0.00185902
0.00177091
0.00167973
0.00158877
0.0014144
0.00116051
0.000910428
0.00070859
0.000938286
0.00114836
0.00135913
0.00123628
0.00104521
0.000857383
0.000775422
0.000794585
0.000809196
0.000827985
0.000882437
0.000935242
0.000988074
0.000732811
0.000414577
9.94433e-05
6.6587e-05
0.000303161
0.000527496
0.000697583
0.000378816
8.21278e-05
-0.00021528
-3.29414e-05
0.000247684
0.000523685
0.000722136
0.000846384
0.000973819
0.00104029
0.000563219
0.000110701
-0.000342505
-0.000176048
0.000117533
0.000405221
0.000437752
0.000226499
2.622e-05
-0.000131176
9.82235e-05
0.000310328
0.000523009
0.000451845
0.000322395
0.000195629
-6.35823e-06
-0.000280034
-0.000550311
-0.000784394
-0.000695054
-0.000620022
-0.000544426
-0.000706551
-0.000917469
-0.00112606
-0.00120741
-0.00116718
-0.00113231
-0.00112729
-0.00139127
-0.00164324
-0.00189551
-0.00177728
-0.00158283
-0.00139189
-0.00126687
-0.00120497
-0.00114036
-0.00111752
-0.00146707
-0.00180007
-0.00213351
-0.00225959
-0.00234287
-0.00242793
-0.00250896
-0.00258622
-0.00266358
-0.00274072
-0.00281648
-0.00289223
-0.00296792
-0.00286474
-0.00272474
-0.00258645
-0.00256692
-0.00266091
-0.00274991
-0.00284196
-0.00295995
-0.00307672
-0.00319344
-0.00334777
-0.00350975
-0.00367127
-0.00371216
-0.00363777
-0.00356842
-0.00350404
-0.00348573
-0.00346545
-0.00344527
-0.00364824
-0.00389721
-0.00414398
-0.00421753
-0.00412542
-0.0040405
-0.00394365
-0.0037421
-0.00354521
-0.00334829
-0.00343082
-0.0035711
-0.0037088
-0.00377957
-0.00378624
-0.00379565
-0.00379021
-0.00365297
-0.00352146
-0.00338983
-0.00347334
-0.00360134
-0.00372734
-0.00377871
-0.00375864
-0.00374162
-0.00372135
-0.00367296
-0.0036258
-0.00357864
-0.00366842
-0.00378653
-0.00390334
-0.00387547
-0.00370918
-0.0035489
-0.00340161
-0.00337176
-0.00333698
-0.00330243
-0.0033417
-0.00339626
-0.00345013
-0.00350003
-0.00354611
-0.00359231
-0.00362481
-0.00353504
-0.0034505
-0.00336581
-0.00342104
-0.00350527
-0.00358822
-0.00350103
-0.00325102
-0.00300805
-0.00279185
-0.0028163
-0.00283062
-0.00284536
-0.00279501
-0.00273118
-0.00266796
-0.00256878
-0.0024352
-0.00230317
-0.00218852
-0.00222913
-0.00226323
-0.00229757
-0.00224077
-0.00216505
-0.00209019
-0.00202262
-0.00196207
-0.00190128
-0.0018666
-0.00206534
-0.00225419
-0.0024433
-0.00238629
-0.00227809
-0.00217211
-0.00211965
-0.00211851
-0.00211523
-0.00210941
-0.00207988
-0.00205135
-0.00202281
-0.00210873
-0.00221844
-0.00232708
-0.00223694
-0.00195644
-0.00168405
-0.00144648
-0.001522
-0.00158454
-0.00164756
-0.00170852
-0.001769
-0.00182946
-0.0017684
-0.00159098
-0.00141849
-0.00126909
-0.00132704
-0.00137642
-0.00142612
-0.00125673
-0.00104174
-0.000828803
-0.00090512
-0.00125856
-0.00160036
-0.00190533
-0.00187841
-0.0018651
-0.00185124
-0.00171744
-0.00155868
-0.00140106
-0.00128198
-0.00119985
-0.00111627
-0.0010228
-0.000839582
-0.000660172
-0.000480753
-0.000430839
-0.000408019
-0.000384115
-0.000439013
-0.000569367
-0.000696548
-0.000796822
-0.000655803
-0.000524696
-0.000393292
-0.000358387
-0.000343683
-0.000328171
-0.000274804
-0.000185129
-9.69959e-05
6.03348e-07
0.000182984
0.000361789
0.000540594
0.000607593
0.000651149
0.000695616
0.000789771
0.000931586
0.00107136
0.00122157
0.00146531
0.00170509
0.00194484
0.0017932
0.00155966
0.00132961
0.00121364
0.00120718
0.00119632
0.00120009
0.00133322
0.00146105
0.001589
0.0016974
0.00180164
0.00190597
0.0020139
0.00212529
0.00223646
0.00232766
0.00224073
0.00216098
0.00208101
0.00219757
0.00235528
0.00251123
0.00271985
0.00297889
0.00323572
0.00344208
0.00319726
0.00297059
0.00274338
0.00274289
0.00278999
0.00283517
0.00290304
0.0029926
0.00308123
0.00313706
0.0028993
0.00267336
0.00244714
0.0025581
0.00273984
0.00291863
0.00294689
0.00283064
0.00272019
0.00259405
0.00232872
0.0020691
0.00180946
0.00171834
0.00166271
0.00160572
0.0016111
0.00167629
0.00173906
0.00178658
0.00169699
0.00161285
0.00152857
0.00143007
0.00132864
0.0012274
0.00117164
0.00115952
0.0011457
0.00113085
0.00110605
0.00108166
0.00105728
0.0012075
0.00139439
0.00157971
0.0016477
0.00160302
0.00156278
0.00150547
0.00129658
0.00109377
0.000890886
0.000986818
0.00114566
0.00130194
0.00134183
0.00126992
0.00120242
0.00110665
0.000758839
0.000421097
8.32273e-05
7.70163e-05
0.000140751
0.000201722
0.000272087
0.000351364
0.000430235
0.000478195
0.000249643
3.19723e-05
-0.000185951
-0.00013173
-2.01104e-05
8.92045e-05
0.000170147
0.000223756
0.000278379
0.000314848
0.000189395
7.02837e-05
-4.89804e-05
0.000156954
0.000431447
0.000703088
0.000871421
0.00094043
0.00101321
0.00107389
0.00102806
0.00098635
0.000944516
0.00116608
0.00144319
0.00171795
0.00173295
0.00149835
0.0012735
0.00110554
0.00144915
0.00177292
0.0020972
0.00200682
0.0018288
0.00165427
0.00153519
0.00146952
0.00140187
0.00135344
0.00147612
0.00159218
0.00170841
0.00171372
0.00169556
0.0016783
0.00157566
0.00139102
0.00120963
0.00106098
0.00120553
0.00133884
0.00147248
0.00123708
0.000923653
0.000613427
0.000601828
0.000877322
0.00114173
0.0013769
0.00134798
0.00132908
0.00130981
0.00109809
0.000845707
0.000595051
0.000597695
0.000843855
0.00108064
0.00127754
0.00111538
0.000966869
0.000817959
0.000884664
0.000997053
0.00110764
0.00112357
0.00104843
0.000976782
0.000913939
0.000930755
0.000944567
0.000958482
0.000807734
0.000622128
0.000437969
0.000275992
0.000135394
-5.89884e-06
-9.19123e-05
0.000316213
0.000705547
0.00109529
0.00104701
0.000905739
0.000768049
0.000570372
0.000315148
6.22623e-05
-0.00014814
2.13316e-05
0.000176518
0.000332121
0.000218533
4.78119e-05
-0.000120656
-0.000123478
3.30832e-05
0.000183603
0.000313764
0.000260409
0.000213908
0.000167187
0.000285123
0.000438003
0.000589473
0.000656266
0.000641562
0.000629886
0.000626148
0.000694467
0.000760069
0.000825723
0.000713877
0.000564328
0.000416281
0.000233616
1.7703e-05
-0.000196824
-0.000359941
-6.32775e-05
0.00021622
0.000496143
0.000620479
0.000711625
0.000803925
0.000828696
0.000788539
0.000750798
0.000711542
0.000659286
0.000607546
0.000555825
0.000568194
0.000594211
0.000619709
0.000536461
0.000348553
0.000164617
1.38242e-05
0.000160206
0.000295606
0.00043131
0.000389627
0.000310156
0.000232123
0.000261093
0.000393092
0.000521236
0.000643196
0.000709243
0.00077728
0.000845195
0.000707291
0.000525558
0.000345553
0.000250235
0.000236493
0.000219794
0.000214179
0.0003068
0.000395785
0.000484838
0.00062134
0.000767897
0.000913983
0.000921248
0.00079486
0.000673405
0.000567064
0.00059704
0.000622061
0.000647243
0.000658373
0.000666497
0.000674723
0.000624902
0.000519195
0.000415583
0.00030038
8.14187e-05
-0.000133643
-0.000348691
-0.000346057
-0.000296905
-0.000249464
-0.00010743
0.000125628
0.000355244
0.000523213
0.000139016
-0.000225064
-0.000589605
-0.000676189
-0.000703294
-0.000732514
-0.000754332
-0.000769097
-0.000784105
-0.000797839
-0.000800317
-0.000803197
-0.00080606
-0.000804636
-0.000802295
-0.000799989
-0.000680691
-0.000390233
-0.000106094
0.000154049
0.000198784
0.000251172
0.000303249
0.000219815
0.000107411
-3.88059e-06
-9.75361e-05
-0.000165367
-0.000234069
-0.000257306
0.000126172
0.000494918
0.000863926
0.00055582
0.000102827
-0.000344701
-0.000573622
-0.000482526
-0.000402843
-0.000356971
-0.000617259
-0.000866518
-0.00111599
-0.00108434
-0.000992448
-0.000902753
-0.000774204
-0.000588879
-0.000405692
-0.000238615
-0.000215539
-0.000187398
-0.000159454
-0.000321434
-0.000524063
-0.000725117
-0.000812864
-0.00073477
-0.000662571
-0.000607921
-0.000711991
-0.000810404
-0.000908948
-0.000852835
-0.000763564
-0.000675521
-0.000609377
-0.000575321
-0.000540163
-0.000490507
-0.000310385
-0.000134963
4.05013e-05
-2.49599e-05
-0.000142119
-0.000257386
-0.000267633
-0.000124092
1.39713e-05
0.000119719
-6.50738e-05
-0.000239589
-0.000414341
-0.000387603
-0.000317591
-0.000249137
-0.00021532
-0.000232267
-0.000247433
-0.000267295
-0.000328763
-0.000388739
-0.000448726
-0.000398358
-0.000324294
-0.000251105
-0.000234298
-0.000300059
-0.000362907
-0.000414243
-0.000361848
-0.000313087
-0.000264234
-0.000308765
-0.000373358
-0.000437211
-0.000451483
-0.000393142
-0.000337355
-0.000298184
-0.000408409
-0.000513393
-0.000618486
-0.000659172
-0.000685976
-0.000713241
-0.000688533
-0.000587755
-0.000489669
-0.00039887
-0.000373667
-0.000346223
-0.000318874
-0.000483355
-0.000689059
-0.000893203
-0.000949766
-0.000790198
-0.000638168
-0.000490563
-0.000384116
-0.00027633
-0.000168663
-0.000157317
-0.00016673
-0.000175425
-0.000227865
-0.000344337
-0.000458536
-0.000551157
-0.000450315
-0.00035616
-0.000261841
-0.000233433
-0.000219246
-0.000204583
-0.000156646
-5.99435e-05
3.50287e-05
0.00010208
-8.11087e-05
-0.000255641
-0.000430349
-0.000308868
-0.000123568
5.94341e-05
0.000129989
3.57795e-05
-5.27619e-05
-0.000144218
-0.000260542
-0.000375942
-0.000491295
-0.000502295
-0.000490769
-0.000480015
-0.00040579
-0.00023862
-7.47143e-05
7.62522e-05
0.000111147
0.000149948
0.000188592
0.000146647
8.73223e-05
2.86255e-05
-1.28416e-06
1.09921e-05
2.1835e-05
4.37052e-06
-0.000267175
-0.000529963
-0.000792868
-0.00067701
-0.000479387
-0.000284653
-0.000145099
-8.64699e-05
-2.5156e-05
-1.06879e-05
-0.00041494
-0.000804835
-0.00119495
-0.00104145
-0.000770519
-0.000503719
-0.000315838
-0.000243712
-0.000167751
-0.000132224
-0.000457539
-0.000770538
-0.00108374
-0.00121806
-0.00131362
-0.00141041
-0.00145072
-0.00140833
-0.00136874
-0.00132077
-0.00119837
-0.00107854
-0.000958702
-0.00110975
-0.00131933
-0.00152682
-0.00162687
-0.00156943
-0.00151729
-0.00251652
-0.0129405
-0.0230438
-0.033151
-0.0432513
0.000570122
-0.000700926
-0.000501469
-0.000395138
-0.000285784
-0.000209412
-0.000427178
-0.000635038
-0.000843088
-0.000723512
-0.000533035
-0.000345033
-0.000257982
-0.000403016
-0.00054027
-0.00067769
-0.000748496
-0.00081407
-0.000879774
-0.000940021
-0.000996804
-0.00105366
-0.0010546
-0.000927015
-0.00080376
-0.000680443
-0.000744437
-0.00082301
-0.00090105
-0.000949702
-0.000979727
-0.00101035
-0.000942764
-0.000649495
-0.000363844
-7.81292e-05
-0.000491035
-0.000958289
-0.00142345
-0.00137128
-0.00099152
-0.000622757
-0.000465086
-0.000793258
-0.00110529
-0.00141764
-0.00148211
-0.00152716
-0.00157281
-0.00138631
-0.00105283
-0.000724384
-0.00051843
-0.00059422
-0.000660754
-0.000727546
-0.000772123
-0.000814936
-0.000857778
-0.000740424
-0.00052163
-0.000306286
-0.000167131
-0.000203236
-0.000233609
-0.000264149
-0.00016946
-6.50008e-05
3.90727e-05
1.65575e-05
-8.6156e-05
-0.000186196
-0.000303406
-0.000459981
-0.000615176
-0.000770315
-0.000797877
-0.000815399
-0.000833236
-0.000869321
-0.000916967
-0.000964209
-0.000996713
-0.000995338
-0.00099506
-0.000994747
-0.000794212
-0.00057804
-0.000362514
-0.000367402
-0.000511985
-0.000651964
-0.000702431
-0.000546826
-0.000397969
-0.00024899
-0.000211977
-0.000183804
-0.000155365
-0.000203076
-0.000299037
-0.000393384
-0.000453646
-0.000435479
-0.000419846
-0.000404142
-0.000327542
-0.000246182
-0.000165027
-0.000340739
-0.000679255
-0.00101233
-0.00115839
-0.000874211
-0.000604005
-0.000333524
-0.000504632
-0.000710521
-0.000915165
-0.00086779
-0.00066061
-0.000458673
-0.000435118
-0.000822061
-0.00119564
-0.00156941
-0.0013413
-0.00106573
-0.000791843
-0.000626531
-0.000530142
-0.000431617
-0.000456995
-0.000767117
-0.00106797
-0.00136893
-0.00139521
-0.00139971
-0.00140491
-0.00137365
-0.00131931
-0.00126573
-0.00127263
-0.00141864
-0.00156015
-0.00170171
-0.00174507
-0.00178062
-0.0018164
-0.00184696
-0.00187422
-0.00190156
-0.0018367
-0.00155979
-0.00128976
-0.00101969
-0.00130456
-0.00163333
-0.00196051
-0.00204338
-0.00197121
-0.00190397
-0.00189015
-0.0019995
-0.00210491
-0.00221037
-0.00241504
-0.00262748
-0.00283955
-0.00289001
-0.00283789
-0.00278904
-0.00277054
-0.00282206
-0.00287135
-0.00292067
-0.00292852
-0.00293307
-0.00293772
-0.0029612
-0.00299662
-0.00303165
-0.00309126
-0.00320739
-0.00332169
-0.00343596
-0.00332956
-0.00320562
-0.00308232
-0.00309735
-0.00320021
-0.00330025
-0.00338175
-0.00342044
-0.00346044
-0.00350037
-0.00354059
-0.0035808
-0.00362099
-0.00360442
-0.00355183
-0.00350039
-0.00350772
-0.00365029
-0.00378857
-0.00392689
-0.00383724
-0.00372943
-0.00362226
-0.00366726
-0.00380888
-0.00394742
-0.00404575
-0.00405149
-0.0040601
-0.00406862
-0.00402662
-0.0039806
-0.00393474
-0.00396783
-0.00405105
-0.00413267
-0.00419413
-0.00420914
-0.00422559
-0.00424198
-0.00428501
-0.00433016
-0.00437521
-0.00438708
-0.00437787
-0.00436931
-0.00437112
-0.00439685
-0.00442182
-0.0044468
-0.00449184
-0.00453622
-0.0045806
-0.00457706
-0.00454309
-0.00451007
-0.00449092
-0.0045037
-0.0045155
-0.00452732
-0.00451266
-0.00449589
-0.00447919
-0.0045111
-0.00457388
-0.00463568
-0.00467252
-0.0046519
-0.00463306
-0.00461418
-0.0046408
-0.00467107
-0.00470121
-0.00464947
-0.00454571
-0.00444361
-0.00439887
-0.00448616
-0.00456937
-0.00465265
-0.00473908
-0.00482573
-0.00491231
-0.00489725
-0.00481759
-0.00473995
-0.00468506
-0.00468261
-0.00467857
-0.00467458
-0.00472204
-0.00477361
-0.00482503
-0.00485317
-0.00486652
-0.0048803
-0.00487748
-0.00483646
-0.00479663
-0.00475679
-0.00476281
-0.00476744
-0.0047721
-0.00478625
-0.00480643
-0.00482642
-0.00485772
-0.00491503
