0
0.0151971
0.0138041
0.0137926
0.0136663
0.0135309
0.0133943
0.0132581
0.0132654
0.0134042
0.013532
0.0136243
0.0135755
0.0135383
0.0135003
0.0133956
0.0132892
0.0131831
0.0130047
0.0127601
0.0125213
0.0123588
0.0124959
0.0126083
0.0127225
0.0126449
0.0125617
0.0124791
0.0124572
0.0124907
0.0125197
0.0125308
0.0124706
0.0124162
0.0123614
0.0123016
0.0122418
0.012182
0.0119943
0.0116891
0.011394
0.0111644
0.0111934
0.0112016
0.0112114
0.0109782
0.0107379
0.0104985
0.0102435
0.00997432
0.00970666
0.00944803
0.00922395
0.00899746
0.00877153
0.0084425
0.00811072
0.00777969
0.00761965
0.00761668
0.00760125
0.00755415
0.00737901
0.00721429
0.007049
0.00690533
0.00676253
0.0066199
0.00657202
0.00661121
0.00664348
0.00663762
0.00648039
0.0063353
0.00618949
0.00605214
0.00591525
0.00577854
0.00561023
0.00541288
0.0052181
0.00503904
0.00492144
0.00479922
0.00467756
0.00472009
0.00476801
0.00481543
0.00490246
0.00502591
0.00514634
0.0051856
0.00490648
0.00465241
0.0043968
0.00467421
0.00496919
0.00526236
0.00537212
0.00531288
0.00526673
0.00524293
0.00531056
0.00537106
0.00543202
0.00520297
0.0049643
0.00472672
0.00456322
0.00446805
0.00436781
0.00424269
0.00401802
0.00380128
0.00358426
0.00348039
0.00338059
0.00328064
0.00308845
0.0028112
0.00254082
0.00238503
0.00267924
0.002939
0.00320096
0.00289748
0.00257438
0.00225324
0.00202764
0.00189032
0.00174657
0.00161627
0.00153611
0.00145232
0.00136892
0.00126218
0.00115475
0.00104753
0.000814156
0.000464354
0.000123762
-0.000169103
-0.000273605
-0.000391976
-0.00050914
-0.000552029
-0.000592135
-0.000632388
-0.000632767
-0.000596329
-0.000562671
-0.000497007
-0.000306499
-0.0001255
5.59343e-05
0.000132287
0.000204643
0.000277187
0.0002236
5.34535e-05
-0.000107872
-0.000254468
-0.000341413
-0.000432607
-0.000523356
-0.000514457
-0.000501813
-0.000489461
-0.000490202
-0.000503071
-0.000515036
-0.000532354
-0.00057046
-0.000606996
-0.000643593
-0.000503896
-0.000357646
-0.000212084
6.76207e-05
0.000471399
0.000865601
0.00118488
0.00120916
0.00125474
0.00129871
0.00146377
0.0016333
0.00180227
0.00186682
0.00183464
0.00180948
0.00178646
0.00177377
0.00176035
0.00174701
0.00203953
0.00234368
0.00264656
0.00279038
0.00278677
0.0027937
0.00282106
0.00293165
0.00303615
0.00314094
0.00292036
0.00268713
0.00245513
0.00236706
0.0024125
0.0024484
0.00246259
0.00238902
0.00232176
0.00225415
0.00223156
0.00221081
0.00218996
0.00199466
0.00163757
0.00129238
0.00101082
0.000980894
0.000933328
0.000887069
0.000608021
0.000319845
3.27132e-05
-9.6402e-05
-7.88169e-05
-7.15151e-05
-0.000138045
-0.000497278
-0.000835583
-0.00117488
-0.00130848
-0.00143344
-0.00155884
-0.00160283
-0.00157128
-0.00154503
-0.00159204
-0.00192811
-0.00224369
-0.00256024
-0.00268961
-0.00281101
-0.0029328
-0.00300407
-0.00302845
-0.00305603
-0.00305954
-0.00296954
-0.0028861
-0.00280232
-0.00281196
-0.00282552
-0.0028388
-0.00286999
-0.00291781
-0.00296443
-0.00298783
-0.00291993
-0.00285837
-0.00279645
-0.00275984
-0.00272434
-0.00268881
-0.00254751
-0.00230786
-0.00207522
-0.00184489
-0.0016246
-0.00140393
-0.00118358
-0.00119763
-0.00122177
-0.0012452
-0.00135104
-0.00153352
-0.00171057
-0.00185049
-0.00184377
-0.00184694
-0.00184945
-0.00204799
-0.00228204
-0.00251338
-0.00271405
-0.00288598
-0.00305961
-0.00317301
-0.00305092
-0.00294477
-0.00283769
-0.0029162
-0.00302851
-0.00313841
-0.00331812
-0.00356268
-0.00380259
-0.00401902
-0.00414292
-0.00427282
-0.00440214
-0.00444776
-0.00447799
-0.00450921
-0.00450716
-0.00447419
-0.00444331
-0.0044199
-0.00442631
-0.00443074
-0.00443529
-0.00440161
-0.00436095
-0.0043208
-0.00431861
-0.00435182
-0.00438265
-0.00438478
-0.00427354
-0.00416989
-0.00406588
-0.00415335
-0.00427596
-0.00439611
-0.00440917
-0.00432219
-0.00424186
-0.00416285
-0.00409042
-0.00401765
-0.003945
-0.0040175
-0.0041167
-0.00421403
-0.00430151
-0.00437966
-0.00445832
-0.0045497
-0.00469151
-0.00482986
-0.00496826
-0.00488261
-0.00475562
-0.00463147
-0.00460518
-0.00467042
-0.00472967
-0.00478656
-0.00483287
-0.00487981
-0.00492664
-0.00484375
-0.0047369
-0.00463173
-0.00452465
-0.00441588
-0.00430735
-0.00415251
-0.00381518
-0.00348996
-0.00316439
-0.00309735
-0.00307836
-0.00305634
-0.00294564
-0.00275188
-0.00256367
-0.00242219
-0.0024652
-0.00249642
-0.00252836
-0.00245948
-0.00237192
-0.00228565
-0.00211108
-0.00185404
-0.00160254
-0.0014229
-0.00152632
-0.00161172
-0.00169815
-0.00164288
-0.00156126
-0.00148141
-0.00134334
-0.00115094
-0.000962203
-0.000799421
-0.000738939
-0.000672112
-0.000605767
-0.000367547
-9.74403e-05
0.000170332
0.00033267
0.000396219
0.000465863
0.0005155
0.000488212
0.000465758
0.00044303
0.000522479
0.000620984
0.000718181
0.000712632
0.000610833
0.000515139
0.000465425
0.000597763
0.000718651
0.000840098
0.000929971
0.00101384
0.00109798
0.00120354
0.00132917
0.0014534
0.00158804
0.00176371
0.00193665
0.00210953
0.00202562
0.00189348
0.00176448
0.00167639
0.00162682
0.00157495
0.0014915
0.00128304
0.0010825
0.000881708
0.000926614
0.00101777
0.00110599
0.00108883
0.000972729
0.000862807
0.000725367
0.000480734
0.000242923
4.98635e-06
-0.000120869
-0.000225451
-0.000331197
-0.000373307
-0.000355826
-0.000341977
-0.000378605
-0.000614729
-0.000838498
-0.00106274
-0.00129686
-0.00153263
-0.00176802
-0.00193096
-0.00202591
-0.00212485
-0.00219979
-0.00218157
-0.00216897
-0.00215605
-0.00205114
-0.00192888
-0.00180781
-0.00179128
-0.0018729
-0.00194855
-0.0019937
-0.00191769
-0.00184901
-0.00177997
-0.00167021
-0.00155282
-0.00143602
-0.00141774
-0.00149198
-0.00156063
-0.00162489
-0.00167082
-0.00171778
-0.00176462
-0.00183997
-0.00192068
-0.00200098
-0.0019726
-0.00184214
-0.00171787
-0.00162094
-0.00163267
-0.00163796
-0.00164363
-0.00155218
-0.0014423
-0.00133364
-0.00132944
-0.00142344
-0.00151154
-0.00155231
-0.00140557
-0.00127001
-0.00113396
-0.00118373
-0.00126894
-0.00135196
-0.00143236
-0.00151015
-0.00158801
-0.00162403
-0.00149556
-0.00137685
-0.00125771
-0.00126574
-0.00129808
-0.00132898
-0.00131935
-0.00127155
-0.00122602
-0.0011947
-0.00121974
-0.00124148
-0.00126338
-0.00123945
-0.00120676
-0.00117462
-0.00118983
-0.0012496
-0.00130673
-0.00133912
-0.00127364
-0.00121389
-0.00115388
-0.00123216
-0.00133691
-0.00144001
-0.00147771
-0.00145379
-0.00143343
-0.00144376
-0.00157572
-0.00170055
-0.00182565
-0.00188852
-0.00193937
-0.00199086
-0.00204398
-0.00209868
-0.00215323
-0.0022272
-0.00237783
-0.00252392
-0.0026701
-0.00281574
-0.00296115
-0.00310642
-0.00314896
-0.00309479
-0.00304618
-0.00300428
-0.00298993
-0.00297403
-0.00295824
-0.00306297
-0.00319086
-0.0033173
-0.0033914
-0.00341613
-0.00344362
-0.00343586
-0.00328996
-0.00315201
-0.00301377
-0.00284079
-0.00266125
-0.00248227
-0.00240913
-0.00243574
-0.00245671
-0.00246495
-0.00242184
-0.00238166
-0.00234136
-0.00237346
-0.00241953
-0.00246478
-0.00252081
-0.00258696
-0.00265248
-0.00270818
-0.00267651
-0.00264974
-0.00262273
-0.00250662
-0.00237334
-0.00224116
-0.00195815
-0.001533
-0.00111623
-0.000731434
-0.000632986
-0.000518766
-0.000405546
-0.000195695
3.27343e-05
0.000259883
0.000490647
0.00072475
0.000958409
0.00116397
0.00112021
0.00109025
0.00105956
0.00115984
0.0012855
0.00140963
0.00152611
0.00163529
0.00174474
0.00184526
0.00186701
0.00189305
0.00191883
0.0020668
0.00223845
0.00240862
0.00252293
0.00258445
0.00264879
0.00271973
0.00285166
0.00298012
0.00310863
0.00312471
0.00311883
0.00311415
0.00312626
0.00315429
0.00318143
0.0032113
0.00326552
0.00331835
0.0033712
0.00327552
0.00315089
0.00302796
0.00288547
0.00272459
0.00256488
0.00239512
0.00213465
0.00187936
0.00162406
0.00150757
0.00141833
0.00132773
0.00133525
0.00143538
0.00153043
0.00160983
0.00154774
0.00149332
0.00143853
0.00125905
0.00105525
0.000852977
0.00060909
0.000325965
4.52403e-05
-0.000222765
-0.000378299
-0.000539671
-0.000700559
-0.000724251
-0.000720987
-0.000719162
-0.000810471
-0.000989884
-0.00116442
-0.00131043
-0.00120054
-0.00110435
-0.00100754
-0.00105104
-0.00112209
-0.0011916
-0.00127872
-0.00138243
-0.00148514
-0.00158572
-0.00166766
-0.00175049
-0.00183319
-0.00194907
-0.00207139
-0.00219324
-0.00217982
-0.00203844
-0.00190394
-0.00178761
-0.0018358
-0.0018753
-0.00191521
-0.00193342
-0.00194735
-0.00196149
-0.0019376
-0.00187775
-0.00181985
-0.00176457
-0.00173326
-0.00170073
-0.00166829
-0.00164221
-0.00161741
-0.00159257
-0.0016563
-0.00180385
-0.00194688
-0.00208572
-0.0021862
-0.00228857
-0.00239074
-0.00235176
-0.00228491
-0.00221957
-0.00221395
-0.00226493
-0.00231293
-0.00235915
-0.00238848
-0.00241864
-0.00244874
-0.00241491
-0.00236845
-0.0023227
-0.00229661
-0.00228919
-0.00228081
-0.00227278
-0.00226734
-0.00226177
-0.00225622
-0.00224444
-0.00223143
-0.0022185
-0.00217633
-0.00210645
-0.00203806
-0.00196231
-0.00182081
-0.00168282
-0.0015448
-0.00153588
-0.00155259
-0.00156797
-0.00162973
-0.00173534
-0.00183861
-0.00191488
-0.00174939
-0.00159638
-0.00144289
-0.00115511
-0.000840855
-0.000528263
-0.000334309
-0.000252871
-0.000165804
-7.03802e-05
0.00010307
0.000272389
0.000441746
0.000621977
0.000804235
0.000986207
0.00105962
0.00103011
0.00100583
0.00097924
0.00093422
0.000890175
0.000846125
0.000892495
0.000956848
0.00102023
0.00110702
0.00121596
0.00132368
0.00142637
0.00148439
0.0015446
0.00160463
0.00167798
0.00175393
0.00182967
0.00182615
0.00174743
0.00167255
0.00159065
0.00144713
0.00130682
0.00116649
-0.0206789
-0.0468441
-0.0577891
0.00397407
0.000799678
0.000859171
0.000741073
0.000481498
0.00022921
-2.31905e-05
-0.000105698
-0.000154162
-0.000204266
-0.000257839
-0.000314784
-0.000371507
-0.000417719
-0.000370267
-0.000327492
-0.000284528
-0.000494216
-0.000754345
-0.00101173
-0.00127372
-0.00153995
-0.0018057
-0.00205491
-0.00215795
-0.00226809
-0.00237776
-0.00247068
-0.00256015
-0.00264971
-0.00272696
-0.00279251
-0.00285858
-0.00292625
-0.00300906
-0.00309104
-0.00317299
-0.00320862
-0.00323494
-0.00326168
-0.00330445
-0.00336248
-0.0034197
-0.00347148
-0.00347464
-0.00348018
-0.00348559
-0.00354881
-0.0036236
-0.00369775
-0.00369566
-0.00362112
-0.00355016
-0.00348624
-0.00348618
-0.00348302
-0.00348002
-0.00343827
-0.00338876
-0.00333967
-0.00327569
-0.00319759
-0.00312025
-0.00302691
-0.0027901
-0.00256045
-0.00233067
-0.00223313
-0.00216231
-0.00209027
-0.00201875
-0.00194765
-0.0018766
-0.00180365
-0.00171314
-0.00162355
-0.00153401
-0.0014713
-0.00141404
-0.00135657
-0.00133667
-0.00135247
-0.00136655
-0.00138234
-0.00141279
-0.00144251
-0.00147224
-0.00124968
-0.000976332
-0.000705669
-0.000424579
-0.000133702
0.000156432
0.000430515
0.000562875
0.000701849
0.000840376
0.000932727
0.00101567
0.00109898
0.00116417
0.00121212
0.00126085
0.00130032
0.00125766
0.00121893
0.00118005
0.00097845
0.00074406
0.00051144
0.000321415
0.000171999
2.08082e-05
-0.000119491
-0.000164233
-0.000213433
-0.000262378
-0.000338667
-0.000420441
-0.00050188
-0.000602733
-0.000722046
-0.000840381
-0.000972394
-0.00122727
-0.00147615
-0.00172508
-0.0016899
-0.00159713
-0.00150713
-0.00146386
-0.0014652
-0.00146445
-0.00144243
-0.00122917
-0.00102502
-0.000820646
-0.00050006
-0.0001561
0.000186451
0.000447485
0.000630843
0.000817644
0.000997378
0.0011167
0.00123872
0.0013605
0.00138994
0.00140058
0.00141208
0.00147922
0.0015994
0.001717
0.00181761
0.00176586
0.0017212
0.00167626
0.00188555
0.00214643
0.00240469
0.0025727
0.00265462
0.00274043
0.00280337
0.00266385
0.00253377
0.00240339
0.0023322
0.00227313
0.00221355
0.00213942
0.00205141
0.00196411
0.00186297
0.0016376
0.00141813
0.0011986
0.00125442
0.00136635
0.00147561
0.00152137
0.00150649
0.00149439
0.00149349
0.00159377
0.00168934
0.00178504
0.00151176
0.00116336
0.000818692
0.00050154
0.000210783
-8.09092e-05
-0.000360413
-0.000533338
-0.000710943
-0.000888175
-0.000982806
-0.00106049
-0.00113887
-0.00119063
-0.00121704
-0.00124458
-0.00128542
-0.00144601
-0.00160105
-0.0017562
-0.00179957
-0.00182005
-0.00184154
-0.00189379
-0.00197541
-0.00205563
-0.00214142
-0.00227707
-0.00241035
-0.00254361
-0.00261792
-0.00268011
-0.00274279
-0.00280375
-0.0028631
-0.00292246
-0.00297462
-0.00296281
-0.00295387
-0.00294481
-0.00297047
-0.00300323
-0.00303564
-0.00299984
-0.00289896
-0.00280106
-0.00272094
-0.00280034
-0.00287256
-0.00294503
-0.00291269
-0.00285886
-0.00280604
-0.00275859
-0.00271632
-0.00267385
-0.00265069
-0.0027999
-0.00294133
-0.00308298
-0.00311592
-0.00312651
-0.00313808
-0.00311488
-0.00305855
-0.00300373
-0.00294764
-0.0028805
-0.0028139
-0.00274734
-0.00290024
-0.00309816
-0.00329391
-0.00342691
-0.00349991
-0.00357548
-0.00365632
-0.00378587
-0.00391315
-0.00404042
-0.00410898
-0.00416541
-0.00422232
-0.00429375
-0.00437907
-0.00446371
-0.00452306
-0.00435648
-0.00419993
-0.00404308
-0.00389487
-0.00374853
-0.00360224
-0.00364212
-0.00385979
-0.00406951
-0.00424316
-0.00409226
-0.00395565
-0.00381854
-0.00385269
-0.00392212
-0.00398995
-0.00393321
-0.00375742
-0.00358696
-0.00342655
-0.00335699
-0.00328355
-0.00321035
-0.00332335
-0.0034747
-0.00362426
-0.00380585
-0.00401798
-0.0042286
-0.00440358
-0.00426042
-0.00413114
-0.00400136
-0.00383612
-0.00366365
-0.00349165
-0.00350193
-0.00368641
-0.00386323
-0.00401716
-0.00396443
-0.00392064
-0.0038765
-0.00400655
-0.00417251
-0.00433678
-0.00437589
-0.0042953
-0.00421991
-0.00414439
-0.00406919
-0.00399403
-0.00391894
-0.00375255
-0.00356737
-0.00338316
-0.00322199
-0.0030829
-0.00294298
-0.00282232
-0.00287285
-0.00291603
-0.00295948
-0.00312901
-0.00332454
-0.00351879
-0.00370743
-0.00389064
-0.00407393
-0.0042155
-0.00398479
-0.00377011
-0.00355492
-0.00345112
-0.00337046
-0.00328888
-0.0030309
-0.00260417
-0.00218496
-0.00181683
-0.00190605
-0.00197585
-0.00204641
-0.00197747
-0.00187965
-0.00178313
-0.00152602
-0.00111535
-0.000711506
-0.000326635
-0.00011149
0.000110626
0.000332262
0.000593539
0.000862877
0.00113165
0.00146227
0.00185203
0.00223897
0.00260009
0.00273141
0.00287226
0.00301259
0.003287
0.00358909
0.00388977
0.0041419
0.00434753
0.00455492
0.00470735
0.00436963
0.00405267
0.00373511
0.00361522
0.00353651
0.00345615
0.00340288
0.00337549
0.00334703
0.00329926
0.00307783
0.00286382
0.00264968
0.00266656
0.0027315
0.00279439
0.00289847
0.0030419
0.00318358
0.00329486
0.00313435
0.00298524
0.00283578
0.00273564
0.00264584
0.00255568
0.00263119
0.00286529
0.00309264
0.00327888
0.00309592
0.00292836
0.0027603
0.00276434
0.00280425
0.00284265
0.00286474
0.00287112
0.00287815
0.0028575
0.00258928
0.00233146
0.00207342
0.00208541
0.00215372
0.00221967
0.00202948
0.00159388
0.0011687
0.000793991
0.000872297
0.000931995
0.000992406
0.00116081
0.00135167
0.00154146
0.00169999
0.00182853
0.00195819
0.00205263
0.00183291
0.00162617
0.00141907
0.00107785
0.000708817
0.000341214
0.0002146
0.000318937
0.0004138
0.000500038
0.000506179
0.000515566
0.000524815
0.000651094
0.000801771
0.000951337
0.00087866
0.000592967
0.00031613
8.04714e-05
0.000215009
0.000334468
0.00045444
0.000555684
0.000652951
0.000750301
0.000927974
0.00118263
0.00143399
0.00163415
0.00137636
0.00113723
0.000897529
0.000914618
0.000985481
0.00105412
0.00117908
0.00135793
0.00153446
0.00175226
0.00233988
0.0029122
0.00348466
0.00373894
0.00392636
0.00411631
0.00426187
0.00436497
0.00446969
0.00453473
0.0042457
0.00397104
0.00369603
0.00329835
0.00287517
0.00245334
0.00244281
0.00282675
0.00319468
0.00350304
0.00327465
0.00306779
0.00286024
0.00287748
0.00294189
0.00300438
0.00295788
0.00280676
0.00265992
0.00253155
0.00256928
0.0026004
0.00263175
0.00252674
0.00239313
0.00226077
0.00219853
0.00220361
0.00220603
0.00216905
0.0017783
0.00140182
0.00102508
0.000735668
0.000464791
0.000193396
2.25642e-05
-5.18044e-05
-0.000129912
-0.000191003
-0.000101502
-1.79928e-05
6.56861e-05
0.000119764
0.000167582
0.000215608
0.00021495
0.000167584
0.000122086
6.31033e-05
-0.000116286
-0.000290818
-0.000465404
-0.000472858
-0.000445114
-0.000418767
-0.000182375
0.000255554
0.000685269
0.00105621
0.00090057
0.000765595
0.000629918
0.000472637
0.000310888
0.00014944
-8.28568e-06
-0.000162425
-0.000316584
-0.000428087
-0.000158492
9.60809e-05
0.00035104
0.000320526
0.00022983
0.00014154
0.000182921
0.000348889
0.0005099
0.000668668
0.000806616
0.000945263
0.00108378
0.00107776
0.00104125
0.00100595
0.000993322
0.00100251
0.00101086
0.00103317
0.00118039
0.00132267
0.00146504
0.00159608
0.00172466
0.00185323
0.00171878
0.00133174
0.000954714
0.000606696
0.000519682
0.000422708
0.00032619
0.000594529
0.000939826
0.00128191
0.00135698
0.00117547
0.00100392
0.000897162
0.00137309
0.00182635
0.00228013
0.00253051
0.00273775
0.00294648
0.00326918
0.00370145
0.00412921
0.00449064
0.00425902
0.00405019
0.00384065
0.00399424
0.00422459
0.00445183
0.00457705
0.00460411
0.00463488
0.00464485
0.00447001
0.00430232
0.00413448
0.00399438
0.00386023
0.00372596
0.00377165
0.00399027
0.00420218
0.00434475
0.00386516
0.00340946
0.00295321
0.00277229
0.00264981
0.00252522
0.00243379
0.00237415
0.00231335
0.0022664
0.00234273
0.00241435
0.0024861
0.00234961
0.00216903
0.00199025
0.00173237
0.00139852
0.00106778
0.000800581
0.00110174
0.00138132
0.00166151
0.00162672
0.00152512
0.0014261
0.00134178
0.00127171
0.00120115
0.00116982
0.00148923
0.00179529
0.00210161
0.00188932
0.00156702
0.00124907
0.00107387
0.00103609
0.000993217
0.000959021
0.00100061
0.00103935
0.00107817
0.00120814
0.00135741
0.00150585
0.00173894
0.00205338
0.00236457
0.00260072
0.00216548
0.00175549
0.00134487
0.00121973
0.00115536
0.00108878
0.00108111
0.00113004
0.00117682
0.00125859
0.00165323
0.002036
0.00241893
0.00209536
0.00162165
0.00115384
0.000861083
0.000736944
0.000606675
0.00052718
0.000899766
0.00125541
0.00161142
0.00162607
0.00156803
0.0015127
0.00152687
0.001608
0.00168661
0.00177597
0.00196129
0.00214294
0.0023246
0.00232287
0.00228206
0.00224272
0.00211283
0.00189588
0.00168227
0.00150054
0.00160426
0.00169745
0.00179095
0.00185513
0.00191302
0.0019711
0.00199816
0.00199537
0.00199367
0.00199668
0.00204226
0.00208625
0.00213027
0.00217073
0.0022104
0.00225007
0.00228213
0.00230689
0.00233188
0.00235606
0.00237304
0.00239027
0.00240749
0.0025514
0.00272228
0.00289205
0.00267203
0.00207673
0.00149546
0.00100414
0.00131999
0.00160639
0.00189365
0.00206319
0.0022075
0.00235262
0.00239179
0.00232896
0.00226987
0.00221148
0.00216032
0.00210893
0.00205759
0.00200977
0.00196274
0.00191572
0.00211664
0.00255634
0.00298713
0.00333505
0.00294011
0.00257214
0.00220347
0.00211712
0.00209118
0.00206309
0.00202074
0.00196459
0.00190897
0.00187036
0.00198395
0.00209201
0.00220019
0.00223071
0.0022446
0.00225907
0.00230879
0.00241013
0.00250954
0.00256006
0.00217233
0.00180052
0.00142841
0.00146407
0.00158701
0.00170675
0.00184832
0.0020217
0.00219383
0.00230895
0.00191394
0.00153733
0.00116034
0.0012308
0.00139706
0.0015598
0.00156416
0.00133664
0.0011175
0.000909815
0.000806249
0.000699068
0.000592091
0.000531927
0.000481829
0.000431412
0.000473849
0.000652135
0.000825496
0.000991201
0.00108772
0.00118662
0.00128536
0.00121314
0.00110429
0.000996808
0.000890145
0.000784715
0.000679317
0.00060247
0.000780894
0.000950214
0.00111974
0.000988086
0.000791877
0.000598073
0.000536383
0.000668124
0.000792986
0.00093405
0.00121884
0.0014984
0.00177794
0.00164994
0.00143449
0.00122225
0.000946325
0.000577255
0.000211699
-8.48771e-05
0.000235745
0.000534586
0.000833978
0.000826908
0.000754004
0.000683447
0.000737075
0.000972599
0.00120162
0.00137477
0.00104645
0.000735814
0.000424779
0.000312229
0.000242402
0.000171139
0.000313458
0.000768372
0.00121212
0.00159662
0.00144919
0.00132031
0.00119088
0.00136646
0.00160754
0.0018462
0.0018435
0.00148737
0.00114372
0.000839605
0.000891743
0.000931531
0.000971718
0.00108565
0.0012154
0.00134452
0.00150739
0.00171972
0.0019302
0.00210508
0.00196153
0.00182906
0.00169629
0.00138784
0.00104172
0.000697129
0.000490544
0.000486018
0.000474552
0.000446885
0.000271816
0.000101927
-6.80233e-05
0.000332115
0.000854872
0.00137307
0.00152952
0.00115614
0.000801161
0.000468512
0.000339732
0.000204066
6.87279e-05
0.000165219
0.000311637
0.00045625
0.000503286
0.000407361
0.00031638
0.000241939
0.000316742
0.000386406
0.000456198
0.000634067
0.000835158
0.00103532
0.00103862
0.000753582
0.000478543
0.000228287
0.000201695
0.000167521
0.000133629
3.66555e-05
-7.38786e-05
-0.000183878
-0.00012662
0.000175642
0.000469394
0.000741363
0.0008171
0.000899431
0.000981484
0.000894273
0.000770558
0.00064816
0.000651712
0.000839805
0.00102154
0.00117031
0.00102268
0.000885162
0.000747394
0.000698775
0.000669438
0.000639471
0.000681459
0.00082883
0.000972553
0.00107224
0.000776915
0.000495075
0.000212971
0.000285917
0.000435568
0.000582542
0.000751295
0.000951874
0.00115125
0.00134281
0.00146499
0.00158942
0.00171369
0.00130513
0.000781561
0.000262189
-0.00018762
-0.000535456
-0.000886469
-0.00116835
-0.000833428
-0.000519339
-0.000204764
-3.94692e-05
9.34467e-05
0.000227354
0.00036605
0.000511859
0.000657333
-0.000356826
-0.0117641
-0.0228178
-0.0338758
-0.0449263
0.00283598
0.00144147
0.00172427
0.00201441
0.00230411
0.00254905
0.00239419
0.00225271
0.00211087
0.00214031
0.00220683
0.00227208
0.0023391
0.00241014
0.00248101
0.00255184
0.00233674
0.0020995
0.00186314
0.00154397
0.00117246
0.000802935
0.000606542
0.000807997
0.00099619
0.0011847
0.00115621
0.00111081
0.00106599
0.000828289
0.000468537
0.00011304
-0.000138923
-0.000152846
-0.00017459
-0.000196063
9.58415e-06
0.000232859
0.000455408
0.00055722
0.000582545
0.000610364
0.000566615
0.000358538
0.000155985
-4.66163e-05
0.000313544
0.00071753
0.00111982
0.00113862
0.000914522
0.000698518
0.000558224
0.000592434
0.000620919
0.000649572
0.00037529
7.7431e-05
-0.000219464
-0.000317472
-0.000289463
-0.00026558
-0.000231444
-0.000174021
-0.000117395
-6.07792e-05
-2.48019e-05
9.53518e-06
4.39033e-05
0.000106629
0.000187308
0.00026735
0.000326565
0.000337909
0.0003508
0.000363632
0.000483896
0.000612531
0.00074081
0.000708712
0.000574995
0.000444657
0.000328052
0.000243171
0.000157318
7.15528e-05
5.48726e-05
4.36374e-05
3.22335e-05
7.33084e-06
-2.61245e-05
-5.9282e-05
-4.22833e-05
9.0052e-05
0.000218581
0.000347151
0.000396611
0.000439812
0.000483186
0.000411756
0.000267579
0.000125836
5.75064e-05
0.000158072
0.000253142
0.000348327
0.000478554
0.000611472
0.000744217
0.00062298
0.000340756
6.38785e-05
-1.37959e-05
0.000366837
0.000732536
0.00109848
0.00102547
0.000917834
0.000811375
0.000704946
0.000598585
0.000492289
0.000507474
0.000801978
0.00108737
0.00137287
0.00115073
0.000888564
0.000627844
0.000551672
0.000592577
0.000629723
0.000662126
0.000683371
0.000704957
0.000726518
0.000546434
0.000350484
0.000155163
0.000102164
0.000139455
0.000173854
0.000221182
0.000298065
0.000373961
0.00044984
0.00058232
0.000719214
0.00085588
0.000753885
0.000500512
0.000252094
6.96414e-05
3.90842e-05
3.73947e-06
-3.14314e-05
-0.000337542
-0.00066499
-0.000991557
-0.00107954
-0.00101612
-0.000957523
-0.000949474
-0.00105802
-0.00116281
-0.00126766
-0.00124557
-0.00121341
-0.00118158
-0.00114689
-0.00111041
-0.00107401
-0.00107766
-0.00117343
-0.00126624
-0.00135908
-0.00143392
-0.00150728
-0.00158064
-0.00158716
-0.00155127
-0.00151673
-0.0014739
-0.00141206
-0.00135086
-0.00128968
-0.00116531
-0.00103597
-0.000906873
-0.000956534
-0.00111966
-0.00127913
-0.00138861
-0.00138291
-0.00138082
-0.00137862
-0.00154076
-0.00171591
-0.00189056
-0.00199646
-0.0020587
-0.00212226
-0.00217141
-0.00218753
-0.00220467
-0.00222177
-0.00230813
-0.00239999
-0.00249161
-0.00254699
-0.00257934
-0.00261238
-0.0026119
-0.00253435
-0.00245925
-0.00238411
-0.00251178
-0.00265559
-0.00279881
-0.00287149
-0.00289935
-0.00292858
-0.00295829
-0.00298924
-0.00302014
-0.00305102
-0.0030389
-0.00302333
-0.00300789
-0.00299526
-0.00298442
-0.00297354
-0.00297389
-0.00300009
-0.00302548
-0.00305088
-0.00311992
-0.00318757
-0.00325522
-0.00327985
-0.00327715
-0.00327529
-0.00328129
-0.00330544
-0.00332902
-0.0033526
-0.00337518
-0.00339767
-0.00342015
-0.00343312
-0.00344004
-0.00344715
-0.00345254
-0.00345403
-0.00345563
-0.00345722
-0.00346558
-0.00347448
-0.00348335
-0.00351005
-0.00354805
-0.00358569
-0.00361297
-0.00361643
-0.00362061
-0.00362477
-0.00363158
-0.00363859
-0.0036456
-0.00367925
-0.00372982
-0.00377985
-0.0038154
-0.00381764
-0.00382089
-0.00382411
-0.00384573
-0.00386882
-0.00389185
-0.0039027
-0.00390579
-0.00390912
-0.00392239
-0.00395857
-0.00399403
-0.00402949
-0.00403166
-0.00403483
-0.00403797
-0.00405113
-0.00407065
-0.00408996
-0.0041056
-0.0041128
