0
0.0139115
0.0128535
0.0130416
0.0131259
0.0128599
0.0125835
0.0123084
0.0120895
0.0119222
0.0117509
0.0116167
0.0116257
0.0116228
0.011621
0.0114664
0.0113076
0.0111494
0.0111545
0.011309
0.011451
0.0115521
0.0114897
0.0114408
0.0113909
0.0112537
0.0111142
0.0109751
0.0109426
0.0110078
0.011065
0.011077
0.0109096
0.0107571
0.0106035
0.0105445
0.0104884
0.0104322
0.0102847
0.0100535
0.0098294
0.00962417
0.00949387
0.00935775
0.00922233
0.0091694
0.00911908
0.00906863
0.00908676
0.0091678
0.00924368
0.00922344
0.00882559
0.00845851
0.00808957
0.00777811
0.00746888
0.00715996
0.00689834
0.00668017
0.0064589
0.00628532
0.0062965
0.00629303
0.00629072
0.00635313
0.00641752
0.00648166
0.00635565
0.00605492
0.00576841
0.0054307
0.00489552
0.00437669
0.00385739
0.00375851
0.00367342
0.00358738
0.00342906
0.0032042
0.00298489
0.00277826
0.00262202
0.0024621
0.00230271
0.00224897
0.00219879
0.00214842
0.00195383
0.00162653
0.00131003
0.0010528
0.00102968
0.000988482
0.000948749
0.00115128
0.00136171
0.0015712
0.00168932
0.00172325
0.00176361
0.00180061
0.00182664
0.00185347
0.00188021
0.00155113
0.00121031
0.00087091
0.000594743
0.000376943
0.000155021
-5.83892e-05
-0.000240711
-0.000425123
-0.000609096
-0.000495695
-0.000372074
-0.000249417
-0.000301914
-0.00051596
-0.000717444
-0.000929667
-0.0011811
-0.00142919
-0.00167715
-0.00187772
-0.00207633
-0.00227479
-0.0024032
-0.00246697
-0.00253551
-0.00259721
-0.00263385
-0.00267232
-0.0027106
-0.00286269
-0.00301868
-0.00317414
-0.00325044
-0.00325363
-0.00326227
-0.00330032
-0.00345535
-0.00360143
-0.00374797
-0.00385459
-0.00395962
-0.0040646
-0.00410038
-0.00407223
-0.00404885
-0.0040108
-0.00391651
-0.00382651
-0.00373634
-0.00347493
-0.0032075
-0.00294092
-0.00292921
-0.00315312
-0.00335939
-0.00353057
-0.00355991
-0.00359961
-0.00363849
-0.00381389
-0.00399419
-0.00417387
-0.00419016
-0.00405532
-0.0039317
-0.00387286
-0.0040709
-0.00424994
-0.0044301
-0.00427168
-0.00410054
-0.00393057
-0.00377894
-0.00364436
-0.00350874
-0.00341289
-0.00347217
-0.00352015
-0.00356888
-0.00361795
-0.00366697
-0.00371593
-0.00377002
-0.00382886
-0.00388727
-0.00394041
-0.00397294
-0.00400691
-0.00404073
-0.00346437
-0.00286479
-0.00226774
-0.0017419
-0.00128222
-0.000818467
-0.000477658
-0.000616181
-0.000720342
-0.000826802
-0.0012389
-0.00166265
-0.00208496
-0.00219405
-0.00201269
-0.0018522
-0.00172782
-0.00175042
-0.0017626
-0.00177549
-0.00152228
-0.00125868
-0.00099618
-0.000932751
-0.00105402
-0.00116211
-0.00124751
-0.00124063
-0.00124024
-0.0012394
-0.00139277
-0.00155222
-0.00171103
-0.00184891
-0.00196732
-0.00208693
-0.0022101
-0.00234809
-0.00248485
-0.0026215
-0.00245891
-0.00228419
-0.00211055
-0.00200804
-0.00197165
-0.00193073
-0.00201298
-0.00257747
-0.00310777
-0.0036397
-0.00387723
-0.00410221
-0.00432774
-0.00453673
-0.0047304
-0.00492485
-0.00508432
-0.0051074
-0.00513984
-0.00517159
-0.0052169
-0.00526273
-0.00530845
-0.00540168
-0.00553906
-0.00567322
-0.00577298
-0.00573734
-0.005711
-0.00568406
-0.00554221
-0.00539563
-0.00524957
-0.00506112
-0.00483328
-0.00460843
-0.00449615
-0.00482599
-0.00512536
-0.0054264
-0.00561244
-0.0057933
-0.00597428
-0.00609032
-0.00614597
-0.00620563
-0.0062403
-0.00617819
-0.00612268
-0.0060668
-0.00597539
-0.0058776
-0.00578037
-0.00553253
-0.00514454
-0.00476647
-0.00454013
-0.00491104
-0.00524144
-0.00557411
-0.00585163
-0.00611883
-0.00638636
-0.00650483
-0.0064845
-0.00647345
-0.00647674
-0.00653878
-0.00659684
-0.00665508
-0.00646356
-0.0062265
-0.00599278
-0.00569786
-0.00534614
-0.00499864
-0.00478818
-0.00511601
-0.00540782
-0.00570163
-0.00579936
-0.00586105
-0.00592503
-0.00587998
-0.00573345
-0.00559378
-0.00537465
-0.00484443
-0.00433534
-0.00382552
-0.00361968
-0.00346995
-0.00331674
-0.00329088
-0.00338357
-0.00346838
-0.00348159
-0.0032116
-0.00296044
-0.00270837
-0.0026745
-0.00268088
-0.00268464
-0.00267575
-0.0026549
-0.00263486
-0.00259581
-0.00248222
-0.0023736
-0.0022648
-0.00222871
-0.00220608
-0.00218261
-0.00214944
-0.00210715
-0.00206551
-0.00201086
-0.00190507
-0.0018027
-0.00170025
-0.00163429
-0.00157516
-0.00151567
-0.00146308
-0.00141692
-0.00137041
-0.00124777
-0.000825507
-0.000422956
-1.96592e-05
0.000125479
0.000222559
0.000322582
0.000446447
0.000592777
0.000737489
0.000832536
0.000732411
0.000644822
0.000556547
0.000563134
0.000587355
0.000610427
0.000706515
0.000870785
0.00103053
0.00117075
0.00123366
0.00130137
0.00136869
0.00140711
0.0014401
0.00147339
0.00148945
0.00148941
0.00149038
0.00150311
0.00156233
0.00161856
0.00167491
0.00186033
0.00206969
0.00227729
0.00231028
0.0021798
0.0020597
0.00195601
0.00191904
0.00187795
0.00183716
0.00180294
0.00176999
0.00173699
0.00171064
0.0016905
0.00166999
0.0016398
0.00157133
0.00150531
0.00143922
0.00136103
0.00128064
0.00120049
0.00108952
0.000949708
0.000811849
0.000719532
0.000806378
0.000882079
0.000958372
0.000797815
0.000592879
0.000390922
0.000172277
-6.18159e-05
-0.000294674
-0.000489803
-0.000537019
-0.000593235
-0.000648831
-0.000722146
-0.000798723
-0.000875007
-0.000906815
-0.000896926
-0.000889591
-0.000953128
-0.00129617
-0.00162179
-0.00194807
-0.00209958
-0.00221797
-0.00233823
-0.00248673
-0.00266182
-0.00283509
-0.0029979
-0.00311976
-0.00324395
-0.00336784
-0.00350949
-0.00365436
-0.00379885
-0.00387466
-0.00388602
-0.00390125
-0.00395543
-0.00416392
-0.00436288
-0.00456218
-0.00459167
-0.00458896
-0.00458819
-0.00459003
-0.00459443
-0.00459867
-0.00461485
-0.00467797
-0.0047382
-0.00479854
-0.00480686
-0.00480531
-0.00480434
-0.00478077
-0.00473601
-0.00469256
-0.00465599
-0.00464666
-0.00463571
-0.00462488
-0.00460089
-0.00457442
-0.00454813
-0.00457302
-0.00464599
-0.00471603
-0.00478639
-0.00485763
-0.00492873
-0.00499975
-0.00496103
-0.00490143
-0.00484312
-0.00481247
-0.00480788
-0.00480176
-0.00481823
-0.0049233
-0.00502304
-0.00512298
-0.00505907
-0.00496393
-0.00487074
-0.00481834
-0.0048044
-0.00478823
-0.00476404
-0.0047077
-0.0046533
-0.00459884
-0.00457988
-0.00456772
-0.00455518
-0.00455767
-0.00457426
-0.00459002
-0.00461629
-0.00468382
-0.00474887
-0.004814
-0.00476835
-0.00470152
-0.00463599
-0.00458186
-0.00453852
-0.00449461
-0.0044225
-0.00423901
-0.00406216
-0.00388514
-0.00386593
-0.00387702
-0.00388637
-0.00388969
-0.00388727
-0.00388517
-0.00387664
-0.00384283
-0.0038105
-0.00377813
-0.00380197
-0.00383661
-0.0038706
-0.00392018
-0.00398441
-0.00404772
-0.00409247
-0.00406408
-0.00403989
-0.00401549
-0.00390492
-0.00377784
-0.00365185
-0.00356903
-0.00352691
-0.00348254
-0.00345898
-0.00351677
-0.00356989
-0.00362321
-0.00359272
-0.00354608
-0.00350041
-0.00345131
-0.00339903
-0.00334699
-0.00320131
-0.00268655
-0.00219318
-0.00169916
-0.00141165
-0.00116428
-0.00091493
-0.000888388
-0.00107164
-0.0012429
-0.00134355
-0.00116385
-0.00100007
-0.000835584
-0.000698363
-0.000566526
-0.000434535
-0.000272668
-8.26353e-05
0.000105611
0.000288766
0.000427194
0.000567962
0.000708442
0.000670509
0.000598009
0.000527513
0.000618383
0.000861492
0.00109587
0.0013208
0.00145893
0.00160172
0.0017441
0.00184471
0.00193711
0.00202987
0.00217148
0.00235918
0.00254412
0.00270284
0.00262737
0.0025649
0.00250178
0.00262709
0.00278895
0.00294862
0.00300785
0.00297222
0.00294184
0.00292492
0.00303069
0.00312961
0.0032288
0.00342483
0.00363958
0.00385306
0.00412499
0.00445199
0.00477563
0.00507283
0.00513489
0.00520971
0.00528376
0.00523093
0.00515339
0.00507727
0.0049919
0.00489787
0.00480441
0.00472801
0.00480362
0.0048709
0.00493856
0.00483794
0.00470453
0.00457303
0.0045319
0.00457621
0.00461586
0.00464619
0.00459132
0.00454111
0.0044907
0.00435541
0.00420361
0.00405286
0.00393223
0.00384009
0.00374652
0.00365463
0.00357623
0.00349719
0.00341827
0.00328354
0.00313797
0.00299314
0.00292071
0.00291672
0.00290909
0.00290115
0.00288869
0.00287649
0.00286428
0.00269048
0.00248509
0.0022816
0.00211112
0.00197193
0.00183123
0.00170819
0.00174119
0.00176587
0.00179097
0.00174142
0.00167725
0.00161392
0.00150718
0.00135945
0.00121404
0.00107718
0.00101657
0.000952005
0.000887713
0.000859295
0.000837965
0.000816284
0.000822091
0.000853877
0.000884263
0.00089821
0.000764767
0.00063921
0.00051337
0.000373679
0.000231364
8.93356e-05
4.2897e-05
8.69057e-05
0.000126133
0.0001519
5.53792e-05
-3.46477e-05
-0.00012492
-0.000131534
-0.000121631
-0.000112599
-0.000151209
-0.000234947
-0.000316247
-0.000392013
-0.000417824
-0.000446205
-0.000474423
-0.000546697
-0.000627622
-0.000708015
-0.000710828
-0.000640177
-0.000573405
-0.00052622
-0.000655436
-0.000775394
-0.000895706
-0.000895602
-0.000871667
-0.000848986
-0.000775009
-0.000652526
-0.000532669
-0.000453636
-0.000739905
-0.00100708
-0.00127496
-0.00151885
-0.0017578
-0.00199676
-0.00182562
-0.00126605
-0.000726981
-0.000249996
-0.000333295
-0.000387821
-0.000443763
-0.000663258
-0.000915067
-0.00116497
-0.00132222
-0.00139159
-0.00146537
-0.00146167
-0.000767631
-0.00010947
0.000549848
0.000317696
-9.14473e-05
-0.000491176
-0.000760752
-0.000906505
-0.0010584
-0.00120077
-0.00126209
-0.00132746
-0.00139256
-0.000810726
-0.000100588
0.000602342
0.000838318
0.000631279
0.000446824
0.000256237
1.95685e-05
-0.000214537
-0.000448536
-0.000665207
-0.000878259
-0.00109128
-0.00117356
-0.00113186
-0.00109644
-0.000999593
-0.000355906
0.000259696
0.00087609
0.000633924
0.000220646
-0.000183649
-0.000474284
-0.000656665
-0.000844276
-0.00103688
-0.00127801
-0.00151647
-0.00175483
-0.020804
-0.0435968
-0.0529726
0.00198842
-9.683e-05
0.000658118
0.00114723
0.000534966
-2.1977e-05
-0.000581114
-0.000914608
-0.00120275
-0.00149285
-0.0017329
-0.00192555
-0.00212036
-0.00225807
-0.00188746
-0.00154235
-0.00119632
-0.000908143
-0.000631752
-0.000355051
-0.000425894
-0.000826623
-0.00121071
-0.0015684
-0.00168574
-0.00181478
-0.00194311
-0.00198678
-0.00201343
-0.00204088
-0.00210824
-0.00221353
-0.00231686
-0.00240299
-0.00233527
-0.00227515
-0.00221471
-0.00231794
-0.00245394
-0.00258821
-0.00266075
-0.00267457
-0.00269125
-0.00271536
-0.00280737
-0.00289599
-0.00298468
-0.00302728
-0.00306058
-0.00309431
-0.00314673
-0.00321693
-0.00328621
-0.00330407
-0.0028622
-0.00244303
-0.00202318
-0.00184677
-0.00171947
-0.00158992
-0.0015401
-0.00156593
-0.00158808
-0.00159056
-0.00141564
-0.00124944
-0.00108298
-0.000782339
-0.000454878
-0.000129024
7.40989e-05
0.000160493
0.000252416
0.000332336
0.000307961
0.000288616
0.000269049
0.00020184
0.000125068
4.88268e-05
-1.54185e-06
-2.72887e-05
-5.41889e-05
-7.77604e-05
-7.22509e-05
-6.81361e-05
-6.39587e-05
6.28703e-05
0.000214377
0.000364562
0.000540389
0.000740538
0.000939338
0.00114254
0.00138606
0.00162742
0.00186866
0.00193232
0.00196004
0.00198943
0.00195338
0.00185515
0.00175995
0.00166326
0.0015537
0.00144485
0.00133608
0.00144977
0.0016084
0.00176476
0.00193116
0.002107
0.00228222
0.00239073
0.00190324
0.00144428
0.000984411
0.00056951
0.000164003
-0.000241566
-0.000471889
-0.000535449
-0.000606779
-0.000654155
-0.000491014
-0.000337896
-0.000184452
-0.0002787
-0.000423119
-0.000565055
-0.000673833
-0.000750934
-0.000829443
-0.000927878
-0.00120579
-0.00147507
-0.0017445
-0.00174582
-0.0016927
-0.00164216
-0.00161012
-0.0015958
-0.00158068
-0.00156345
-0.00152691
-0.0014913
-0.00145569
-0.00149885
-0.001558
-0.00161635
-0.00167786
-0.00174235
-0.00180664
-0.00187066
-0.00193271
-0.0019948
-0.00205682
-0.00200794
-0.00193652
-0.0018662
-0.00178001
-0.00167875
-0.00157828
-0.00149235
-0.00153608
-0.0015738
-0.00161176
-0.00160064
-0.00157952
-0.00155889
-0.00157299
-0.00162022
-0.00166588
-0.0017081
-0.00171927
-0.00173185
-0.00174436
-0.00178348
-0.00182801
-0.00187225
-0.00186738
-0.00181569
-0.00176618
-0.00173584
-0.00187744
-0.00201107
-0.00214494
-0.00217818
-0.00219085
-0.00220445
-0.00223918
-0.00229409
-0.00234804
-0.00240409
-0.00247889
-0.00255277
-0.00262663
-0.00262567
-0.00260941
-0.00259386
-0.00249393
-0.00231358
-0.00213704
-0.00198679
-0.00207214
-0.00214677
-0.00222181
-0.0022716
-0.00231619
-0.00236097
-0.00231616
-0.00218591
-0.00205964
-0.00197355
-0.00224793
-0.00250585
-0.00276427
-0.00263238
-0.00242067
-0.00221274
-0.00210371
-0.00208918
-0.00207043
-0.0020244
-0.0017323
-0.00145148
-0.00117041
-0.000987217
-0.000824209
-0.000660444
-0.000485569
-0.000300062
-0.000115195
7.93155e-05
0.0003612
0.000638938
0.000916612
0.000862532
0.000740429
0.000621462
0.000721472
0.00103057
0.0013301
0.00163249
0.00195877
0.00228371
0.00260842
0.00276836
0.00289437
0.00302176
0.00318804
0.0033915
0.00359312
0.00376125
0.00363025
0.00351258
0.00339442
0.00315545
0.00289179
0.00262946
0.00253536
0.0026019
0.00266131
0.0027017
0.00256935
0.00244473
0.00231987
0.00256597
0.00288821
0.00320683
0.0031957
0.00286957
0.00255753
0.00227978
0.0023122
0.002331
0.00235038
0.00243232
0.00252709
0.00262122
0.00254543
0.00230735
0.00207657
0.0018665
0.00184312
0.00181162
0.0017805
0.00182016
0.00187439
0.00192794
0.0019608
0.00197387
0.00198779
0.00200579
0.00206074
0.00211404
0.00216737
0.00218383
0.00219268
0.00220186
0.00209616
0.00188074
0.00167026
0.00145724
0.00122204
0.000987996
0.000754107
0.0007487
0.00079048
0.000830187
0.000859183
0.000877855
0.000896955
0.000916605
0.000941465
0.000966079
0.000990682
0.000809856
0.000586687
0.00036553
0.000216087
0.000135275
5.15857e-05
-2.69719e-05
-6.12755e-05
-9.74466e-05
-0.000133507
-0.000179923
-0.00022845
-0.000276846
-0.000270369
-0.00021143
-0.000154784
-0.000105934
-0.000127383
-0.000145814
-0.000164357
-3.81488e-05
0.000117949
0.00027264
0.000208182
-6.58762e-05
-0.000330782
-0.000577226
-0.00065669
-0.000743183
-0.000829304
-0.000954485
-0.00108768
-0.00122042
-0.00109283
-0.000716254
-0.000350551
-2.57686e-05
-6.90156e-05
-9.66513e-05
-0.000124924
-0.000280252
-0.000461842
-0.000642169
-0.000745107
-0.000773969
-0.000805931
-0.000813171
-0.000600453
-0.000397183
-0.000193687
-0.000315985
-0.000505838
-0.000692689
-0.000641645
-0.000362879
-9.39157e-05
0.000160047
0.000277807
0.000401184
0.000524222
0.000387975
0.000197937
1.0312e-05
2.76073e-05
0.000241089
0.000446183
0.000650204
0.000842832
0.00103578
0.00122854
0.000917078
0.00050095
8.95354e-05
-0.00015292
-0.000233474
-0.000320706
-0.000424018
-0.000674378
-0.000918411
-0.0011625
-0.00112919
-0.00103816
-0.000949611
-0.000889251
-0.000855981
-0.000821615
-0.000811598
-0.00101897
-0.00121717
-0.00141558
-0.00149838
-0.00155704
-0.00161666
-0.00120331
-0.000337186
0.000509516
0.00122894
0.000807121
0.000432746
5.67233e-05
0.000253899
0.000570432
0.000881785
0.00083703
0.000451053
7.94356e-05
-0.000243779
-0.000130707
-3.5661e-05
6.00478e-05
-0.000260503
-0.000667697
-0.001071
-0.00124779
-0.00120747
-0.00117609
-0.00111049
-0.000741691
-0.000385603
-2.92867e-05
-6.4185e-06
-5.31894e-05
-9.70762e-05
-0.000277338
-0.000588121
-0.000893323
-0.00115137
-0.000987135
-0.000840245
-0.000692768
-0.000776503
-0.000908499
-0.00103842
-0.00121659
-0.00144089
-0.00166313
-0.00186
-0.00183032
-0.00180987
-0.00178906
-0.00182434
-0.00187132
-0.00191779
-0.0020094
-0.00214425
-0.00227724
-0.00238573
-0.00227495
-0.00217313
-0.00207103
-0.0019083
-0.00173297
-0.00155828
-0.00134009
-0.00108022
-0.000822233
-0.000541829
-5.96597e-05
0.000413995
0.000887612
0.000872098
0.000754133
0.000640383
0.000695565
0.000912859
0.00112347
0.00136416
0.00187319
0.00237105
0.00286896
0.00316728
0.00342358
0.00368136
0.00360877
0.00321948
0.00284318
0.0025326
0.00281288
0.00306932
0.00332652
0.00331057
0.00323733
0.00316643
0.00349823
0.00421626
0.00491834
0.00546824
0.00465403
0.00389474
0.00313388
0.00327687
0.00360953
0.00393439
0.00411881
0.00416823
0.00422298
0.00423605
0.00387819
0.00353532
0.00319213
0.00348481
0.00391091
0.0043314
0.00434161
0.00395803
0.00359032
0.00329176
0.00361581
0.00391503
0.00421499
0.0038051
0.00324621
0.00269363
0.00260335
0.00295687
0.00329265
0.00359486
0.00359229
0.0036017
0.00361063
0.00315188
0.00259497
0.00204236
0.00188398
0.00210407
0.00230914
0.00252338
0.0028156
0.00310454
0.00339338
0.00319809
0.00290098
0.00260808
0.0024433
0.00240167
0.00235525
0.00233613
0.00255951
0.00277325
0.00298721
0.00326053
0.00354621
0.00383118
0.00364429
0.00300444
0.00238271
0.00183495
0.00195214
0.0020434
0.0021356
0.00227288
0.0024196
0.00256583
0.00250208
0.00223672
0.00197939
0.00179075
0.00221869
0.00262244
0.0030268
0.00275279
0.00233579
0.00192463
0.0017136
0.00169496
0.0016689
0.00165992
0.00180109
0.00193635
0.00207174
0.00239667
0.00276143
0.00312438
0.00314703
0.0028428
0.00255137
0.00227821
0.00217138
0.00205823
0.00194541
0.00176846
0.00157805
0.00138831
0.00132958
0.0013967
0.00145896
0.00154731
0.00186818
0.0021799
0.00249173
0.00260401
0.00267401
0.00274558
0.00282099
0.00290013
0.00297908
0.00305602
0.00311549
0.00317557
0.00323559
0.00302682
0.00276128
0.00249811
0.00243993
0.00257882
0.00271012
0.00280965
0.00262289
0.00244714
0.00227112
0.00227739
0.00232228
0.00236566
0.00243905
0.00254122
0.00264223
0.00273205
0.00272188
0.0027155
0.00270898
0.00234686
0.00190958
0.00147547
0.00138862
0.00163564
0.00186987
0.0020608
0.00186086
0.0016758
0.00149032
0.00133696
0.00119048
0.00104386
0.000978151
0.000990209
0.000999335
0.00105027
0.00147485
0.00188507
0.00229553
0.00199341
0.00154024
0.00109308
0.000890401
0.000923007
0.000946776
0.000961065
0.000887588
0.00081745
0.000747239
0.000747772
0.000763326
0.000778308
0.000697517
0.000524614
0.000355277
0.000211851
0.00030073
0.000380884
0.000461303
0.000377328
0.00025847
0.000140999
0.000200424
0.000430021
0.000653121
0.000863261
0.000956445
0.0010539
0.00115113
0.00104949
0.000905631
0.00076344
0.000682323
0.000660012
0.000635539
0.000665951
0.0011872
0.0016899
0.00219292
0.00181996
0.00126083
0.000708989
0.000439938
0.000443193
0.000436398
0.00042817
0.000403733
0.000379912
0.000356086
0.000394781
0.000446766
0.000498223
0.000701993
0.00105229
0.00139694
0.00169741
0.00160225
0.0015217
0.00144066
0.00140507
0.00137919
0.00135296
0.00132231
0.00128738
0.00125263
0.00122035
0.00121
0.00119884
0.00118773
0.00146115
0.00179507
0.00212655
0.00214665
0.00186702
0.00159853
0.00134988
0.00128109
0.0012058
0.0011308
0.00110619
0.00109233
0.0010781
0.00119254
0.00143081
0.0016644
0.00185688
0.00168074
0.00151811
0.00135512
0.00125737
0.0011736
0.00108938
0.0010481
0.00104815
0.00104671
0.00105793
0.00118222
0.00130232
0.00142249
0.00173808
0.00209525
0.00245065
0.00244819
0.00210113
0.00176675
0.00148579
0.0016856
0.00186794
0.00205077
0.0018875
0.00165037
0.00141606
0.00159618
0.00217545
0.00273995
0.00318442
0.00255187
0.00195847
0.0013641
0.00136123
0.00148484
0.00160383
0.00174797
0.00191618
0.0020834
0.00219765
0.00183786
0.0014953
0.00115237
0.00122297
0.001382
0.00153776
0.00171671
0.00192948
0.00214089
0.00227668
0.00173569
0.00121923
0.000702265
0.000721703
0.000855968
0.000986046
0.00106213
0.00105905
0.00105878
0.00103545
0.000806376
0.000584779
0.000363073
0.000494641
0.000701817
0.000906162
0.00104335
0.00108219
0.00112448
0.00113794
0.000894382
0.000660097
0.00042565
0.000400305
0.000419794
0.000437683
0.000602858
0.000983494
0.00135625
0.00166543
0.00140461
0.0011641
0.000923034
0.000810854
0.000726372
0.000640972
0.000540503
0.0004179
0.000296163
0.000199334
0.00032529
0.000443322
0.000561549
0.00063049
0.000688819
0.00074748
0.000821297
0.000917336
0.00101253
0.00111874
0.00132394
0.00152552
0.00172709
0.00155933
0.00131235
0.00106832
0.000905698
0.000862313
0.00081479
0.000781955
0.00087918
0.000971795
0.00106451
0.00100048
0.000902825
0.000806407
0.000840247
0.00106481
0.00128256
0.00147391
0.0014277
0.00138978
0.00135161
0.00149198
0.00167066
0.00184788
0.00210602
0.00248261
0.00285483
0.00311997
0.00242624
0.00176625
0.00110554
0.000979281
0.00096803
0.000952803
0.000978671
0.0010645
0.00114819
0.00121795
0.00116273
0.00111186
0.00106088
0.00107538
0.00110396
0.00113203
0.00116172
0.00119374
0.00122566
0.00126091
0.00132609
0.0013902
0.00145429
0.00131186
0.00112502
0.000939836
0.000818682
0.000791315
0.000760743
0.000736652
0.000769486
0.000800343
0.000831247
0.000967918
0.00112731
0.00128581
0.00129045
0.00106976
0.000856945
0.000651785
0.000516506
0.000378928
0.000241523
0.000301412
0.000403801
0.000504669
0.00053848
0.000474032
0.000412981
0.000374912
0.000543514
0.000704955
0.00086653
0.00104329
0.00122325
0.00140297
0.00149324
0.00145254
0.00141633
0.0013637
0.00116521
0.000971801
0.000778353
0.000694399
0.000634116
0.000573071
0.000537646
0.000539692
0.000540467
0.000554634
0.000688441
0.000818106
0.000947823
0.000918224
0.000854241
0.000791463
0.000761916
0.000781091
0.000798606
0.00080931
0.000758545
0.000709889
0.000661195
0.000606572
0.000550694
0.000494897
0.000464575
0.000471564
0.000477291
0.000466228
0.000304324
0.000147603
-9.18683e-06
2.93405e-05
0.000110065
0.000189317
0.000237812
0.00024119
0.00024608
0.000252035
0.00026801
0.000283638
0.000299268
0.000102464
-0.000140182
-0.00038113
-0.000529662
-0.000542764
-0.000560387
-0.000571667
-0.000527548
-0.00048531
-0.000443038
-0.000437171
-0.000439184
-0.000440933
-0.000430584
-0.000402494
-0.000375013
-0.00136808
-0.0115084
-0.0213373
-0.0311701
-0.0409962
0.00107764
-9.09297e-05
0.000257753
0.000674088
0.0010879
0.0014361
0.0011977
0.00097892
0.000759637
0.000807855
0.000913984
0.00101812
0.00102556
0.000810647
0.000603237
0.000395716
0.00054529
0.000722602
0.000898879
0.000992729
0.00103436
0.0010777
0.00096727
0.000503543
5.17813e-05
-0.000400077
-0.000293179
-0.000142743
6.15779e-06
-6.13892e-06
-0.000120516
-0.000231457
-0.000244128
-3.07126e-05
0.000175126
0.000381077
0.000366764
0.000335247
0.000304316
0.000284731
0.000272348
0.000259736
0.000233359
0.000175305
0.000118327
6.13515e-05
-2.22108e-05
-0.000107805
-0.000193276
-0.000125147
4.02434e-05
0.000202344
0.000304107
0.000267029
0.000234512
0.000201868
0.000434647
0.000688087
0.000940687
0.000814091
0.00044732
8.862e-05
-0.000119016
2.09994e-05
0.000149599
0.000278487
0.000244895
0.000198575
0.0001527
0.000148821
0.000171557
0.000193413
0.00021709
0.000244908
0.000272573
0.000300225
0.00033572
0.00037181
0.000407858
0.000401449
0.000368141
0.000335725
0.000289309
0.000210737
0.000133258
5.57927e-05
0.000118207
0.00019159
0.000264571
0.000259386
0.000204658
0.000151565
0.000147355
0.000255638
0.000360222
0.000464858
0.000441372
0.000407806
0.000374587
0.000319127
0.000249589
0.000180549
0.000151343
0.000213725
0.000273122
0.000332576
0.000546155
0.00077177
0.000996853
0.0009037
0.000608815
0.000320592
0.000164005
0.000310421
0.000447032
0.000583869
0.000779499
0.000979663
0.00117955
0.00107911
0.000788251
0.00050367
0.000317569
0.000358194
0.000391549
0.000425116
0.000504882
0.000588258
0.000671465
0.000656031
0.000578044
0.0005021
0.000380717
0.000154902
-6.74421e-05
-0.000289755
-6.68203e-05
0.000191247
0.000448033
0.000470559
0.000344474
0.000223192
0.000120316
6.00328e-05
-1.56452e-06
-6.30811e-05
2.42621e-05
0.000123359
0.000222021
0.000301617
0.000369092
0.000436908
0.000400114
0.000122769
-0.000146788
-0.00041642
-0.000461449
-0.000488621
-0.00051634
-0.000550343
-0.000588338
-0.000626183
-0.000667005
-0.000714696
-0.00076214
-0.000809562
-0.000566825
-0.000301158
-3.63818e-05
-5.69264e-05
-0.000258536
-0.00045432
-0.000611176
-0.000678214
-0.000748035
-0.000817724
-0.000914196
-0.00101274
-0.00111117
-0.000819064
-0.000279172
0.000252605
0.000643292
0.000709234
0.000785314
0.000861029
0.000392877
-0.000118356
-0.000627919
-0.000898775
-0.00101802
-0.00114193
-0.0011235
-0.000778033
-0.000442998
-0.000107845
-8.11863e-05
-7.9155e-05
-7.63564e-05
-0.000356097
-0.000815133
-0.00126829
-0.00160446
-0.00167139
-0.00174666
-0.00182163
-0.00151999
-0.00118843
-0.000858014
-0.000935511
-0.00127202
-0.00160028
-0.00177423
-0.00159285
-0.00142261
-0.00125214
-0.00142912
-0.00163379
-0.00183748
-0.00189562
-0.00186129
-0.00182985
-0.0017732
-0.00165872
-0.00154611
-0.00143351
-0.00160895
-0.00180736
-0.00200493
-0.00191409
-0.00164005
-0.00137185
-0.00123053
-0.0013814
-0.00152316
-0.00166511
-0.00183712
-0.0020081
-0.00217901
-0.002232
-0.00221008
-0.00219047
-0.0021612
-0.00210984
-0.00205919
-0.00200854
-0.00205884
-0.00211721
-0.0021753
-0.00223503
-0.0022958
-0.00235649
-0.00233562
-0.00212707
-0.00192441
-0.00172169
-0.00186289
-0.00203166
-0.00219948
-0.00234105
-0.00246589
-0.00259117
-0.00268714
-0.00271577
-0.00274645
-0.00277704
-0.00273098
-0.00267878
-0.0026268
-0.00260926
-0.00261363
-0.00261732
-0.00263849
-0.00269982
-0.0027599
-0.00281998
-0.00286511
-0.00290901
-0.00295293
-0.00298741
-0.00301588
-0.00304452
-0.0030618
-0.00305297
-0.00304495
-0.0030369
-0.00308
-0.00312152
-0.00316306
-0.0031673
-0.00314782
-0.00312908
-0.00312199
-0.00314176
