0
0.0167196
0.014818
0.0144675
0.0139888
0.0143233
0.0146787
0.0150319
0.0152138
0.0152388
0.0152767
0.015269
0.015087
0.0149197
0.0147514
0.0145335
0.0143146
0.014096
0.0138782
0.0136609
0.013444
0.0133559
0.0137713
0.0141448
0.0145211
0.0144037
0.014272
0.0141416
0.0141378
0.0142499
0.0143523
0.0143988
0.0142235
0.0140664
0.0139081
0.0135894
0.0132663
0.012944
0.0131263
0.0137711
0.0143776
0.0147137
0.0139819
0.0133371
0.0126864
0.0126041
0.0125392
0.0124731
0.0125421
0.0127352
0.0129181
0.0130142
0.0127686
0.0125507
0.0123309
0.0120502
0.0117679
0.0114861
0.0112449
0.0110409
0.0108343
0.0107542
0.0111674
0.0115409
0.011917
0.0114819
0.0110217
0.0105641
0.0103603
0.0103896
0.0104006
0.0103706
0.0101742
0.00999122
0.00980746
0.00948375
0.00915593
0.00882896
0.00870348
0.00876335
0.00880864
0.00880817
0.00862405
0.00845454
0.00828415
0.00844838
0.00862344
0.00879739
0.0088941
0.00891966
0.0089507
0.00898127
0.00901182
0.00904233
0.00907279
0.00868926
0.00829231
0.007897
0.00782267
0.00804398
0.00824222
0.00832639
0.00795743
0.00762382
0.00728801
0.00725234
0.007227
0.00720091
0.00708769
0.00689415
0.00670704
0.00651926
0.00632997
0.00614109
0.00595246
0.00597265
0.00600011
0.00602696
0.00621757
0.00655911
0.00688869
0.00708746
0.00677136
0.00649467
0.00621541
0.00587066
0.00552403
0.00517807
0.00498103
0.00492142
0.00485157
0.00479034
0.00475949
0.00472641
0.00469354
0.00429076
0.0038752
0.00346122
0.00315994
0.00296283
0.00275823
0.00258342
0.00252226
0.00245273
0.00238393
0.00244304
0.00250676
0.00257004
0.00267366
0.0028145
0.00295238
0.00300862
0.00274448
0.00250441
0.00226292
0.00197595
0.00168765
0.00139988
0.00131759
0.00142525
0.00151878
0.00155799
0.00138043
0.00121903
0.00105668
0.00114939
0.00125157
0.00135291
0.00141152
0.00143055
0.00145245
0.00146438
0.00143815
0.00141474
0.00139115
0.00111029
0.000819955
0.000530734
0.00059451
0.000984998
0.00135124
0.00155897
0.00113936
0.000765711
0.000389283
0.00051162
0.000653091
0.000792978
0.000871744
0.000893807
0.000919917
0.000806275
0.000145539
-0.000474975
-0.00109748
-0.000479292
0.00018678
0.000848471
0.00106399
0.000865878
0.000697592
0.000479833
7.57083e-05
-0.000314557
-0.000705253
-0.000571831
-0.000417748
-0.000265352
-0.000299978
-0.000508074
-0.000703572
-0.000842558
-0.000757005
-0.000687463
-0.000616887
-0.000819722
-0.0010333
-0.00124582
-0.00134937
-0.0013518
-0.00136135
-0.00141559
-0.00164733
-0.00186626
-0.00208578
-0.00227271
-0.00245807
-0.00264328
-0.00272199
-0.00270185
-0.00268866
-0.00270761
-0.00285464
-0.00299253
-0.00313086
-0.00316908
-0.00320313
-0.00323742
-0.00325432
-0.00325509
-0.00325699
-0.00327478
-0.00335534
-0.00343143
-0.00350773
-0.00363481
-0.00376385
-0.00389258
-0.00394061
-0.00391367
-0.00389193
-0.0038803
-0.00390973
-0.0039363
-0.00396303
-0.00394522
-0.00392555
-0.00390604
-0.00393511
-0.00400935
-0.00408039
-0.00415155
-0.0042226
-0.00429357
-0.00436444
-0.00449639
-0.00463078
-0.00476482
-0.00489163
-0.00501169
-0.00513204
-0.00519824
-0.00505228
-0.00492093
-0.00478876
-0.00479865
-0.00481466
-0.00483023
-0.00482458
-0.00479916
-0.00477511
-0.00475074
-0.00472537
-0.00470009
-0.00467484
-0.00476496
-0.004876
-0.00498549
-0.0051489
-0.0053624
-0.00557226
-0.00573379
-0.00570532
-0.00568961
-0.00567308
-0.00572277
-0.00578449
-0.00584533
-0.00595267
-0.00610326
-0.00625077
-0.00639577
-0.00653068
-0.00666608
-0.00680127
-0.00674821
-0.00666073
-0.00657565
-0.00653473
-0.00653512
-0.00653277
-0.00656018
-0.00670381
-0.00683957
-0.00697567
-0.00690717
-0.00680119
-0.00669783
-0.00667926
-0.00673993
-0.0067953
-0.00682079
-0.00672767
-0.00664247
-0.00655685
-0.00662506
-0.0067215
-0.00681596
-0.00683804
-0.00679248
-0.00675141
-0.00671609
-0.00670441
-0.00669121
-0.00667812
-0.00661427
-0.00654113
-0.00646868
-0.00645146
-0.00648579
-0.00651674
-0.0065591
-0.00664556
-0.00672905
-0.00681262
-0.00674928
-0.00665885
-0.00657029
-0.0064778
-0.00638177
-0.0062861
-0.006204
-0.00617497
-0.00614256
-0.00611041
-0.00608067
-0.00605141
-0.00602215
-0.00607657
-0.00620913
-0.00633651
-0.00642254
-0.00634514
-0.00627829
-0.00621085
-0.00616048
-0.00611332
-0.00606602
-0.00600622
-0.00593475
-0.0058641
-0.00574187
-0.0054167
-0.00510485
-0.00479254
-0.00467587
-0.00459571
-0.00451333
-0.00435054
-0.00411244
-0.00387942
-0.00366157
-0.00350385
-0.00334252
-0.00318163
-0.00301834
-0.00285478
-0.00269143
-0.00241951
-0.00204606
-0.00167947
-0.00141613
-0.00155926
-0.00167669
-0.00179558
-0.00166806
-0.00149463
-0.00132429
-0.00108666
-0.000786247
-0.000490137
-0.000197079
8.40093e-05
0.000365493
0.000646602
0.000801706
0.000933064
0.00106574
0.0011077
0.00106486
0.00102733
0.00105365
0.00133235
0.00159505
0.00185842
0.0021012
0.0023399
0.00257856
0.00277104
0.00292028
0.003072
0.00317961
0.0031148
0.0030607
0.003006
0.00305149
0.00311577
0.00317882
0.00325955
0.00335677
0.00345285
0.00350211
0.00336719
0.00324371
0.00311968
0.00328776
0.00351072
0.00373005
0.00379208
0.00370648
0.00362998
0.00357751
0.00362152
0.0036596
0.00369799
0.00365926
0.003606
0.00355369
0.00361998
0.00379753
0.00396812
0.00409545
0.00405144
0.00401784
0.00398366
0.00389893
0.00380471
0.00371117
0.00373011
0.00385458
0.00397255
0.00406451
0.00405299
0.00404771
0.00404206
0.00419651
0.00438116
0.00456378
0.00454828
0.00434677
0.00415663
0.00402776
0.00414212
0.00424181
0.00434225
0.0043757
0.0043964
0.00441785
0.00439859
0.00434116
0.00428608
0.00425505
0.00431906
0.00437735
0.00443591
0.00442978
0.00441134
0.00439365
0.00440556
0.0044453
0.00448335
0.00453547
0.0046427
0.00474654
0.00485047
0.00471243
0.00452839
0.00434729
0.00428133
0.00432372
0.00435968
0.00434974
0.00415768
0.00397654
0.00379497
0.00370004
0.00362173
0.00354253
0.00357881
0.00372353
0.00386175
0.00396184
0.00391073
0.0038685
0.00382581
0.00404083
0.00430496
0.00456592
0.00458247
0.00436907
0.00416928
0.00410483
0.00457589
0.00501532
0.00545608
0.00485079
0.00404559
0.00325289
0.0027252
0.00244743
0.00215554
0.00194408
0.00204517
0.0021281
0.00221199
0.0019933
0.00171673
0.00144382
0.00125992
0.00115999
0.00105535
0.000932148
0.00073439
0.000541136
0.000347846
0.000251251
0.000173332
9.44333e-05
3.21499e-05
-1.45525e-05
-6.20919e-05
-0.0001005
-0.000103286
-0.000108102
-0.000112796
-0.000192206
-0.000285938
-0.000378749
-0.000420656
-0.000414589
-0.000411255
-0.000429502
-0.000533384
-0.00063229
-0.000731367
-0.000853469
-0.000979913
-0.00110597
-0.00119591
-0.00125182
-0.00130958
-0.00134722
-0.00130616
-0.00126959
-0.0012328
-0.00140001
-0.0016065
-0.00181055
-0.00187219
-0.00179954
-0.00173451
-0.0016953
-0.00175926
-0.00181737
-0.00187574
-0.00184999
-0.00180798
-0.00176693
-0.0018441
-0.00203275
-0.00221497
-0.00238557
-0.00245082
-0.00252186
-0.00259251
-0.00267795
-0.00276619
-0.00285417
-0.00286708
-0.00280918
-0.00275528
-0.00271098
-0.00275397
-0.00279208
-0.00283041
-0.00269812
-0.0025328
-0.0023695
-0.00238365
-0.00256528
-0.00273744
-0.00289578
-0.00292725
-0.00296568
-0.00300369
-0.00305237
-0.00310307
-0.00315361
-0.00311351
-0.00298788
-0.00286709
-0.00276975
-0.00288334
-0.00298524
-0.00308766
-0.0029814
-0.00283457
-0.00269012
-0.00265893
-0.00273476
-0.00280466
-0.00287653
-0.00296366
-0.00304987
-0.00313604
-0.0030398
-0.00290804
-0.00277837
-0.00274352
-0.0027983
-0.00284815
-0.00290364
-0.00300763
-0.00310887
-0.00321016
-0.00321278
-0.00319613
-0.00318053
-0.00315716
-0.00312649
-0.00309625
-0.00307166
-0.00309751
-0.00312061
-0.00314383
-0.00306901
-0.00297505
-0.00288223
-0.00286448
-0.00291768
-0.00296702
-0.00302237
-0.00313007
-0.00323484
-0.00333966
-0.00343656
-0.00353183
-0.00362709
-0.00360345
-0.00346745
-0.0033376
-0.00320538
-0.00305371
-0.00290324
-0.00275287
-0.00252379
-0.00227944
-0.00203616
-0.00218131
-0.00269367
-0.00318595
-0.00357112
-0.00299326
-0.00246715
-0.00193885
-0.0018665
-0.00188381
-0.00189634
-0.0018575
-0.00176982
-0.00168482
-0.00158204
-0.00132076
-0.00106813
-0.000815318
-0.000999013
-0.00126849
-0.00153317
-0.00146441
-0.00108006
-0.000712725
-0.00037543
-0.000311712
-0.000233685
-0.000156491
-0.000140419
-0.000136419
-0.00013179
-2.4759e-05
0.000179181
0.000377834
0.000566883
0.000669226
0.000775994
0.00088242
0.000840639
0.000769628
0.000700216
0.000739205
0.000880858
0.00101702
0.00114539
0.00120276
0.00126376
0.00132451
0.00129957
0.00125771
0.00121677
0.00116577
0.0011053
0.00104538
0.00101324
0.00122926
0.00143222
0.00163564
0.0015394
0.00138392
0.00123166
0.00115231
0.00114216
0.00112845
0.0011074
0.00101897
0.0009341
0.000849134
0.000887653
0.00095062
0.00101227
0.00102389
0.000988056
0.000954696
0.000924556
0.000924074
0.000922074
0.000920153
0.000970312
0.00103077
0.00109064
0.00105491
0.000928581
0.000807001
0.000695889
0.000679575
0.000658448
0.000637587
0.000509401
0.000359986
0.000211801
0.000112321
5.90604e-05
3.50766e-06
-6.00435e-05
-0.000196627
-0.00032937
-0.000462174
-0.000275699
-2.58255e-05
0.000220588
0.000298069
0.000215235
0.000140582
6.25984e-05
-4.20513e-05
-0.000145251
-0.000248419
-0.00029897
-0.000338998
-0.000379514
-0.000423037
-0.000469434
-0.00051564
-0.000562413
-0.000614547
-0.00066636
-0.000718137
-0.000755282
-0.000789479
-0.00082379
-0.00090095
-0.00101876
-0.00113442
-0.00124272
-0.00128512
-0.00133078
-0.00137622
-0.0198848
-0.0420681
-0.0513554
0.00102098
-0.00156173
-0.00140759
-0.00139293
-0.00140049
-0.00140695
-0.00141345
-0.00131408
-0.00119359
-0.00107428
-0.00109969
-0.0012625
-0.00141834
-0.00154999
-0.00146328
-0.00138745
-0.00131116
-0.00123018
-0.00114832
-0.00106658
-0.00101154
-0.000981866
-0.000950969
-0.000931705
-0.00101571
-0.00109455
-0.00117356
-0.00125368
-0.00133397
-0.00141417
-0.00143315
-0.00139402
-0.00135777
-0.00133555
-0.00143986
-0.00153788
-0.00163611
-0.00158249
-0.00149844
-0.00141595
-0.00136633
-0.00134799
-0.00132814
-0.00130802
-0.00128474
-0.00126163
-0.00123854
-0.00137826
-0.00155061
-0.0017212
-0.00173758
-0.00160738
-0.00148443
-0.00137496
-0.00138842
-0.00139591
-0.00140368
-0.00146073
-0.00152767
-0.00159406
-0.00153778
-0.00136491
-0.00119783
-0.00105572
-0.00113812
-0.00120961
-0.00128155
-0.00125177
-0.00120151
-0.00115229
-0.00106843
-0.000951696
-0.000836658
-0.000744876
-0.000860998
-0.000967028
-0.00107344
-0.00109137
-0.00109144
-0.00109236
-0.00106646
-0.0010151
-0.000965
-0.000934877
-0.00108362
-0.00122367
-0.00136401
-0.00125888
-0.00110426
-0.000952151
-0.000772962
-0.000568144
-0.000364742
-0.000166302
-1.13173e-05
0.000145586
0.000302249
0.000305603
0.00027796
0.000251814
0.000294391
0.000402405
0.000507215
0.000632077
0.000935783
0.00123074
0.00152583
0.00163494
0.00170635
0.00177947
0.00189087
0.00203879
0.00218485
0.00232675
0.00243178
0.00253845
0.00264494
0.00274336
0.00284006
0.00293676
0.00305051
0.0031805
0.00330961
0.00343863
0.00356741
0.00369608
0.00382464
0.00375779
0.00365134
0.00354684
0.00351341
0.0035477
0.0035788
0.00362598
0.0038159
0.00399898
0.00418221
0.00423303
0.00425693
0.00428206
0.00442172
0.00467046
0.0049139
0.00511785
0.004968
0.00483472
0.00470079
0.00470764
0.00474308
0.00477717
0.0047862
0.00477131
0.00475753
0.00476542
0.00496749
0.00516039
0.00535354
0.00522737
0.00503632
0.00484843
0.00481063
0.00491592
0.00501452
0.00509719
0.00503523
0.00497999
0.00492448
0.00502063
0.00514759
0.00527302
0.00536674
0.00543016
0.00549492
0.00554893
0.0055078
0.00547107
0.00543417
0.00543282
0.00543871
0.00544427
0.00559691
0.00588969
0.00617581
0.00643592
0.00646259
0.00649988
0.00653665
0.00656347
0.00658824
0.00661308
0.0065331
0.0063532
0.00617801
0.00602342
0.00605385
0.00607585
0.00609822
0.00614144
0.0061889
0.00623612
0.00617931
0.0060233
0.00587193
0.00571288
0.00548597
0.00526233
0.00503874
0.00517653
0.00538814
0.00559622
0.0055491
0.00525845
0.00497903
0.00470284
0.00445813
0.00421222
0.00396659
0.00401534
0.00412434
0.00423053
0.0042176
0.00409094
0.00396949
0.0038459
0.00370445
0.00356392
0.00342347
0.00343717
0.00348246
0.00352629
0.00352805
0.00348961
0.00345301
0.00340312
0.00323488
0.00307206
0.00290915
0.00289864
0.00291941
0.00293876
0.00287018
0.00271764
0.00256896
0.00244495
0.00254222
0.00262958
0.0027173
0.00284148
0.00297307
0.00310421
0.00322281
0.0033294
0.00343644
0.0035189
0.00338242
0.00325572
0.00312871
0.00281345
0.0024597
0.00210797
0.00194209
0.00195373
0.00195754
0.0019489
0.00182571
0.00170768
0.00158952
0.00159295
0.00162139
0.00164871
0.00160332
0.00148846
0.00137674
0.00125627
0.00105782
0.000862971
0.000668131
0.000561519
0.000473146
0.000384052
0.000266222
0.000120918
-2.3059e-05
-0.000162397
-0.000260695
-0.000360696
-0.000460537
-0.00045044
-0.000417688
-0.000385951
-0.000476911
-0.000685116
-0.000888042
-0.00106256
-0.000982116
-0.000912813
-0.000843086
-0.00100482
-0.0012142
-0.00142133
-0.00148565
-0.00141343
-0.00134719
-0.00129326
-0.0013514
-0.00140463
-0.00145804
-0.00167894
-0.00193428
-0.00218792
-0.00233918
-0.00239253
-0.00245005
-0.00249447
-0.00242362
-0.00235779
-0.00229181
-0.00246674
-0.00269136
-0.00291365
-0.0030383
-0.00306953
-0.00310474
-0.00314871
-0.00327282
-0.00339339
-0.003514
-0.00339988
-0.00323726
-0.00307686
-0.00304978
-0.00315023
-0.00324514
-0.00332641
-0.00328399
-0.00324689
-0.0032096
-0.00321887
-0.00323777
-0.00325624
-0.00329571
-0.00335523
-0.00341385
-0.00347728
-0.00358391
-0.00368861
-0.0037933
-0.00384438
-0.00388431
-0.00392468
-0.00394066
-0.00393332
-0.00392698
-0.00392713
-0.00398576
-0.00404187
-0.00409803
-0.00408342
-0.00405413
-0.00402549
-0.00404198
-0.00410165
-0.00415945
-0.00420929
-0.00418753
-0.00416881
-0.00414997
-0.00431897
-0.00452685
-0.00473292
-0.00466732
-0.00434173
-0.00402734
-0.00376813
-0.00400515
-0.00422115
-0.00443784
-0.00436159
-0.00422452
-0.00409012
-0.00406737
-0.00415157
-0.00423122
-0.00428983
-0.00415891
-0.00403601
-0.00391288
-0.00392144
-0.00395739
-0.00399217
-0.00403867
-0.00409635
-0.00415351
-0.00420743
-0.00423245
-0.00425865
-0.00428478
-0.00431795
-0.00435256
-0.00438708
-0.00443507
-0.00449595
-0.00455624
-0.0046084
-0.004588
-0.00457061
-0.00455312
-0.00452561
-0.00449603
-0.00446656
-0.00442232
-0.00436396
-0.00430623
-0.00425686
-0.00428216
-0.00430436
-0.00432668
-0.00435496
-0.00438448
-0.00441392
-0.0044368
-0.00445341
-0.00447026
-0.00448988
-0.00453458
-0.00457821
-0.00462184
-0.00444044
-0.0042122
-0.00398607
-0.00403611
-0.00435076
-0.00465431
-0.00492265
-0.00487366
-0.0048377
-0.00480124
-0.00472417
-0.00463867
-0.00455358
-0.00463682
-0.00488133
-0.00511906
-0.00531114
-0.00509352
-0.00489277
-0.00469151
-0.00461682
-0.00456863
-0.0045194
-0.00446798
-0.00441443
-0.00436101
-0.00429183
-0.0040812
-0.00387647
-0.00367168
-0.00359785
-0.00355146
-0.003504
-0.00317846
-0.00258639
-0.0020056
-0.0014902
-0.00156071
-0.00160746
-0.00165514
-0.00124924
-0.000748658
-0.0002523
0.000161463
0.000495892
0.000833251
0.00117861
0.00159887
0.00201577
0.00243247
0.00257666
0.00266368
0.00275293
0.00282232
0.00287276
0.00292391
0.00298867
0.00317578
0.00335784
0.00353995
0.00377245
0.00401536
0.00425766
0.00440776
0.00446943
0.00453458
0.00461612
0.00484598
0.00506973
0.00529354
0.00501781
0.00463744
0.00426155
0.00410435
0.00415705
0.00420133
0.00424305
0.004259
0.00427596
0.00429287
0.00426061
0.00421805
0.00417593
0.00413269
0.00408839
0.00404418
0.0039894
0.0038398
0.00369407
0.00354831
0.00350059
0.0034735
0.00344562
0.00340074
0.00333953
0.00327902
0.0031811
0.00274808
0.00232863
0.00190897
0.0023159
0.0028964
0.0034696
0.00374703
0.00374042
0.003745
0.00370491
0.00326872
0.00284845
0.00242789
0.00210673
0.00180668
0.00150604
0.00137011
0.00139221
0.0014081
0.00145076
0.00173113
0.00200196
0.00227296
0.00219742
0.00204895
0.00190345
0.00166472
0.00133664
0.00101231
0.000738532
0.000916886
0.00107746
0.0012386
0.00145063
0.00167327
0.00189532
0.00186929
0.00160511
0.0013504
0.00110981
0.000997382
0.000880058
0.000763014
0.000632871
0.000500043
0.000367423
0.000275139
0.000221589
0.000166579
0.000128872
0.000245298
0.000355667
0.000466184
0.000374043
0.000239188
0.000106088
7.50642e-05
0.000142123
0.000205343
0.000255412
0.000186744
0.000122707
5.85411e-05
8.50468e-05
0.000130685
0.000175551
7.70828e-05
-0.000159069
-0.000389745
-0.000581917
-0.000428732
-0.000288933
-0.000148726
-0.000204072
-0.000300709
-0.000395689
-0.000409136
-0.000344207
-0.00028233
-0.000222278
-0.000179246
-0.000135596
-9.2003e-05
-0.000242195
-0.000433285
-0.000622665
-0.000706278
-0.000688216
-0.000674049
-0.000660741
-0.000656374
-0.000651669
-0.00064698
-0.000557331
-0.000449752
-0.000342938
-0.000318944
-0.000374554
-0.000427094
-0.000456382
-0.000276639
-0.000104972
6.68712e-05
0.000249618
0.000434571
0.0006193
0.000692928
0.000659784
0.000630709
0.000571923
0.000248191
-6.52709e-05
-0.000378885
-9.92555e-05
0.000305936
0.000706078
0.000873968
0.000818447
0.000771399
0.000760726
0.0010785
0.00138365
0.00168905
0.00178328
0.00183269
0.00188374
0.00171813
0.00134431
0.000978605
0.000678906
0.000971083
0.00124082
0.00151119
0.00160668
0.00166501
0.00172469
0.00164776
0.00143955
0.00123641
0.00106822
0.00121361
0.00134716
0.00148105
0.00165017
0.00182668
0.00200279
0.00199102
0.00179859
0.00161304
0.00143268
0.00129989
0.00116544
0.00103114
0.00115246
0.00132802
0.00150143
0.00150528
0.00134598
0.00119286
0.00107901
0.00131811
0.00154392
0.00177005
0.00157323
0.00128658
0.00100348
0.000997296
0.0012576
0.00150784
0.00174391
0.00185117
0.00196311
0.00207479
0.00172934
0.00128681
0.00084819
0.000589125
0.000502928
0.000410417
0.000366876
0.000759425
0.00113561
0.00151212
0.00155618
0.00152944
0.00150533
0.0014842
0.00146604
0.00144779
0.0014227
0.00133626
0.00125214
0.001168
0.000949589
0.000702689
0.000457016
0.000387182
0.000486596
0.000579738
0.000660686
0.000630861
0.000605111
0.00057923
0.000802445
0.00107864
0.00135269
0.00151771
0.00157771
0.00164149
0.00163885
0.00104268
0.000468579
-0.000105908
-0.000235738
-0.000270651
-0.000308995
-0.000242783
-7.60575e-05
8.68914e-05
0.000241008
0.000315703
0.000393228
0.000470594
0.000443196
0.000393451
0.000344553
0.000156169
-0.000166463
-0.000483997
-0.000749582
-0.000549889
-0.000367181
-0.00018399
-0.000258717
-0.000388484
-0.000516168
-0.000602041
-0.000647583
-0.000694547
-0.00074234
-0.000798287
-0.000853899
-0.000909484
-0.000942315
-0.000970267
-0.000998374
-0.000806863
-0.000403879
-8.79246e-06
0.000306792
-9.02582e-05
-0.000461416
-0.000833237
-0.000992374
-0.00110595
-0.00122108
-0.00116975
-0.000958146
-0.000752441
-0.000601943
-0.000946833
-0.00127374
-0.00160106
-0.00136031
-0.000998161
-0.000640608
-0.000423786
-0.000412976
-0.000394816
-0.000400408
-0.000616362
-0.000824656
-0.00103307
-0.00110875
-0.00115597
-0.00120417
-0.00117521
-0.00103343
-0.000895757
-0.000793612
-0.00101033
-0.00121557
-0.00142106
-0.00131379
-0.00113957
-0.00096786
-0.000905434
-0.001003
-0.00109482
-0.00117883
-0.00119154
-0.00120677
-0.0012219
-0.00107173
-0.000886208
-0.000702066
-0.000698716
-0.00095995
-0.00121165
-0.00138612
-0.000866928
-0.000372589
0.000122278
-0.000158834
-0.000606221
-0.00104743
-0.00136468
-0.00150032
-0.00164226
-0.00173759
-0.00141801
-0.00111325
-0.000808188
-0.000967295
-0.00122593
-0.00148088
-0.00164748
-0.00168466
-0.00172636
-0.0017667
-0.00179655
-0.00182673
-0.00185689
-0.00173958
-0.00159066
-0.00144296
-0.00138465
-0.00145722
-0.00152516
-0.00155753
-0.00126997
-0.000993797
-0.000717415
-0.000672981
-0.000678401
-0.000682079
-0.000577247
-0.000313475
-5.54257e-05
0.0001923
0.000347151
0.000505127
0.000662884
0.000676746
0.000659666
0.000643674
0.00075128
0.00103989
0.00132202
0.00157314
0.00154601
0.00152855
0.00151076
0.00139473
0.00125763
0.00112135
0.00105521
0.00109175
0.00112471
0.00115787
0.00119195
0.00122598
0.00125998
0.00130287
0.00134766
0.00139235
0.00151077
0.00173718
0.0019597
0.00214356
0.0019809
0.00183028
0.00167936
0.00142529
0.00114914
0.000873942
0.00076135
0.000886837
0.00100406
0.00110108
0.00101516
0.000935578
0.000855835
0.000764362
0.000670408
0.000576603
0.000541086
0.00059091
0.000637777
0.000688759
0.000775966
0.000861874
0.000947768
0.000845685
0.000703132
0.00056206
0.000533112
0.000668414
0.000798018
0.000923386
0.00100975
0.00109738
0.0011849
0.00141053
0.00166583
0.00191995
0.00202199
0.00190132
0.00178831
0.00169263
0.00175402
0.00181003
0.00186618
0.00170759
0.00150274
0.00129959
0.00118403
0.0011968
0.00120521
0.0012118
0.0012009
0.0011906
0.00118029
0.00122597
0.0012837
0.001341
0.0013994
0.00145942
0.00151935
0.0015733
0.00157402
0.00157653
0.00157898
0.00142185
0.00123033
0.00104009
0.000980293
0.0011116
0.00123638
0.00134468
0.00130387
0.00126811
0.00123221
0.00154124
0.00192467
0.00230534
0.00247653
0.00234077
0.00221539
0.0021233
0.00233196
0.00253041
0.00272906
0.00260505
0.00241134
0.00222008
0.00207922
0.00201227
0.0019429
0.00190455
0.0021432
0.00237244
0.00260184
0.00245389
0.00222436
0.00199771
0.0019009
0.00199443
0.00208156
0.00111514
-0.00929569
-0.0193851
-0.0294785
-0.039565
0.00300948
0.00123921
0.00113079
0.00124681
0.0013553
0.00144625
0.00137836
0.00131579
0.00125308
0.00120777
0.00116624
0.00112461
0.00115252
0.00134021
0.00152249
0.00170482
0.00144637
0.00115371
0.000862383
0.000679993
0.000566627
0.000451055
0.000375439
0.000391405
0.000404339
0.000417364
0.000428948
0.000440414
0.000451877
0.000472917
0.000500015
0.000526897
0.000588664
0.000730642
0.000869887
0.00100913
0.000872493
0.000714376
0.000557069
0.00057897
0.000714355
0.000845927
0.000886884
0.000719333
0.000558727
0.000397999
0.000484856
0.000591035
0.000696511
0.000641251
0.000484194
0.000330571
0.000169101
-1.02801e-05
-0.000188959
-0.000367544
-0.000393394
-0.000407262
-0.000421511
-0.000487942
-0.000587416
-0.000685749
-0.000606572
-0.000119237
0.000354485
0.000828342
0.000712423
0.000550298
0.000389781
0.000336929
0.00035233
0.000365502
0.000407857
0.000517156
0.000624211
0.00073127
0.000528907
0.00030235
7.67246e-05
-7.2757e-05
-0.00017394
-0.000276623
-0.000338538
-0.000306907
-0.000278324
-0.000249662
-0.000398388
-0.000560985
-0.000723028
-0.000683486
-0.000516192
-0.000353132
-0.000185828
-8.94442e-06
0.000167516
0.000343876
0.000183961
-2.35261e-06
-0.000187696
-0.000233001
-0.000189515
-0.000148915
-0.000148648
-0.000241319
-0.000330942
-0.000420605
-0.000543408
-0.000668756
-0.000793941
-0.000745696
-0.000587515
-0.000432963
-0.000351962
-0.000440258
-0.000523071
-0.000606007
-0.00067812
-0.000749338
-0.000820539
-0.000917295
-0.00103023
-0.00114258
-0.00124567
-0.00132751
-0.00140999
-0.00149238
-0.00145951
-0.00141753
-0.00137588
-0.00137135
-0.00139039
-0.00140866
-0.00139134
-0.00129213
-0.00119559
-0.00109902
-0.000995477
-0.000891435
-0.000787475
-0.000857014
-0.00103658
-0.00121254
-0.00129243
-0.00115125
-0.00101718
-0.000882967
-0.0010159
-0.00116994
-0.00132322
-0.00129835
-0.00116046
-0.00102624
-0.000986245
-0.00116317
-0.00133311
-0.00150317
-0.00158907
-0.00166825
-0.00174758
-0.00178033
-0.00178352
-0.00178764
-0.0018123
-0.00188427
-0.0019547
-0.00202514
-0.00212676
-0.00223081
-0.00233471
-0.00233891
-0.00227984
-0.0022228
-0.00217929
-0.00216702
-0.00215378
-0.00214057
-0.00225558
-0.00238074
-0.0025055
-0.0025417
-0.0025217
-0.00250347
-0.00250473
-0.00255094
-0.00259571
-0.0026405
-0.00268997
-0.00273977
-0.00278954
-0.0027687
-0.00270307
-0.00263887
-0.00260781
-0.00265301
-0.00269581
-0.00273865
-0.00274777
-0.0027542
-0.00276071
-0.00275075
-0.00273036
-0.0027103
-0.00272947
-0.00283893
-0.0029455
-0.0030521
-0.0029706
-0.00287413
-0.00277818
-0.00279425
-0.00288145
-0.00296639
-0.00304097
-0.00309162
-0.00314297
-0.00319428
-0.00320216
-0.00320656
-0.00321107
-0.00319246
-0.00315917
-0.00312635
-0.00310942
-0.00312902
-0.00314747
-0.00316596
-0.00317063
-0.00317419
-0.00317778
-0.00319092
-0.00321013
-0.00322914
-0.00325769
-0.0033082
-0.00335799
-0.00340778
-0.00340701
-0.0034078
-0.00340853
-0.00340314
-0.00339386
-0.0033847
-0.0033748
-0.00336321
-0.00335167
-0.00334014
-0.00333167
-0.00332345
-0.00331523
-0.00334668
-0.00340332
-0.00345915
-0.00350037
-0.00350796
-0.00351658
-0.00352515
-0.00352313
-0.00352025
-0.00351741
-0.00350844
-0.00349557
-0.00348284
-0.00347346
-0.00347178
-0.00346987
-0.00346797
-0.00348271
-0.00349879
-0.00351482
-0.00352362
-0.00352782
-0.00353217
-0.00354103
-0.00356031
-0.00357926
-0.00359821
-0.00359444
-0.00358885
-0.00358331
-0.00358995
-0.00360434
-0.00361847
-0.00359971
-0.00350521
-0.00341307
-0.00332091
-0.00331734
-0.00331108
-0.00330491
-0.0033025
-0.00330249
-0.00330241
-0.0032959
-0.00327459
