0
0.0189432
0.0173212
0.0174114
0.0173593
0.017098
0.0168299
0.0165628
0.0168739
0.0177139
0.0185089
0.0189405
0.0179391
0.0170576
0.0161676
0.0164966
0.0168599
0.0172198
0.0173865
0.0173759
0.0173799
0.0173723
0.017324
0.0172791
0.017234
0.0170991
0.0169618
0.016825
0.0167665
0.0167798
0.0167872
0.0165893
0.0155859
0.0146495
0.0137091
0.0145719
0.0154873
0.0163971
0.0164801
0.0158046
0.0151914
0.0147314
0.0148883
0.0149954
0.0151063
0.0154003
0.0156995
0.0159978
0.0157229
0.014922
0.0141645
0.0135665
0.0136034
0.0135896
0.0135798
0.0131226
0.0126522
0.0121835
0.0124546
0.0134052
0.0143004
0.0148477
0.0140193
0.0133013
0.0125756
0.0121671
0.0117693
0.0113712
0.0118493
0.0131324
0.01435
0.0153091
0.0152408
0.0152532
0.0152593
0.0143249
0.0133612
0.0124012
0.0118194
0.0115856
0.0113249
0.0110686
0.01082
0.0105711
0.0103227
0.0109734
0.011653
0.0123293
0.0125783
0.0124341
0.0123205
0.0121123
0.011542
0.0110007
0.0104579
0.0109064
0.0113876
0.0118655
0.0117113
0.0109746
0.0102839
0.00972911
0.0097177
0.0096646
0.00961479
0.0100285
0.0104576
0.0108848
0.0105877
0.00962306
0.00871086
0.00794815
0.00778312
0.00757281
0.00736628
0.00782978
0.00831605
0.00879986
0.00900486
0.00895262
0.00891995
0.00899045
0.00947115
0.00992011
0.0103708
0.00989865
0.00939445
0.00889343
0.00805742
0.00691263
0.00579278
0.00485305
0.00462193
0.004338
0.00405846
0.00428654
0.00453264
0.00477702
0.00503765
0.00531316
0.00558714
0.00560186
0.00460079
0.00367685
0.00274854
0.00333216
0.00397027
0.00460339
0.00481579
0.00463923
0.00449175
0.00433874
0.00417202
0.00400656
0.00384126
0.00330572
0.00275714
0.00221034
0.00187403
0.00173239
0.00157665
0.00147338
0.0015711
0.00165393
0.00173773
0.0013477
0.000940329
0.000534827
0.000855303
0.00184727
0.00278878
0.0033732
0.00254628
0.00182335
0.0010939
0.00148012
0.0019084
0.002333
0.00231336
0.00188241
0.00148188
0.00112844
0.000966822
0.000791565
0.000617546
0.000351139
8.15071e-05
-0.000187504
-0.000626463
-0.00122272
-0.00180681
-0.00228113
-0.00232379
-0.00239737
-0.00246863
-0.000444905
0.00165847
0.00375313
0.00398061
0.00247776
0.00110065
-0.000210357
-0.00123199
-0.00227279
-0.00331074
-0.00354739
-0.00375186
-0.00395834
-0.0035447
-0.00255642
-0.0016103
-0.00109205
-0.00226113
-0.00330913
-0.00436422
-0.00462413
-0.00485176
-0.00508135
-0.00535164
-0.00565983
-0.00596491
-0.00624633
-0.00643525
-0.0066304
-0.00682484
-0.00702272
-0.00722048
-0.00741798
-0.007523
-0.0075422
-0.00756737
-0.00764333
-0.00792048
-0.00818321
-0.00844657
-0.00862998
-0.00880987
-0.00898976
-0.00915765
-0.0093144
-0.00947171
-0.00963676
-0.00983298
-0.0100268
-0.0102205
-0.0105035
-0.0107899
-0.0110756
-0.0114286
-0.0118439
-0.0122543
-0.0126014
-0.0127003
-0.0128162
-0.0129307
-0.0130053
-0.0130781
-0.0131509
-0.0132239
-0.0132971
-0.0133701
-0.0134634
-0.0136364
-0.0138038
-0.0139713
-0.0140107
-0.0140446
-0.0140788
-0.0141219
-0.0141733
-0.0142241
-0.0142823
-0.0143695
-0.0144546
-0.0145398
-0.0146167
-0.0146933
-0.0147698
-0.014827
-0.0148664
-0.0149069
-0.0149565
-0.0150423
-0.0151256
-0.0152089
-0.015221
-0.0152201
-0.0152201
-0.015269
-0.0153633
-0.0154544
-0.0155277
-0.0155301
-0.0155373
-0.0155441
-0.0155741
-0.0156083
-0.0156421
-0.0156466
-0.0156237
-0.0156027
-0.0155907
-0.0156144
-0.0156357
-0.0156571
-0.0156826
-0.0157087
-0.0157347
-0.0157497
-0.0157543
-0.0157597
-0.0157839
-0.0158827
-0.0159765
-0.0160705
-0.0161142
-0.0161487
-0.0161837
-0.0161967
-0.0161892
-0.016183
-0.0161597
-0.0160695
-0.0159837
-0.0158978
-0.0159277
-0.0159788
-0.0160285
-0.0160336
-0.015997
-0.0159632
-0.015921
-0.0158461
-0.0157735
-0.0157009
-0.015693
-0.0156971
-0.0157005
-0.0157225
-0.0157621
-0.0158004
-0.0158393
-0.0158799
-0.0159204
-0.0159608
-0.0158675
-0.0157496
-0.0156334
-0.0155124
-0.0153869
-0.0152619
-0.0151715
-0.0152168
-0.0152534
-0.0152904
-0.0152272
-0.0151455
-0.0150652
-0.0150179
-0.0150015
-0.0149833
-0.0149678
-0.014963
-0.0149575
-0.014952
-0.0148785
-0.0147924
-0.0147073
-0.0146801
-0.0147073
-0.0147309
-0.014731
-0.0146374
-0.0145499
-0.0144621
-0.0143632
-0.0142623
-0.0141617
-0.0140919
-0.0140509
-0.0140082
-0.0139773
-0.0139928
-0.0140052
-0.0140179
-0.0140203
-0.0140209
-0.0140216
-0.0139898
-0.0139277
-0.0138676
-0.0138325
-0.0138962
-0.0139537
-0.0140114
-0.0139796
-0.0139311
-0.0138836
-0.0138589
-0.0138556
-0.0138509
-0.0138339
-0.0137675
-0.0137044
-0.0136411
-0.0136565
-0.0136867
-0.0137159
-0.0137216
-0.0137051
-0.0136901
-0.0136791
-0.0136841
-0.013688
-0.0136921
-0.0136799
-0.0136647
-0.0136497
-0.0136281
-0.0136004
-0.0135732
-0.0135439
-0.0135065
-0.0134697
-0.0134329
-0.0134804
-0.0135437
-0.013606
-0.013658
-0.0137004
-0.0137433
-0.0137685
-0.0137243
-0.0136844
-0.0136442
-0.0133987
-0.0131147
-0.0128334
-0.0124321
-0.0119183
-0.0114121
-0.0109952
-0.0109297
-0.0108429
-0.0107575
-0.0104858
-0.0101793
-0.00987528
-0.00946022
-0.00894122
-0.00842915
-0.00799455
-0.00786469
-0.00771654
-0.00756969
-0.00726546
-0.00693177
-0.00660025
-0.00640243
-0.00633012
-0.00625034
-0.00610642
-0.00570792
-0.00532521
-0.00494202
-0.00420301
-0.00339724
-0.00259643
-0.00217054
-0.00209671
-0.00200189
-0.00176574
-0.000967873
-0.000204536
0.000559952
0.00087126
0.00109625
0.00132613
0.00161593
0.00196228
0.00230486
0.0026934
0.00326322
0.0038216
0.00438
0.00506866
0.00578148
0.00649203
0.00712109
0.00767349
0.00822977
0.00871628
0.00893095
0.00916142
0.00939069
0.00959574
0.00979597
0.00999625
0.010257
0.0105745
0.0108883
0.0112366
0.011721
0.0121969
0.0126727
0.0127693
0.0127935
0.0128219
0.0130141
0.0133605
0.0136975
0.0140049
0.0141953
0.0143922
0.0145885
0.014691
0.0147753
0.0148606
0.0148391
0.0147171
0.0146011
0.0145475
0.0147403
0.0149185
0.0150974
0.0150589
0.0149786
0.0149009
0.0148871
0.0149336
0.0149766
0.015047
0.0152244
0.0153955
0.0155667
0.0155355
0.0154655
0.0153979
0.0151671
0.0147831
0.0144083
0.0141326
0.0142484
0.0143416
0.0144359
0.0144091
0.014359
0.0143103
0.0142191
0.0140879
0.0139592
0.0137329
0.0131219
0.0125335
0.0119445
0.0118565
0.0118651
0.0118682
0.0117131
0.0114086
0.0111129
0.0109101
0.011074
0.0112169
0.0113608
0.0114864
0.0116084
0.0117304
0.0116363
0.0113387
0.0110529
0.0107984
0.0106689
0.0105325
0.0103966
0.0106933
0.0110732
0.0114481
0.0113217
0.0107228
0.0101512
0.00975395
0.0100481
0.010303
0.01056
0.0107159
0.0108522
0.0109894
0.0108306
0.0103928
0.00997107
0.00956436
0.00929593
0.0090201
0.00874498
0.00830672
0.00783719
0.00736993
0.00743861
0.00801268
0.00855803
0.00899694
0.00847487
0.00800668
0.00753603
0.00765295
0.00788386
0.0081082
0.00832667
0.00853923
0.00875189
0.00892066
0.00869905
0.00849922
0.00829841
0.00762371
0.00685737
0.00609692
0.00615925
0.00699808
0.00779333
0.00842509
0.00758081
0.00681843
0.0060524
0.00655332
0.00730062
0.00803362
0.00788551
0.00690516
0.00597135
0.00513648
0.00520075
0.00521589
0.0052337
0.00579829
0.00646914
0.00713348
0.00711181
0.00644219
0.00580853
0.00521009
0.00493869
0.00464985
0.00436226
0.00457685
0.00488941
0.00519633
0.00528596
0.00517008
0.00506545
0.00499404
0.00522427
0.00543797
0.00565234
0.00531102
0.00486123
0.00441776
0.00439521
0.00477061
0.00512421
0.00546182
0.00564907
0.00584419
0.00603867
0.00601331
0.00594486
0.0058788
0.00590498
0.00601844
0.00612712
0.00620001
0.00595161
0.00572063
0.00548897
0.00558082
0.00573609
0.00588782
0.00584377
0.00561447
0.00539527
0.00517813
0.00498243
0.0047858
0.00458942
0.00427235
0.00393181
0.00359287
0.00329448
0.0030345
0.00277276
0.00262081
0.0034475
0.00422161
0.00499769
0.0043797
0.00348778
0.00261125
0.00192271
0.00141278
0.000893984
0.000430022
0.000447817
0.000440277
0.000434075
0.000679779
0.000974967
0.00126725
0.00112631
0.000575376
4.64819e-05
-0.000420637
-0.000329421
-0.000267487
-0.000204087
-0.000343378
-0.000522555
-0.000699465
-0.000566874
-0.000141278
0.000268615
0.000555744
-0.000258841
-0.00101529
-0.00177397
-0.00211868
-0.00238132
-0.00264794
-0.0029435
-0.00326666
-0.00358806
-0.00390287
-0.00416061
-0.00442103
-0.00468105
-0.00493831
-0.00519482
-0.00545111
-0.00567962
-0.00588181
-0.00608516
-0.00627343
-0.00632917
-0.00639166
-0.00645375
-0.00660802
-0.00678045
-0.00695176
-0.00708705
-0.00718814
-0.00729088
-0.00738445
-0.00739761
-0.00741487
-0.00743191
-0.00753822
-0.00766216
-0.00778508
-0.00788569
-0.00796511
-0.00804553
-0.00811804
-0.00812102
-0.00812754
-0.00813387
-0.00822039
-0.00832279
-0.00842427
-0.00849642
-0.00854072
-0.00858639
-0.00863626
-0.00872462
-0.00881095
-0.00889729
-0.00889884
-0.00888353
-0.00886908
-0.00886963
-0.00888444
-0.00889852
-0.00892017
-0.00900937
-0.00909507
-0.00918086
-0.00920428
-0.00921525
-0.00922684
-0.00924701
-0.00927536
-0.00930327
-0.00933234
-0.00937183
-0.00941076
-0.00944968
-0.00943752
-0.00941519
-0.00939338
-0.00942483
-0.00950682
-0.00958621
-0.00965909
-0.00967333
-0.00969048
-0.00970747
-0.0277634
-0.0494096
-0.0584874
-0.00746452
-0.00999613
-0.00986082
-0.00985869
-0.0098539
-0.00984924
-0.00984458
-0.00985557
-0.00986968
-0.00988362
-0.00991839
-0.00997294
-0.0100265
-0.0100724
-0.0100501
-0.0100313
-0.0100123
-0.00995859
-0.00989799
-0.00983779
-0.00984086
-0.00990398
-0.00996409
-0.0100182
-0.0100181
-0.0100206
-0.010023
-0.0100266
-0.0100304
-0.0100343
-0.0100127
-0.009967
-0.00992254
-0.00988878
-0.00995088
-0.0100082
-0.0100658
-0.0101054
-0.0101415
-0.0101777
-0.0101652
-0.0101063
-0.0100497
-0.00999674
-0.00997673
-0.00995513
-0.00993363
-0.00992159
-0.00991145
-0.00990123
-0.00988754
-0.00987055
-0.00985373
-0.00983968
-0.00985028
-0.00985968
-0.00986913
-0.00980109
-0.0097175
-0.00963474
-0.00959519
-0.00959673
-0.00959628
-0.00960004
-0.00964056
-0.00967927
-0.00971803
-0.0096738
-0.00961289
-0.00955283
-0.00952904
-0.00953975
-0.00954878
-0.00955721
-0.00955949
-0.00956207
-0.00956463
-0.00951835
-0.00946226
-0.00940669
-0.00938926
-0.00940813
-0.00942524
-0.00943857
-0.00941749
-0.00939807
-0.00937859
-0.00935914
-0.0093397
-0.00932027
-0.00931652
-0.00932768
-0.00933811
-0.00933708
-0.00923321
-0.00913433
-0.00903531
-0.0090412
-0.00906828
-0.00909433
-0.00909273
-0.00906479
-0.00903812
-0.00901135
-0.00898396
-0.00895662
-0.00892931
-0.00890775
-0.00888738
-0.00886696
-0.00882391
-0.00875932
-0.0086958
-0.00864782
-0.00873883
-0.00882321
-0.00890782
-0.00895127
-0.00898635
-0.00902179
-0.00899576
-0.00891125
-0.00882956
-0.00875397
-0.00873351
-0.00871049
-0.00868761
-0.0085898
-0.00847686
-0.00836474
-0.00820964
-0.00801367
-0.0078198
-0.00764607
-0.00765203
-0.00764959
-0.00764755
-0.00759351
-0.00752894
-0.00746493
-0.00728207
-0.0069861
-0.00669566
-0.00637304
-0.00576268
-0.00516624
-0.00456972
-0.00480283
-0.00520442
-0.00559782
-0.00544884
-0.00478298
-0.00414165
-0.0035854
-0.00379589
-0.00397073
-0.00414706
-0.00373865
-0.00321156
-0.00269043
-0.00171285
-0.000300782
0.00108996
0.00240721
0.00306815
0.00375869
0.00444723
0.00557772
0.00679744
0.00801193
0.00919603
0.0103509
0.0115061
0.0125961
0.0131111
0.013652
0.0141913
0.0147335
0.0152758
0.0158177
0.016237
0.0165396
0.0168473
0.0171447
0.0173541
0.0175674
0.0177804
0.0177126
0.0175876
0.0174652
0.0173708
0.017303
0.017234
0.0171607
0.0170475
0.0169363
0.016825
0.0168689
0.0169444
0.0170184
0.0170033
0.0169031
0.0168068
0.0167217
0.0167372
0.0167481
0.0167592
0.0167243
0.01668
0.0166362
0.016471
0.01619
0.0159145
0.015646
0.0154396
0.0152307
0.015022
0.0145826
0.0140961
0.0136123
0.0133466
0.0132892
0.0132225
0.0131499
0.0130196
0.012892
0.0127645
0.0128106
0.0128922
0.0129722
0.0127683
0.0122936
0.0118314
0.0114358
0.0116389
0.0118152
0.0119925
0.0117689
0.0114633
0.0111617
0.0108973
0.0106688
0.010439
0.0102195
0.0100915
0.00995958
0.00982792
0.00987052
0.00994888
0.0100256
0.0101245
0.0102445
0.0103635
0.0104464
0.0102064
0.00998079
0.00975479
0.00930211
0.00880312
0.00830662
0.00796585
0.00777384
0.00757546
0.00737331
0.00713355
0.00689565
0.00665789
0.00681566
0.00705471
0.00728998
0.00764098
0.00810231
0.0085584
0.00885329
0.00770644
0.00662373
0.00553917
0.00559296
0.00588112
0.00615878
0.00636164
0.00649263
0.00662664
0.00670157
0.00624982
0.00582144
0.00539241
0.00545602
0.00562113
0.00578168
0.00601594
0.0063204
0.00662155
0.00680989
0.00598918
0.005213
0.00443555
0.004333
0.00436973
0.0044004
0.0045302
0.00475444
0.0049744
0.00513226
0.00473393
0.00436
0.00398534
0.00369376
0.00341952
0.00314477
0.00297915
0.00291779
0.00285198
0.00279079
0.00276874
0.00274501
0.00272138
0.00242458
0.00207152
0.00172117
0.00137827
0.00104259
0.000706892
0.000425802
0.00063129
0.000815746
0.00100094
0.000990768
0.000940188
0.00089138
0.000879134
0.000901916
0.000923181
0.000913754
0.000629109
0.000356454
8.35199e-05
-0.000173663
-0.000427422
-0.000681112
-0.00110857
-0.00170218
-0.00228821
-0.00284369
-0.00312679
-0.00342123
-0.00371493
-0.00395695
-0.00418809
-0.00441949
-0.00454359
-0.00456508
-0.0045909
-0.00462815
-0.00476959
-0.0049065
-0.00504348
-0.00521417
-0.00539174
-0.00556888
-0.00568103
-0.00573101
-0.00578357
-0.00583653
-0.00589443
-0.00595208
-0.00600969
-0.00609584
-0.00618785
-0.00627954
-0.00631778
-0.00630486
-0.0062941
-0.00630144
-0.0064715
-0.00663459
-0.00679783
-0.00682778
-0.00683001
-0.00683341
-0.00680586
-0.00674877
-0.00669295
-0.00665281
-0.00675305
-0.00684735
-0.00694181
-0.0070038
-0.007059
-0.00711443
-0.00714684
-0.00715722
-0.00716851
-0.00718245
-0.00722051
-0.00725754
-0.00729458
-0.00727917
-0.00725285
-0.00722701
-0.00723817
-0.00728476
-0.00732984
-0.00737887
-0.00746298
-0.00754556
-0.00762814
-0.00763838
-0.00763354
-0.00762933
-0.00762207
-0.00761192
-0.0076019
-0.0076
-0.00767076
-0.00773846
-0.00780623
-0.00780097
-0.00778048
-0.00776064
-0.00777981
-0.00783636
-0.00789133
-0.00793939
-0.00792543
-0.00791403
-0.00790253
-0.00789105
-0.00787957
-0.0078681
-0.00788874
-0.00794013
-0.00799022
-0.00804111
-0.00809902
-0.00815659
-0.00821414
-0.00818735
-0.00814298
-0.00809936
-0.00806658
-0.00804421
-0.00802143
-0.00800703
-0.00806738
-0.00812463
-0.00818197
-0.00816815
-0.00813948
-0.00811143
-0.00812505
-0.0081786
-0.00823049
-0.00827371
-0.00823905
-0.00820759
-0.00817602
-0.00816611
-0.00816074
-0.0081552
-0.00812765
-0.00807902
-0.00803128
-0.00799063
-0.00801356
-0.0080339
-0.00805433
-0.00803751
-0.00801292
-0.00798865
-0.00799736
-0.00803768
-0.0080767
-0.00810817
-0.00807189
-0.00803837
-0.00800477
-0.00801412
-0.00803246
-0.00805042
-0.00804147
-0.00800669
-0.00797298
-0.00794256
-0.00794181
-0.00793987
-0.00793798
-0.00787779
-0.00780542
-0.00773359
-0.00768345
-0.00765414
-0.00762401
-0.00759895
-0.00761871
-0.00763667
-0.00765469
-0.00764559
-0.00763081
-0.00761627
-0.00760894
-0.00760855
-0.00760788
-0.00760252
-0.00755507
-0.00750933
-0.00746357
-0.00744579
-0.0074339
-0.00742179
-0.00736545
-0.00726669
-0.00716968
-0.00701746
-0.00637067
-0.005744
-0.00511703
-0.00540363
-0.00588199
-0.0063524
-0.00647346
-0.00625911
-0.00605818
-0.00580452
-0.0050822
-0.00437895
-0.0036755
-0.00313423
-0.00262738
-0.00211957
-0.00188301
-0.00190664
-0.00192002
-0.00191498
-0.00174158
-0.00157492
-0.00140814
-0.000767118
-2.66821e-05
0.000709269
0.00115769
0.00133003
0.00151306
0.0019673
0.00485555
0.00764618
0.0104385
0.0114684
0.0121267
0.012799
0.0127631
0.012048
0.0113601
0.0108455
0.0118892
0.0128713
0.013855
0.0142122
0.0144372
0.0146672
0.0146378
0.0143596
0.0140913
0.0138439
0.0137845
0.0137178
0.0136515
0.0132171
0.0127054
0.012197
0.0122836
0.0129415
0.0135768
0.0140777
0.0133722
0.0127139
0.0120543
0.0123415
0.0128283
0.013307
0.0132942
0.012809
0.0123424
0.0119923
0.0126886
0.013344
0.0140005
0.013797
0.013412
0.0130342
0.0125994
0.0121099
0.011623
0.0112035
0.0113865
0.0115462
0.0117067
0.0117591
0.0117887
0.011819
0.0116831
0.0113873
0.0110979
0.0108142
0.0105819
0.0103479
0.0101141
0.0102327
0.0104258
0.0106159
0.0110041
0.0115826
0.0121533
0.0125604
0.0115034
0.0105031
0.0095013
0.00926502
0.00919087
0.0091106
0.00928752
0.00971133
0.0101254
0.0105142
0.010675
0.0108444
0.0110133
0.0109715
0.010885
0.0108002
0.0108906
0.0111495
0.0114017
0.0115827
0.0111253
0.0106924
0.0102589
0.00944357
0.00854776
0.00765566
0.00726081
0.00734404
0.00740916
0.0075332
0.00817927
0.00880518
0.00943139
0.00901527
0.00837836
0.00775023
0.00747205
0.00753058
0.00757641
0.00761202
0.00755205
0.0074957
0.00743927
0.0074229
0.00741505
0.00740688
0.0072748
0.00702357
0.00677698
0.00658649
0.00689849
0.00719146
0.00748493
0.00729602
0.0070048
0.00671762
0.00655565
0.00651423
0.00646835
0.006476
0.0069614
0.00742864
0.0078962
0.00780271
0.00759006
0.007382
0.00740575
0.00765259
0.00789095
0.00810217
0.0080688
0.00804453
0.00801995
0.00793603
0.00783954
0.00774358
0.00721413
0.00626775
0.00533752
0.00450835
0.00458447
0.00462705
0.00467083
0.00442954
0.00412774
0.0038284
0.00374607
0.00387258
0.0039913
0.00406398
0.00372235
0.00339625
0.00306982
0.00322402
0.00348047
0.00373296
0.00426777
0.00507404
0.00586973
0.0065008
0.0056581
0.00487013
0.00408073
0.00427679
0.00468267
0.00508055
0.00504324
0.00458688
0.00414619
0.00380729
0.00438288
0.00492458
0.00546713
0.00516099
0.0046741
0.00419418
0.00399717
0.0040727
0.00413823
0.00415642
0.00374755
0.00335454
0.00296125
0.00287735
0.00285949
0.00283925
0.0032641
0.00411729
0.00495429
0.00564134
0.00498448
0.00437691
0.003768
0.0036057
0.00353881
0.00346851
0.00325814
0.00291279
0.00257258
0.00230941
0.00273611
0.00313754
0.00353959
0.00440513
0.0053692
0.00632901
0.00629236
0.00529614
0.00433529
0.0034942
0.00373208
0.00393088
0.00413094
0.00371842
0.00317522
0.00263712
0.00265424
0.00320619
0.00373851
0.00429047
0.00501523
0.00573326
0.00645101
0.00572067
0.00468107
0.00365332
0.00322541
0.00337564
0.00350504
0.00358436
0.00320904
0.00285027
0.00249117
0.00284231
0.00334523
0.00384236
0.00406965
0.00390201
0.00374859
0.00364476
0.00398891
0.00431684
0.00464511
0.00433513
0.00388868
0.0034474
0.00319024
0.00320257
0.00320531
0.00320245
0.00314646
0.00309239
0.00303829
0.00300308
0.00297193
0.00294066
0.00303033
0.00329696
0.00355713
0.00382981
0.00421395
0.00459387
0.00497368
0.00477589
0.0044544
0.00413752
0.00384117
0.003575
0.00330795
0.00309025
0.00331299
0.00352003
0.00372747
0.00354042
0.00326887
0.00300048
0.00294323
0.00319504
0.0034358
0.00371048
0.00428702
0.00485253
0.00541803
0.00474117
0.00379805
0.00286495
0.00232053
0.0023452
0.00234989
0.00232499
0.00202861
0.00174194
0.00145514
0.00151012
0.00163845
0.00176413
0.00176925
0.00159781
0.00143265
0.00129547
0.00140992
0.00151551
0.00162133
0.00236508
0.00324549
0.00412052
0.00434807
0.00362779
0.00294103
0.00236367
0.00277335
0.00314838
0.00352436
0.00347757
0.00333992
0.00320554
0.00334658
0.00389101
0.00442105
0.00484635
0.00433152
0.00384966
0.00336699
0.00343223
0.00361527
0.00379412
0.00371418
0.00325519
0.00280963
0.00246758
0.00305486
0.00360961
0.0041651
0.00392232
0.00350787
0.00309964
0.00325771
0.00424521
0.00520342
0.00598096
0.00513553
0.0043466
0.00355625
0.00297766
0.00244495
0.00191103
0.00172305
0.00204143
0.00234219
0.00259129
0.00237372
0.00217233
0.00197051
0.00191903
0.00189996
0.0018798
0.00213194
0.00278283
0.00341961
0.00394792
0.00350329
0.00309226
0.00268035
0.00235517
0.00204884
0.00174208
0.0019703
0.00298193
0.00396614
0.0047885
0.00415731
0.0035761
0.00299359
0.00294515
0.00301191
0.00307471
0.00313097
0.00317748
0.00322429
0.00324129
0.00299137
0.0027507
0.00250988
0.00234536
0.0021974
0.00204898
0.0017985
0.00139844
0.00100372
0.000745248
0.00170739
0.00262755
0.00354851
0.00335155
0.00291331
0.00248353
0.00212952
0.00188679
0.00164046
0.00140241
0.00123605
0.00106738
0.000898912
0.000827483
0.000777055
0.000725954
0.000656713
0.000560842
0.000465932
0.000394614
0.000534529
0.000667245
0.000800114
0.000671027
0.000485386
0.000301769
0.000367044
0.000797049
0.00121453
0.00166975
0.00246181
0.00324204
0.00402214
0.00371149
0.00316512
0.00262701
0.00233497
0.00240378
0.00246047
0.0025314
0.0027267
0.0029177
0.00310873
0.00234121
0.00136667
0.000399695
0.000310083
0.00150629
0.00265885
0.00249967
-0.00942357
-0.0209471
-0.0324763
-0.0439976
0.00243848
0.000949058
0.00086441
0.000448998
4.48509e-05
-0.000288953
8.95686e-06
0.000285703
0.000562968
0.00087773
0.00120046
0.00152272
0.0017144
0.00160616
0.00150793
0.00140943
0.00149596
0.00159685
0.0016972
0.00158594
0.00134074
0.00110012
0.00105257
0.00144899
0.0018305
0.00221225
0.00191909
0.00157344
0.00122974
0.00125404
0.00151134
0.0017608
0.00187128
0.00166185
0.00146309
0.0012641
0.00150703
0.00178436
0.00206037
0.00215831
0.00214344
0.00213228
0.00182091
0.000819591
-0.000158455
-0.00113662
-0.000473335
0.000318005
0.00110463
0.000853558
-5.47359e-05
-0.000940937
-0.00149344
-0.00127779
-0.00108738
-0.000896267
-0.000740015
-0.000586583
-0.000433159
-0.000340342
-0.000285933
-0.000230308
-4.81454e-05
0.00042511
0.000888575
0.00135206
0.0015149
0.00165407
0.00179391
0.00120578
0.000156615
-0.000876888
-0.00138224
-0.000672827
-3.31909e-06
0.000667049
0.000201025
-0.00035401
-0.0009058
-0.00132178
-0.00165156
-0.00198391
-0.00224836
-0.00235714
-0.00247088
-0.00258439
-0.00256169
-0.00252829
-0.00249525
-0.00264198
-0.00290262
-0.00315941
-0.00331754
-0.00324873
-0.00318728
-0.00312564
-0.00318718
-0.00325839
-0.00332924
-0.0033901
-0.00344461
-0.00349929
-0.00354775
-0.00358194
-0.00361657
-0.00365117
-0.00370954
-0.00376974
-0.00382985
-0.00378136
-0.00366403
-0.00354898
-0.00348308
-0.00353029
-0.00357383
-0.00361747
-0.0036667
-0.00371635
-0.00376595
-0.00382599
-0.00389265
-0.00395904
-0.00398276
-0.00390835
-0.00383712
-0.00376584
-0.00391294
-0.00407723
-0.00424086
-0.00421476
-0.00406834
-0.00392585
-0.00388724
-0.00408774
-0.00428051
-0.00447339
-0.00446243
-0.00443532
-0.00440875
-0.00449202
-0.00464495
-0.00479557
-0.00487471
-0.00478939
-0.00470935
-0.00462919
-0.00463685
-0.00465148
-0.00466587
-0.0047281
-0.00482065
-0.00491217
-0.00499082
-0.00503982
-0.00508972
-0.00513957
-0.00520377
-0.00526908
-0.0053343
-0.00529552
-0.00519074
-0.00508811
-0.00498529
-0.00488209
-0.00477896
-0.00467589
-0.00482539
-0.00499489
-0.00516364
-0.00515651
-0.00503775
-0.00492258
-0.00484312
-0.00484594
-0.00484618
-0.0048465
-0.00495229
-0.00506641
-0.0051802
-0.00523685
-0.0052572
-0.00527868
-0.00524096
-0.00506711
-0.00489763
-0.00472813
-0.00495899
-0.00522164
-0.00548312
-0.00558002
-0.00557239
-0.00556805
-0.00552362
-0.00538721
-0.00525376
-0.0051203
-0.00511012
-0.00510979
-0.00510915
-0.00511023
-0.00511238
-0.0051145
-0.0050811
-0.00496599
-0.0048535
-0.00474099
-0.00492856
-0.00514
-0.00535056
-0.00545074
-0.0054808
-0.00551301
-0.00548725
-0.00532828
-0.00517354
-0.00501877
-0.00526185
-0.00553662
-0.00581023
-0.00580296
-0.00561727
-0.00543723
-0.00528527
-0.00519816
-0.0051091
-0.00502016
-0.00513048
-0.00525671
-0.00538236
-0.00550458
-0.00562458
-0.00574458
-0.00578533
-0.00564383
-0.00550803
-0.00537214
-0.00542639
-0.00547474
-0.00552324
-0.00548075
-0.00538048
-0.00528206
-0.0052671
-0.00544427
-0.00561543
-0.00578666
-0.00569512
-0.00558253
-0.00547066
-0.00541973
-0.00540753
-0.00539415
-0.00541233
-0.00550307
-0.00559153
-0.00568
-0.00568567
-0.00568468
-0.0056839
-0.00574269
-0.00583934
-0.00593477
-0.0059815
-0.00591616
-0.00585429
-0.00579235
-0.00569042
-0.00558532
-0.00548038
-0.00546878
-0.00551649
-0.00556236
-0.00560782
-0.00565227
-0.00569671
-0.00574113
-0.00580593
-0.00587234
-0.00593866
-0.00595624
-0.00594282
-0.00593036
-0.00591511
-0.00589351
-0.00587211
-0.00585072
-0.0057522
-0.00565609
-0.00555997
-0.00556808
-0.00564246
-0.00571477
-0.00575353
-0.00571495
