0
0.0159907
0.0143495
0.0141768
0.0138824
0.0139601
0.0140469
0.0141329
0.0142228
0.0143164
0.0144096
0.0144946
0.0145481
0.0146041
0.0146599
0.0148683
0.0150808
0.0152927
0.0152018
0.0148339
0.0144892
0.0142098
0.0141912
0.0141514
0.0141134
0.0137476
0.0133728
0.0129993
0.0129967
0.013334
0.0136432
0.0138236
0.0134927
0.0132039
0.0129121
0.013137
0.0133771
0.0136155
0.0134955
0.0130468
0.0126252
0.0123286
0.012528
0.0126872
0.0128493
0.0126297
0.0123988
0.0121692
0.0119787
0.0118242
0.0116671
0.0115928
0.0118412
0.0120635
0.0122874
0.0119474
0.0115903
0.0112351
0.0109036
0.0105939
0.010283
0.0100261
0.00997844
0.00991433
0.00985162
0.00969423
0.00953406
0.00937436
0.00907735
0.00865422
0.00824169
0.00792863
0.00800656
0.00805366
0.00810311
0.00762338
0.00712716
0.00663301
0.00643261
0.00650248
0.00655113
0.00671301
0.00731208
0.00787615
0.00844205
0.00809662
0.00772152
0.00734931
0.00733967
0.00766385
0.00796165
0.00821643
0.0082959
0.0083888
0.00848052
0.00838339
0.00828002
0.00817729
0.00822017
0.00839717
0.00856357
0.0087161
0.00881173
0.00891159
0.00901096
0.00882729
0.00863417
0.00844206
0.00821817
0.00796509
0.00771462
0.0074759
0.00728283
0.00708659
0.00689088
0.00700482
0.0071294
0.00725299
0.00735902
0.00744878
0.00753965
0.00761469
0.00762847
0.00764686
0.00766487
0.00732261
0.00696805
0.00661494
0.00643115
0.00640366
0.00636446
0.00629432
0.00609921
0.00591377
0.00572788
0.00547609
0.00522225
0.00496895
0.00476742
0.0046137
0.00445664
0.00433216
0.00433369
0.00432584
0.00431869
0.00426243
0.00420444
0.00414667
0.00397118
0.00368698
0.00341125
0.00320752
0.00328746
0.00334631
0.00340663
0.00345131
0.00349536
0.00353938
0.0034703
0.00329668
0.00313099
0.00298278
0.0029047
0.00282159
0.00273897
0.00250165
0.00225882
0.00201675
0.00178214
0.00155448
0.00132666
0.00110802
0.000924365
0.000738432
0.000552935
0.000709825
0.000879593
0.00104818
0.000964265
0.000646624
0.00034638
5.0577e-05
-0.000224069
-0.000499848
-0.000775147
-0.000992572
-0.00120747
-0.00142225
-0.00175484
-0.0021965
-0.00262968
-0.00301449
-0.0032089
-0.00341671
-0.00362325
-0.00376485
-0.0039037
-0.00404255
-0.00416724
-0.00427882
-0.00439117
-0.00449595
-0.00457172
-0.00464946
-0.00472694
-0.00489814
-0.00507284
-0.00524704
-0.00536688
-0.00543629
-0.00550918
-0.00559461
-0.00573053
-0.00586269
-0.00599492
-0.00588366
-0.00576274
-0.00564267
-0.00564477
-0.00576023
-0.00586755
-0.00598808
-0.00615866
-0.00632548
-0.00649234
-0.00658167
-0.00666773
-0.00675389
-0.00677031
-0.00672201
-0.00667831
-0.00666145
-0.00675108
-0.00683316
-0.00691565
-0.00695496
-0.00699244
-0.00702999
-0.00703972
-0.00702363
-0.00700934
-0.00700295
-0.00702796
-0.00705075
-0.00707367
-0.0070976
-0.00712155
-0.00714546
-0.0071583
-0.00716083
-0.00716408
-0.00713261
-0.00696499
-0.00680697
-0.00664851
-0.00660382
-0.00656397
-0.00652384
-0.00650608
-0.00650906
-0.00651063
-0.00652473
-0.0065877
-0.00664725
-0.00670695
-0.0066473
-0.00658264
-0.0065184
-0.00628089
-0.00588228
-0.00549517
-0.00512222
-0.00480646
-0.00448725
-0.0041687
-0.00449655
-0.00485189
-0.00520489
-0.00542391
-0.00551812
-0.00562064
-0.00571823
-0.00579907
-0.00588094
-0.00596263
-0.00600562
-0.00604151
-0.00607783
-0.00610898
-0.00613534
-0.006162
-0.00622943
-0.00645729
-0.0066741
-0.00689136
-0.00683025
-0.00671836
-0.00661002
-0.00660171
-0.00668681
-0.00676557
-0.00685274
-0.00697161
-0.00708822
-0.00720482
-0.00729218
-0.0073741
-0.00745626
-0.00748003
-0.0074494
-0.00742242
-0.00739459
-0.0073643
-0.00733422
-0.00730417
-0.0073087
-0.00731957
-0.00733001
-0.00733447
-0.00733334
-0.00733258
-0.0073453
-0.00741114
-0.0074734
-0.00753582
-0.00735348
-0.00712629
-0.00690233
-0.00656343
-0.00611754
-0.00567923
-0.00530288
-0.0051704
-0.00502219
-0.00487519
-0.00472301
-0.00457004
-0.00441732
-0.00415051
-0.00377725
-0.00341139
-0.00310163
-0.0030129
-0.00290995
-0.00280806
-0.00241493
-0.00196838
-0.00152585
-0.00132051
-0.00133682
-0.00133882
-0.00130416
-0.00112173
-0.000949051
-0.000775966
-0.00042875
-4.96051e-05
0.000327002
0.000461137
0.000368656
0.00029082
0.000315513
0.00074681
0.00115154
0.00155745
0.00157824
0.00152753
0.00148145
0.00155978
0.00175465
0.00194186
0.00209855
0.00213402
0.00217716
0.00221975
0.00218495
0.00213578
0.00208758
0.00206531
0.00206733
0.00206781
0.00204903
0.00195411
0.00186411
0.00177392
0.00181769
0.00188639
0.00195343
0.00195752
0.00190263
0.00185152
0.00183642
0.00196369
0.00208186
0.00220046
0.00227637
0.00234423
0.00241252
0.00260205
0.00290506
0.00320059
0.00345395
0.00354063
0.00363759
0.0037338
0.00366783
0.00357153
0.00347725
0.00329438
0.00302873
0.00276855
0.00256401
0.00257876
0.00257989
0.00258187
0.00255836
0.0025301
0.00250218
0.00252764
0.00260312
0.00267542
0.00267406
0.00238236
0.00210892
0.00183469
0.00165228
0.0014873
0.00132145
0.00125079
0.00126924
0.0012822
0.00131379
0.00141738
0.00151643
0.00161564
0.00148599
0.00131333
0.00114352
0.000658312
-0.000122292
-0.000883933
-0.00150877
-0.00159339
-0.00171079
-0.00182605
-0.00158618
-0.00127946
-0.000977163
-0.000926879
-0.00111313
-0.00128482
-0.00150955
-0.00194013
-0.00235773
-0.00277561
-0.00299281
-0.00317186
-0.00335299
-0.00349997
-0.00361503
-0.00373188
-0.00383039
-0.00385755
-0.00388897
-0.00392009
-0.00394478
-0.00396821
-0.00399169
-0.00407418
-0.00421205
-0.00434644
-0.00446911
-0.00454529
-0.00462416
-0.00470278
-0.00480367
-0.00490869
-0.00501334
-0.00504114
-0.00499677
-0.00495676
-0.00491466
-0.00486528
-0.00481639
-0.00476753
-0.00485422
-0.00496662
-0.00507737
-0.0052159
-0.00538044
-0.00554324
-0.00566283
-0.00561243
-0.00557214
-0.00553129
-0.00547526
-0.00541637
-0.00535773
-0.00529824
-0.00523798
-0.00517784
-0.0051316
-0.00513994
-0.00514507
-0.00515038
-0.00520849
-0.00527663
-0.00534411
-0.00543195
-0.00553889
-0.00564458
-0.0057382
-0.00578436
-0.00583323
-0.00588188
-0.00572404
-0.00552682
-0.00533212
-0.0052989
-0.00541763
-0.00552738
-0.0056645
-0.00590774
-0.00614454
-0.00638144
-0.00651038
-0.00661852
-0.00672774
-0.00675523
-0.00670592
-0.0066611
-0.00657896
-0.00635065
-0.00613105
-0.00591119
-0.00613038
-0.00643366
-0.00673175
-0.00695134
-0.00709677
-0.0072463
-0.00737454
-0.00742035
-0.00747083
-0.00752099
-0.00735578
-0.00714929
-0.0069454
-0.00683868
-0.00682354
-0.00680319
-0.00679401
-0.00682759
-0.00685869
-0.0068899
-0.00698826
-0.00709948
-0.00720984
-0.00718826
-0.00704241
-0.00690379
-0.00677644
-0.00669469
-0.00661045
-0.00652645
-0.00661078
-0.00672752
-0.0068423
-0.00692963
-0.00699101
-0.00705379
-0.0070602
-0.00684506
-0.00664265
-0.00643976
-0.00607223
-0.00567318
-0.00527635
-0.00503835
-0.0049501
-0.00485354
-0.00474029
-0.00455913
-0.00438198
-0.00420481
-0.00417275
-0.00416882
-0.00416332
-0.00415631
-0.0041478
-0.00413939
-0.00414128
-0.00423525
-0.00432398
-0.00441291
-0.00412762
-0.00377001
-0.00341682
-0.00321155
-0.00314597
-0.0030727
-0.00300342
-0.00296524
-0.00292537
-0.00288565
-0.00264181
-0.00235854
-0.00207776
-0.00182345
-0.00159425
-0.00136391
-0.00115608
-0.00114685
-0.00112667
-0.00110711
-0.00110624
-0.00110902
-0.00111159
-0.000932121
-0.000580902
-0.000239506
6.45395e-05
3.2848e-05
1.96081e-05
5.37105e-06
7.22337e-05
0.000154828
0.000236471
0.000583896
0.00118208
0.00176591
0.00227762
0.00214258
0.00204297
0.00194154
0.00203981
0.00217694
0.00231181
0.00238613
0.00240318
0.00242333
0.00244121
0.00244056
0.00244092
0.00244122
0.0024494
0.00245912
0.00246875
0.0023668
0.00215947
0.00195806
0.001788
0.0018993
0.0019953
0.00209201
0.00222779
0.00237112
0.00251388
0.00254665
0.00247549
0.00240999
0.00232825
0.00210355
0.00188676
0.00166978
0.00172212
0.00182719
0.00192933
0.00196065
0.00192488
0.00189273
0.0018817
0.00206097
0.00222988
0.00239917
0.00226829
0.00207861
0.00189226
0.00158821
0.0011731
0.000764327
0.000418632
0.000636436
0.000824084
0.00101313
0.00133437
0.00168136
0.00202662
0.00204144
0.00174374
0.00146289
0.00119867
0.00108867
0.000970648
0.000853171
0.000547734
0.000205544
-0.000134348
-8.90863e-05
0.000320559
0.000710594
0.00107667
0.00122256
0.00137986
0.00153639
0.00103488
0.000404033
-0.000219372
-0.00058777
-0.00071453
-0.000853808
-0.000927555
-0.000422389
5.1987e-05
0.000527476
0.000670739
0.000748317
0.00082924
0.000693199
0.000352013
2.18667e-05
-0.000302307
-0.000570655
-0.000841627
-0.00111218
-0.00101978
-0.000855702
-0.00069551
-0.000547671
-0.000411728
-0.00027531
-0.000105511
0.000364141
0.000817795
0.00127181
0.00104379
0.000680934
0.000325416
6.94757e-05
-9.17986e-05
-0.000257786
-0.000390478
-0.000228965
-8.27589e-05
6.40838e-05
0.000266831
0.000480511
0.00069341
0.000807717
0.000828601
0.000854254
0.000848034
0.00055917
0.000285074
1.0503e-05
-0.000209202
-0.000417854
-0.000626857
-0.000818879
-0.000994828
-0.00117142
-0.001319
-0.00120887
-0.00111198
-0.00101451
-0.000930744
-0.000849757
-0.000768711
-0.000913918
-0.00127354
-0.00162191
-0.0019361
-0.00194223
-0.00196398
-0.00198491
-0.0017395
-0.00144126
-0.00114599
-0.000989254
-0.000963978
-0.000932088
-0.000937789
-0.00127645
-0.00159797
-0.00192004
-0.00226007
-0.00260343
-0.00294628
-0.00310301
-0.00308321
-0.00307231
-0.00302564
-0.00266288
-0.00231636
-0.00196936
-0.00184268
-0.00176005
-0.0016753
-0.00185185
-0.00227613
-0.0026876
-0.00307805
-0.003278
-0.00348726
-0.00369585
-0.023233
-0.046617
-0.0563945
-0.00105072
-0.00365126
-0.00336642
-0.003252
-0.00336903
-0.00347445
-0.00358034
-0.00380039
-0.00404312
-0.00428449
-0.00439731
-0.00438809
-0.00438492
-0.00435895
-0.00413178
-0.00391478
-0.0036975
-0.00363846
-0.00361116
-0.00358232
-0.00369033
-0.00392817
-0.00415937
-0.00438157
-0.00452208
-0.00466647
-0.00481053
-0.00477339
-0.00469994
-0.00462835
-0.00460254
-0.0046203
-0.00463591
-0.00465953
-0.00475404
-0.00484498
-0.00493601
-0.00499612
-0.00504998
-0.0051041
-0.00498566
-0.00470336
-0.00442933
-0.00414469
-0.00376668
-0.00339358
-0.00302061
-0.00299011
-0.00302846
-0.00306342
-0.00310296
-0.00314667
-0.00319013
-0.00321901
-0.00311759
-0.00302258
-0.00292735
-0.00276648
-0.00259252
-0.00241936
-0.00222977
-0.00202463
-0.00182043
-0.00161267
-0.00137183
-0.00113282
-0.00089395
-0.000898313
-0.000951678
-0.00100263
-0.000997661
-0.000939417
-0.000883791
-0.000803161
-0.000499542
-0.000206921
8.59483e-05
0.000236674
0.000358624
0.000481836
0.000662836
0.000898835
0.00113198
0.00133447
0.00126332
0.0012053
0.00114672
0.0012236
0.00132778
0.00143056
0.00156466
0.00172848
0.00189072
0.00202917
0.00195531
0.0018916
0.00182748
0.00188782
0.00197327
0.00205745
0.00210332
0.0021127
0.0021238
0.00214805
0.0022908
0.0024278
0.00256495
0.00258276
0.0025764
0.00257119
0.00255905
0.00254037
0.00252202
0.00248447
0.00227514
0.00207411
0.00187287
0.00195134
0.00208641
0.0022187
0.00227915
0.00227109
0.00226626
0.00227578
0.00241497
0.00254796
0.00268112
0.00283117
0.00298455
0.00313763
0.0032999
0.0034709
0.00364133
0.00379816
0.00383434
0.00387611
0.00391758
0.00382228
0.00369926
0.00357765
0.00346136
0.0033502
0.0032389
0.00316258
0.00339841
0.00361952
0.00384111
0.00360462
0.00327518
0.00295036
0.0028882
0.00307638
0.00325279
0.00333563
0.00257759
0.00185912
0.00113949
0.00123238
0.00149054
0.00174084
0.00169912
0.00137889
0.00107178
0.000858578
0.00148885
0.00207972
0.00267186
0.00280642
0.00284769
0.0028932
0.00304985
0.00331257
0.00357018
0.00379929
0.00377316
0.00375875
0.00374381
0.00377995
0.00382647
0.00387248
0.0038727
0.00382927
0.00378787
0.00372859
0.00350978
0.00329845
0.00308697
0.00319709
0.00337277
0.0035453
0.00363218
0.00363728
0.00364609
0.00360492
0.00311799
0.00265174
0.00218497
0.00203419
0.00194806
0.00185909
0.00193952
0.00218132
0.0024156
0.00259113
0.00223954
0.00191208
0.00158383
0.00132268
0.00107542
0.000827751
0.000622579
0.000457911
0.000291566
0.000158212
0.000318249
0.000464943
0.000612106
0.000562997
0.000473742
0.000386369
0.00042838
0.00059388
0.000753694
0.00089647
0.000885599
0.000881618
0.000877332
0.00120606
0.00160281
0.00199616
0.00212108
0.00198976
0.00187
0.00165547
0.000596531
-0.000423818
-0.00144498
-0.00110675
-0.000489891
0.000114019
0.000433937
0.000482292
0.000542673
0.000596061
0.00059208
0.000590649
0.000589106
0.000639172
0.0006998
0.000759907
0.000750021
0.00067331
0.000599623
0.000562626
0.000854719
0.00113201
0.00140971
0.00127829
0.00106287
0.000851352
0.00122471
0.00215656
0.003063
0.00387615
0.00385066
0.00386208
0.00387187
0.00342459
0.00288354
0.00234709
0.00226455
0.00261563
0.00294738
0.00325232
0.00331189
0.00338216
0.0034519
0.00323621
0.00296188
0.00269036
0.00258249
0.00263105
0.00267273
0.00267037
0.00227135
0.00188998
0.00150816
0.00196964
0.00260464
0.00323152
0.00344541
0.00326446
0.00310083
0.00289947
0.00236592
0.00184727
0.00132841
0.00181863
0.00251671
0.00320517
0.00335402
0.00298691
0.00264246
0.00230869
0.00207703
0.00184116
0.00160567
0.00162065
0.00168734
0.00175174
0.00183612
0.0019395
0.00204196
0.00219458
0.00279652
0.00337859
0.00396102
0.00286108
0.00141414
-1.66511e-05
-0.000878551
-0.00119603
-0.0015366
-0.00184589
-0.00188641
-0.00193842
-0.00198989
-0.00170911
-0.00135977
-0.00101366
-0.000683078
-0.000367468
-5.1487e-05
0.000162814
-0.000530876
-0.00118522
-0.00184069
-0.00230739
-0.00273473
-0.00316339
-0.00336519
-0.00335016
-0.00334437
-0.00333469
-0.00329375
-0.00325416
-0.00321456
-0.00327895
-0.00336486
-0.00344979
-0.00347037
-0.00342937
-0.00339102
-0.00337853
-0.0035983
-0.00380805
-0.00401804
-0.0042217
-0.00442391
-0.00462602
-0.0046553
-0.00451925
-0.0043903
-0.00424823
-0.00399053
-0.00373793
-0.00348532
-0.00351158
-0.00359573
-0.00367736
-0.00375962
-0.00384236
-0.00392501
-0.00402695
-0.00430213
-0.00456981
-0.00483757
-0.00490995
-0.00494169
-0.00497511
-0.00474555
-0.00426441
-0.0037942
-0.00337454
-0.00340841
-0.0034233
-0.00343897
-0.00341005
-0.00337189
-0.00333415
-0.00350794
-0.0038842
-0.00425171
-0.00459558
-0.00472695
-0.00486706
-0.00500669
-0.00492043
-0.00478721
-0.00465604
-0.00437909
-0.00396267
-0.00355239
-0.00318954
-0.003251
-0.00329483
-0.00333935
-0.00374217
-0.00421938
-0.00469312
-0.00485889
-0.00472966
-0.00461272
-0.00448738
-0.00429051
-0.00409677
-0.00390305
-0.00382845
-0.00377874
-0.00372804
-0.00375933
-0.00386911
-0.00397556
-0.00409674
-0.00434924
-0.00459614
-0.00484307
-0.00491755
-0.00495601
-0.00499592
-0.00504294
-0.00509683
-0.00515039
-0.00520534
-0.00527293
-0.00533995
-0.00540694
-0.00525177
-0.00505031
-0.00485091
-0.00481681
-0.00494114
-0.00505889
-0.00517028
-0.00522295
-0.00527797
-0.00533285
-0.00535708
-0.00537488
-0.00539294
-0.00542681
-0.00547586
-0.00552424
-0.00556453
-0.00553232
-0.00550309
-0.00547375
-0.00526644
-0.00502203
-0.00477932
-0.00453029
-0.00427528
-0.00402072
-0.00376616
-0.00351015
-0.0032544
-0.00299885
-0.00340858
-0.00395731
-0.00449998
-0.00477182
-0.00478385
-0.00480634
-0.00481393
-0.00469204
-0.00457546
-0.00445875
-0.00426801
-0.00406187
-0.00385651
-0.00366268
-0.00347993
-0.00329688
-0.00306476
-0.00239188
-0.00173721
-0.00108235
0.000180236
0.00156946
0.0029525
0.00388023
0.00437118
0.0048792
0.00523617
0.00424967
0.00331764
0.00238418
0.00260026
0.00305736
0.00350448
0.00398465
0.00449613
0.00500595
0.00550847
0.0059483
0.00639027
0.0068318
0.00725662
0.00767766
0.00809853
0.00811252
0.00773628
0.00737583
0.00704215
0.00695166
0.0068516
0.006752
0.00654781
0.00632177
0.00609677
0.00585845
0.00560737
0.005357
0.00515056
0.0053362
0.00550621
0.00567671
0.00574281
0.00578693
0.00583188
0.00590328
0.00600008
0.00609581
0.00620898
0.00647865
0.00674196
0.00700531
0.00644449
0.00571058
0.00498403
0.00454068
0.00436937
0.00418753
0.00407991
0.00463231
0.00515842
0.00568514
0.00553208
0.00523595
0.00494566
0.00478452
0.00474757
0.0047058
0.00470743
0.00509585
0.00546887
0.00584221
0.00570487
0.00546
0.00521951
0.00495634
0.00467157
0.00438786
0.00415282
0.00435239
0.00453492
0.00471796
0.00448848
0.00417215
0.00385943
0.00372669
0.00376689
0.00380035
0.00382124
0.00372741
0.00363809
0.00354867
0.00355029
0.00357112
0.00359119
0.00365527
0.00376157
0.00386617
0.00397927
0.00416861
0.00435487
0.0045411
0.00433202
0.00403958
0.00375057
0.00361604
0.00363001
0.00363826
0.00364605
0.00364785
0.00364987
0.00365188
0.00336168
0.00300989
0.00266073
0.00248227
0.00246787
0.00244719
0.00241731
0.00230267
0.00219136
0.00208002
0.00191035
0.00172845
0.00154716
0.00174846
0.00231734
0.00287175
0.00333809
0.00301392
0.00272013
0.00242542
0.00260565
0.00288628
0.00316288
0.00308097
0.00265443
0.00224132
0.00191403
0.00235748
0.00277133
0.00318599
0.00269685
0.00201658
0.00134408
0.00126683
0.00176189
0.00223489
0.00261222
0.00212784
0.00167643
0.00122411
0.00139816
0.00170485
0.0020063
0.00235308
0.00274325
0.00313149
0.00349273
0.00361376
0.00374376
0.00387333
0.0041206
0.00439268
0.00466363
0.00464976
0.00436205
0.00408484
0.00372699
0.00264849
0.00159786
0.000546968
0.000484769
0.000632411
0.000772074
0.000906487
0.00103555
0.00116472
0.0013406
0.00193572
0.00251471
0.00309387
0.00324212
0.00329878
0.00335883
0.00323984
0.00294885
0.00266449
0.00237796
0.00207252
0.00176802
0.00146371
0.00142236
0.0014369
0.00144936
0.0015525
0.00174278
0.00192968
0.00212853
0.00243442
0.0027361
0.00303771
0.00291273
0.0026971
0.002485
0.00238407
0.00239019
0.00239235
0.00234967
0.00190402
0.00147361
0.00104296
0.00108403
0.00122546
0.00136307
0.00163872
0.00204702
0.00245012
0.00277034
0.00234855
0.00195443
0.00155957
0.00159988
0.00173281
0.00186223
0.0018447
0.00168566
0.00153193
0.00141651
0.00164511
0.00186091
0.00207701
0.00187127
0.00157577
0.00128377
0.00157473
0.00242677
0.00325763
0.00389843
0.00283423
0.00183321
0.0008306
0.000814437
0.00100855
0.00119485
0.00141926
0.00168008
0.00193937
0.0021831
0.00228835
0.00239857
0.00250853
0.00209383
0.00156744
0.0010455
0.000958233
0.00128952
0.00160535
0.00195103
0.002561
0.00316092
0.00376078
0.00335354
0.00273158
0.00211785
0.00191511
0.00210832
0.00228704
0.0023809
0.00171067
0.00106859
0.000425949
0.000352812
0.000401342
0.00044544
0.000772163
0.00137084
0.00195926
0.00243608
0.00191295
0.00142626
0.0009386
0.00101568
0.00121339
0.00140662
0.0015228
0.00156464
0.00160913
0.00168348
0.00202658
0.00235978
0.0026931
0.00258398
0.00238031
0.00218018
0.00190292
0.00155152
0.00120303
0.000913738
0.00115387
0.00137487
0.0015964
0.0021415
0.00275555
0.00336669
0.00354288
0.00308277
0.00264572
0.00222277
0.00193101
0.00163478
0.00133892
0.00130378
0.00132449
0.00134319
0.00125211
0.00100031
0.000754416
0.000514089
0.000324168
0.000132591
-5.87921e-05
-3.82199e-06
0.000103895
0.000209663
0.000456117
0.000908369
0.001353
0.00170156
0.00118928
0.000707858
0.000225685
0.00094583
0.0019233
0.00289098
0.0031264
0.00229004
0.00149214
0.000833135
0.00142643
0.00197511
0.00252497
0.00226257
0.00182612
0.00139611
0.000930455
0.000412837
-0.000102586
-0.000495914
0.000202637
0.000862291
0.00152285
0.00192284
0.00226672
0.00261232
0.00290664
0.0031261
0.00334803
0.00343717
0.00233845
0.00128213
0.000225064
0.000118359
0.000215767
0.000305964
0.00067528
0.00145282
0.00221555
0.0028
0.0017865
0.000829523
-0.000128761
-3.5716e-06
0.000354321
0.000703847
0.00113431
0.00168293
0.00222705
0.00265
0.00198862
0.00136544
0.00074136
0.000641981
0.00065544
0.000664968
0.000672643
0.000677406
0.000682266
0.000746653
0.00134454
0.00192351
0.00250274
0.00191421
0.00107482
0.000244707
-0.000114156
0.000217174
0.000524393
0.000864412
0.00149258
0.00211034
0.00272805
0.00187381
0.000703235
-0.00045561
-0.000627272
0.000646806
0.00187015
0.00284287
0.00156054
0.00035677
-0.000848874
-0.000479695
0.000228384
0.000924319
0.00141759
0.0016137
0.00181988
0.0019221
0.00109687
0.000304053
-0.000489334
-0.000200605
0.000321112
0.000834485
0.000989929
0.000620919
0.000270122
-3.30252e-05
9.4549e-05
0.0002073
0.000320482
0.000706734
0.00115166
0.00159427
0.00171435
0.00136204
0.0010261
0.00068879
0.000342459
-3.32801e-06
-0.000348898
-0.000171154
0.000119372
0.000405861
0.000583665
0.000602162
0.000626065
0.000666357
0.000855314
0.00103909
0.00122292
0.000551247
-0.0003047
-0.00115381
-0.00125544
-0.00026202
0.000693607
0.00153342
0.00132892
0.00115992
0.000989827
0.000599471
0.000161746
-0.000274082
-0.00027053
0.000376671
0.00100169
0.00156962
0.00162255
0.00169283
0.00176248
0.00103365
0.000132679
-0.000761879
-0.00105344
-0.000461493
0.000100305
0.000604602
0.00058743
0.00058781
0.0005876
0.000520183
0.000438268
0.000356895
0.000366936
0.000510921
0.000650315
0.00075846
0.00058589
0.000422846
0.000259593
0.000402322
0.00061115
0.000817625
0.000664779
-1.46575e-05
-0.000676027
-0.00128032
-0.0013711
-0.00147898
-0.00158622
-0.000337156
0.00120475
0.00273586
0.00360462
0.00350271
0.00343322
0.00220522
-0.00939723
-0.0206465
-0.0319
-0.0431459
0.000574978
-0.00141907
-0.00140977
-0.000743927
-0.000100343
0.00047069
0.000388192
0.000327439
0.000266006
0.000927738
0.00174577
0.00255808
0.00292312
0.00226025
0.00163186
0.00100275
0.00126516
0.00159688
0.00192609
0.00228221
0.00265524
0.00302746
0.0029406
0.00179865
0.000692282
-0.000414535
2.50456e-05
0.000585033
0.00114068
0.00128035
0.00115655
0.00104151
0.000941827
0.000878018
0.000813071
0.000748205
0.00116748
0.00162435
0.00207968
0.0022159
0.00215002
0.00209081
0.00209101
0.00222826
0.00236093
0.00249366
0.0023727
0.00223196
0.00209197
0.00210975
0.00222747
0.00234184
0.00219984
0.00146823
0.000756366
4.4321e-05
8.76011e-05
0.000190039
0.000290479
0.000176177
-7.41602e-05
-0.000319899
-0.000233511
0.000616681
0.00144144
0.00226649
0.00242087
0.00252255
0.00262587
0.00208162
0.00112729
0.000186899
-0.000444341
-0.00036447
-0.00030774
-0.000250295
0.000581224
0.00147308
0.00236241
0.00220217
0.0013769
0.000573708
5.11433e-07
-4.28221e-05
-0.000103275
-0.000163135
6.43252e-06
0.000193955
0.000380776
0.000381274
0.000263681
0.000149978
2.3871e-05
-0.000130563
-0.000283983
-0.000437337
-0.000327636
-0.000197275
-6.76643e-05
0.00021999
0.000607739
0.000992017
0.00135846
0.00168397
0.00201058
0.00233695
0.00168289
0.000951868
0.000223787
-0.000357415
-0.00084532
-0.0013359
-0.00162749
-0.00146203
-0.00131132
-0.00116024
-0.000632881
-7.61068e-05
0.000479369
0.000505659
0.000196391
-0.000101948
-8.74368e-05
0.000647187
0.00135833
0.00206978
0.0016113
0.00106056
0.000513122
4.65391e-05
-0.000368599
-0.000785112
-0.000819333
2.52988e-05
0.000841404
0.0016579
0.00134239
0.000937419
0.000535551
0.000252355
4.45513e-05
-0.000165516
-0.000275646
-0.000156245
-4.4206e-05
6.79953e-05
0.000409106
0.000768176
0.00112645
0.000739382
-0.000120424
-0.000964711
-0.00148834
-0.00127391
-0.00108297
-0.000891412
-0.00100512
-0.001143
-0.00128003
-0.00112402
-0.000782105
-0.000446279
-0.000146115
7.18458e-05
0.000292262
0.000512462
-7.20616e-05
-0.000720226
-0.00136598
-0.00126981
-0.000702824
-0.000151016
2.8299e-05
-0.000649963
-0.00130083
-0.00195215
-0.00176599
-0.00151329
-0.00126283
-0.00131273
-0.00155329
-0.00178772
-0.00191349
-0.00178905
-0.00167253
-0.00155584
-0.00148978
-0.0014278
-0.00136573
-0.00107493
-0.000639006
-0.000207896
1.94161e-05
-0.000222144
-0.000448901
-0.000675978
-0.00118015
-0.00170614
-0.00223113
-0.00247898
-0.00255082
-0.0026281
-0.00265137
-0.00255083
-0.00245421
-0.00235753
-0.00241955
-0.0024942
-0.00256841
-0.00271442
-0.00290597
-0.00309598
-0.00320988
-0.0031487
-0.00309299
-0.00303714
-0.00306952
-0.00310893
-0.0031481
-0.00321319
-0.00329471
-0.00337568
-0.00343427
-0.00344141
-0.00345014
-0.00345882
-0.00344245
-0.00342408
-0.00340579
-0.00346057
-0.00356175
-0.00366144
-0.00373247
-0.00373754
-0.00374465
-0.00375169
-0.00366232
-0.00357597
-0.00348959
-0.00351596
-0.00361395
-0.00370968
-0.00379449
-0.00385408
-0.00391441
-0.00397467
-0.00392342
-0.00386324
-0.00380337
-0.00376922
-0.00375143
-0.00373315
-0.00375838
-0.0038837
-0.00400587
-0.00412807
-0.0041642
-0.00419339
-0.00422278
-0.00414132
-0.00398946
-0.00383984
-0.00376773
-0.00387405
-0.00397485
-0.00407576
-0.00413696
-0.00419493
-0.00425296
-0.004261
-0.00423725
-0.00421449
-0.00417441
-0.00409453
-0.00401591
-0.0039373
-0.00403938
-0.00415596
-0.00427202
-0.00431442
-0.00430997
-0.00430695
-0.00429421
-0.0042592
-0.00422489
-0.00419058
-0.00414479
-0.00409937
-0.00405396
-0.00412143
-0.00426064
-0.00439759
-0.004495
-0.00450139
