0
0.0216612
0.0195235
0.0193675
0.0190473
0.0187496
0.0184514
0.0181538
0.0182145
0.0186029
0.0189637
0.0191509
0.0186521
0.0182107
0.0177653
0.0178889
0.0180285
0.0181665
0.017843
0.0170967
0.0163862
0.0158309
0.0158907
0.0159001
0.0159135
0.0159324
0.0159515
0.0159705
0.0164181
0.0172584
0.0180654
0.0185736
0.0179048
0.0173325
0.0167534
0.0163527
0.0159578
0.0155631
0.015678
0.0162602
0.0168038
0.0170434
0.0160832
0.0152211
0.0143525
0.0142736
0.0142189
0.0141624
0.0140373
0.0138493
0.0136666
0.0135898
0.0139288
0.0142341
0.0145415
0.0137108
0.0128457
0.0119848
0.0118613
0.0124153
0.0129146
0.0132569
0.0129696
0.0127325
0.0124919
0.0124071
0.0123273
0.0122473
0.0118711
0.0112227
0.0105969
0.0101628
0.0104844
0.0107461
0.011012
0.0108397
0.0106534
0.0104685
0.0103816
0.010385
0.0103814
0.0102945
0.00987962
0.00949093
0.0091008
0.0087491
0.00839914
0.00804959
0.00795492
0.00809479
0.00821627
0.00822538
0.00778909
0.00738793
0.00698467
0.00695941
0.00694691
0.00693345
0.0069573
0.00701543
0.00707083
0.00708675
0.00694743
0.00682023
0.00669229
0.00648495
0.00627516
0.00606587
0.0059462
0.00590913
0.00586582
0.00579299
0.00560242
0.00542111
0.00523937
0.00603527
0.00686418
0.00768933
0.0076292
0.00675266
0.00593929
0.00524487
0.00503212
0.00478328
0.00453755
0.00419497
0.00384944
0.00350465
0.00349133
0.00378384
0.00405292
0.00423638
0.00407838
0.00394623
0.00381234
0.00286162
0.00188274
0.000907422
0.000291137
6.53177e-06
-0.000302401
-0.00040252
0.000307494
0.000956128
0.00160836
0.00154215
0.00144978
0.00135948
0.00119353
0.000957852
0.000727687
0.000532445
0.000474769
0.000407011
0.000340097
0.000347396
0.000357447
0.00036728
7.93803e-05
-0.000483702
-0.00102572
-0.00149591
-0.00168055
-0.00188588
-0.00208938
-0.00192233
-0.00174152
-0.00156199
-0.00160123
-0.0018429
-0.00206943
-0.00230426
-0.00256817
-0.00282958
-0.0030908
-0.00313434
-0.00316951
-0.00320524
-0.00301388
-0.00261245
-0.00222682
-0.00192355
-0.0019463
-0.00194544
-0.00194628
-0.00228332
-0.00263296
-0.00298119
-0.00336418
-0.00377924
-0.00419139
-0.00455219
-0.00471239
-0.00488677
-0.00505987
-0.00517469
-0.00528706
-0.00539945
-0.00555691
-0.00575612
-0.00595207
-0.00613931
-0.00629233
-0.00644757
-0.00660243
-0.00671302
-0.00682171
-0.00693038
-0.00697939
-0.00697311
-0.00697076
-0.0070055
-0.00718694
-0.00735773
-0.00752904
-0.00757349
-0.00761277
-0.00765237
-0.00776527
-0.00794617
-0.00812203
-0.00829117
-0.00843327
-0.00857707
-0.00872055
-0.00881877
-0.00891501
-0.00901126
-0.00906976
-0.00909325
-0.00911915
-0.00915841
-0.00925084
-0.00933944
-0.00942818
-0.00950488
-0.009581
-0.00965704
-0.00969955
-0.00971091
-0.00972442
-0.00974408
-0.00978849
-0.00983113
-0.00987383
-0.00998653
-0.010102
-0.0102171
-0.0102922
-0.0103301
-0.0103706
-0.0104007
-0.0103915
-0.010385
-0.0103783
-0.0104025
-0.0104281
-0.0104535
-0.0105282
-0.0106488
-0.0107661
-0.0108606
-0.0108654
-0.0108763
-0.0108867
-0.0109762
-0.0110689
-0.0111613
-0.0112108
-0.0112205
-0.0112328
-0.0112338
-0.0111911
-0.0111514
-0.0111116
-0.0111194
-0.0111293
-0.011139
-0.0111705
-0.0112223
-0.0112727
-0.0113207
-0.0113594
-0.0113987
-0.011438
-0.0115044
-0.0115758
-0.0116468
-0.0117055
-0.0117527
-0.0118006
-0.0118335
-0.0118076
-0.0117857
-0.0117635
-0.011801
-0.0118493
-0.0118969
-0.0119373
-0.0119712
-0.0120054
-0.0120455
-0.0121092
-0.0121713
-0.0122334
-0.0122457
-0.0122488
-0.0122525
-0.0122652
-0.0122864
-0.012307
-0.0123184
-0.0122939
-0.0122719
-0.0122497
-0.0122064
-0.0121592
-0.0121123
-0.0120995
-0.0121183
-0.012135
-0.0121532
-0.0121769
-0.0122001
-0.0122234
-0.0121839
-0.0121328
-0.0120826
-0.0118529
-0.0114558
-0.0110702
-0.0107145
-0.0104773
-0.0102327
-0.00998884
-0.00991763
-0.00987832
-0.00983699
-0.00989042
-0.0100321
-0.0101679
-0.0103015
-0.0104254
-0.0105498
-0.010674
-0.0105864
-0.0104598
-0.0103358
-0.00948756
-0.00796333
-0.00648468
-0.00519326
-0.00464395
-0.00404757
-0.00345498
-0.00289602
-0.00234388
-0.00179202
-0.00118736
-0.00053341
0.000116543
0.000739244
0.00125626
0.00177938
0.00230143
0.00304395
0.00382666
0.00460582
0.00519481
0.0056059
0.00602779
0.00645629
0.00691512
0.00737144
0.00782734
0.00842692
0.00905266
0.00967594
0.010095
0.0103231
0.010563
0.0108066
0.0110688
0.0113295
0.01159
0.0118509
0.0121117
0.0123721
0.0125655
0.0126961
0.0128304
0.0129476
0.0129986
0.0130537
0.0131085
0.0131816
0.013258
0.0133341
0.0133712
0.0133719
0.0133749
0.0133868
0.0134346
0.0134801
0.0135257
0.0136315
0.0137485
0.0138647
0.0138762
0.0137896
0.0137093
0.0136043
0.0134035
0.0132088
0.0130141
0.0129003
0.0128019
0.0127026
0.0124724
0.0121195
0.0117747
0.0115371
0.0117224
0.0118813
0.0120417
0.011763
0.0114021
0.0110466
0.0107703
0.0105686
0.0103626
0.0101507
0.00991419
0.00967945
0.0094449
0.00931
0.00919401
0.00907701
0.00896946
0.00887071
0.00877155
0.00864121
0.00838774
0.00814207
0.00789623
0.00777271
0.0076724
0.0075708
0.00739677
0.00715475
0.00691715
0.00671202
0.00663492
0.00655016
0.00646597
0.00645009
0.00644715
0.00644344
0.00624422
0.00586157
0.00549044
0.00513587
0.00484797
0.0045564
0.0042654
0.00464726
0.00515631
0.00565712
0.00565186
0.00517127
0.00471973
0.00430499
0.00404049
0.00376733
0.00349501
0.00319142
0.00288218
0.00257365
0.00244061
0.00247235
0.00249424
0.00252739
0.0026026
0.00267523
0.00274792
0.00236923
0.00190501
0.00144641
0.00116035
0.00103666
0.000903504
0.000991042
0.00194482
0.0028463
0.0037498
0.00399169
0.00410729
0.0042302
0.00400364
0.00344922
0.00291474
0.0023948
0.0019349
0.00147201
0.00100984
0.000878999
0.000811551
0.000740467
0.000866614
0.00117789
0.00147798
0.00189717
0.00278382
0.00364215
0.00450113
0.00393932
0.00310623
0.00228991
0.00158028
0.000971926
0.000358387
-0.00020521
-0.00057545
-0.000956482
-0.00133645
-0.00147704
-0.00157162
-0.00166876
-0.00144297
-0.000913627
-0.000402446
0.000152907
0.000879822
0.001596
0.00231197
0.0015127
0.000423255
-0.000648233
-0.00137517
-0.00177693
-0.00219691
-0.00257796
-0.00281124
-0.00305273
-0.00329347
-0.003411
-0.00350471
-0.00359968
-0.00372567
-0.00388093
-0.00403435
-0.00417194
-0.00424732
-0.00432617
-0.00440472
-0.00449081
-0.00457826
-0.00466553
-0.00476393
-0.00487277
-0.0049809
-0.00508224
-0.00515707
-0.00523331
-0.00530939
-0.0055069
-0.00572768
-0.00594689
-0.00608539
-0.00614778
-0.0062144
-0.00627363
-0.00630492
-0.00633775
-0.00637046
-0.00645187
-0.00654261
-0.00663273
-0.00669722
-0.00673752
-0.00677914
-0.00681673
-0.00683885
-0.00686182
-0.00688471
-0.00688381
-0.00687831
-0.00687308
-0.00694188
-0.00708047
-0.00721501
-0.00734398
-0.00742231
-0.00750337
-0.00758419
-0.00760011
-0.00760343
-0.00760745
-0.00762111
-0.00764391
-0.00766617
-0.00768617
-0.00768584
-0.00768664
-0.00768737
-0.00772572
-0.00777133
-0.00781649
-0.00780881
-0.00775126
-0.00769654
-0.00765293
-0.00770965
-0.00776076
-0.00781214
-0.00786878
-0.00792641
-0.00798391
-0.00799754
-0.00796976
-0.00794428
-0.0079208
-0.00791608
-0.00791033
-0.00790465
-0.00793483
-0.00797198
-0.00800871
-0.00802065
-0.00800918
-0.007999
-0.00799321
-0.00802721
-0.008059
-0.00809087
-0.008091
-0.00808494
-0.00807922
-0.00809911
-0.00814321
-0.00818594
-0.00822358
-0.00821542
-0.00820977
-0.00820398
-0.00823105
-0.00826452
-0.00829761
-0.00832215
-0.00833859
-0.00835545
-0.00837054
-0.00837011
-0.00837053
-0.00837089
-0.008417
-0.00847202
-0.00852651
-0.00854839
-0.00853945
-0.00853218
-0.00852481
-0.00851738
-0.00850995
-0.00850253
-0.00854192
-0.00859044
-0.00863843
-0.00867141
-0.00869018
-0.0087097
-0.00872728
-0.00872816
-0.00872992
-0.00873164
-0.00869457
-0.00864991
-0.0086057
-0.00851516
-0.00838083
-0.00824897
-0.00813589
-0.00819071
-0.00823655
-0.00828283
-0.00823257
-0.00816339
-0.00809528
-0.00802663
-0.0079575
-0.00788848
-0.00781963
-0.00775187
-0.00768412
-0.00761644
-0.00748487
-0.00734082
-0.00719758
-0.00704422
-0.00688131
-0.00671908
-0.00656094
-0.00643835
-0.00631402
-0.00618991
-0.00599211
-0.00577994
-0.00556875
-0.0054149
-0.00531536
-0.00521307
-0.00508044
-0.00467423
-0.00428275
-0.00389091
-0.00387547
-0.00393436
-0.0039893
-0.00392697
-0.00375345
-0.0035859
-0.00341011
-0.00316207
-0.00291804
-0.00267406
-0.00253611
-0.00241923
-0.00230138
-0.002245
-0.00224676
-0.00224551
-0.00221177
-0.00188613
-0.00157592
-0.00126524
-0.00110524
-0.000975196
-0.000843736
-0.000734238
-0.000645462
-0.000555709
-0.000446143
-0.000158199
0.000120267
0.000398935
0.000445476
0.00044597
0.000448828
0.000529274
0.000683327
0.000833447
0.000963748
0.000916217
0.000877839
0.000839033
0.000895769
0.000971422
0.00104603
0.00103158
0.000932701
0.000838231
0.000770219
0.000940099
0.00109769
0.00125574
0.00151107
0.00178555
0.00205877
0.00218408
0.00216914
0.00216133
0.00215268
0.00213974
0.00212702
0.00211431
0.00226118
0.00243969
0.00261643
0.00273159
0.0027883
0.0028479
0.00289908
0.00287668
0.00285803
0.0028392
0.00289123
0.00295734
0.00302268
0.00313282
0.00328541
0.00343571
0.00356972
0.00355816
0.00355392
0.00354931
0.00366867
0.00381267
0.00395529
0.00395208
0.00381049
0.00367596
0.00354866
0.00348816
0.00342439
0.00336084
-0.0185589
-0.0448285
-0.0556746
0.00700997
0.00373403
0.00374298
0.00359007
0.00345883
0.00332664
0.00319463
0.00333103
0.00352103
0.00370818
0.00377504
0.00372761
0.00368589
0.0036555
0.00372863
0.00379657
0.00386469
0.00392556
0.00398494
0.00404433
0.00407951
0.00409171
0.00410503
0.0041146
0.00409123
0.00406949
0.0040477
0.00398305
0.00390985
0.00383715
0.0039034
0.00410163
0.00429319
0.00447971
0.00461975
0.00476192
0.00490386
0.00480502
0.00465791
0.00451331
0.00451596
0.00465861
0.00479428
0.00493711
0.00514187
0.00534342
0.00554492
0.00556457
0.00554764
0.00553251
0.00562969
0.00583364
0.00603222
0.00623576
0.00648299
0.00672785
0.0069726
0.00698701
0.00695506
0.00692539
0.00694084
0.00699929
0.0070556
0.00711215
0.00717034
0.00722839
0.0072864
0.00763643
0.00804503
0.00845043
0.00850959
0.00823951
0.00798553
0.00777128
0.00791756
0.0080464
0.00817595
0.00819372
0.00818894
0.00818524
0.00815333
0.00809464
0.00803728
0.0079854
0.00798261
0.00797748
0.00797247
0.00789919
0.00781217
0.00772589
0.00773696
0.00784064
0.00793981
0.00803265
0.00806766
0.00810539
0.00814295
0.00822886
0.00832447
0.00841953
0.00847325
0.0084876
0.00850381
0.00849442
0.00825697
0.00803054
0.0078038
0.00778246
0.0078027
0.00782097
0.00783063
0.00783203
0.00783382
0.00781175
0.00757634
0.0073512
0.00712578
0.00683785
0.00653745
0.00623792
0.00612356
0.00618546
0.00623903
0.00626737
0.00606696
0.00587746
0.00568762
0.00558882
0.00550854
0.00542748
0.00560292
0.00602248
0.00643024
0.00673587
0.0061257
0.00555883
0.00499046
0.00470638
0.00448019
0.00425152
0.00430737
0.00463397
0.00494768
0.00519916
0.00489076
0.00460865
0.00432558
0.00421943
0.00414931
0.00407759
0.00396414
0.0038109
0.00365964
0.00352464
0.00353486
0.00353836
0.00354216
0.0039345
0.00440563
0.00487269
0.00467975
0.00385797
0.00306592
0.00238184
0.00267034
0.00291382
0.00315915
0.00281901
0.00235986
0.0019066
0.00262449
0.00445844
0.00623951
0.00778582
0.00722254
0.00675641
0.00628626
0.0057679
0.00524003
0.00471307
0.00439626
0.00427974
0.00415417
0.00394756
0.00301098
0.00210854
0.00120537
0.0010121
0.000963866
0.000909072
0.000718969
0.000399598
8.63935e-05
-0.000150561
0.000295134
0.000709438
0.00112479
0.00172112
0.00235404
0.00298473
0.00371714
0.00454641
0.00537055
0.0060067
0.00496421
0.00399851
0.00303022
0.00337738
0.00399333
0.00459659
0.00411184
0.00258901
0.00111431
-0.000235327
-0.000456783
-0.000728789
-0.000998278
-0.00123059
-0.00145511
-0.00167978
-0.00179451
-0.00180439
-0.00181897
-0.00184057
-0.00192702
-0.0020105
-0.00209403
-0.00215037
-0.0022011
-0.00225203
-0.00231525
-0.00239021
-0.00246458
-0.00250412
-0.00223227
-0.00197455
-0.00171642
-0.00224791
-0.00294102
-0.00362632
-0.00396587
-0.00397517
-0.00399913
-0.00402896
-0.00411735
-0.00420306
-0.00428881
-0.00445189
-0.00463074
-0.00480873
-0.00494476
-0.00504071
-0.00513835
-0.00523038
-0.00527356
-0.00531887
-0.00536404
-0.00541453
-0.00546608
-0.00551754
-0.00553506
-0.00552018
-0.00550674
-0.00550776
-0.00563867
-0.00576375
-0.00588897
-0.00593203
-0.00595815
-0.005985
-0.00607654
-0.00622989
-0.00638039
-0.00651396
-0.00649596
-0.00648461
-0.00647298
-0.00653033
-0.00660185
-0.00667269
-0.00673401
-0.00678621
-0.00683876
-0.00689725
-0.00700936
-0.00711903
-0.00722871
-0.00724745
-0.00724744
-0.00724824
-0.00724127
-0.00722691
-0.00721289
-0.00719092
-0.00709792
-0.00700809
-0.00691819
-0.00701769
-0.0071562
-0.00729289
-0.00737388
-0.00740157
-0.00743155
-0.0074733
-0.00762161
-0.00776519
-0.00790885
-0.00789425
-0.00784699
-0.00780117
-0.00777883
-0.00777898
-0.00777815
-0.00777372
-0.00773663
-0.00770098
-0.0076653
-0.00760984
-0.00755033
-0.00749104
-0.00754826
-0.00771683
-0.00788048
-0.00801951
-0.00793734
-0.00786473
-0.00779176
-0.00787357
-0.00798734
-0.00809964
-0.00817554
-0.00821659
-0.00825908
-0.00829283
-0.00824903
-0.00820858
-0.00816802
-0.00817815
-0.00819877
-0.00821893
-0.00822934
-0.0082304
-0.00823186
-0.00823525
-0.00825609
-0.00827616
-0.00829625
-0.00828132
-0.00825915
-0.0082373
-0.00823383
-0.00824794
-0.00826129
-0.00826522
-0.00818458
-0.00810759
-0.0080305
-0.00796784
-0.0079082
-0.00784849
-0.00769158
-0.00744168
-0.00719592
-0.00697409
-0.00696645
-0.00694979
-0.00693353
-0.00662431
-0.00625447
-0.00588749
-0.00561472
-0.0054322
-0.00524604
-0.00505732
-0.00484303
-0.00463
-0.00441709
-0.00420538
-0.00399404
-0.00378287
-0.00325238
-0.00241636
-0.00159382
-0.000900106
-0.00135946
-0.00177024
-0.00218271
-0.00259679
-0.00301097
-0.00342479
-0.00299238
-0.00175006
-0.000542512
0.00050635
0.000129418
-0.000187868
-0.00050737
-0.000258002
0.000109584
0.000471954
0.000820137
0.00115452
0.00148921
0.00178607
0.00174664
0.00172118
0.00169516
0.00192516
0.00220834
0.00248908
0.00262672
0.00262724
0.00263343
0.00261949
0.00242756
0.00224313
0.00205854
0.00235497
0.00275148
0.00314354
0.00353914
0.00393793
0.00433626
0.00470039
0.00476074
0.00483353
0.00490574
0.00511033
0.00534241
0.00557316
0.00559876
0.00542779
0.00526502
0.00507411
0.00463312
0.00420273
0.00377226
0.00429796
0.00502299
0.00573929
0.00613258
0.0062161
0.0063122
0.00642557
0.00669886
0.00696541
0.00723202
0.00727327
0.00726739
0.00726344
0.00724148
0.00720235
0.00716395
0.00710525
0.00686473
0.0066318
0.00639874
0.00642945
0.0065153
0.00659885
0.00659947
0.00652053
0.00644488
0.00639051
0.00652742
0.00665648
0.00678576
0.0067249
0.00662429
0.00652536
0.00630448
0.00596678
0.00563406
0.00536168
0.00562933
0.00587501
0.00612138
0.00615485
0.00614372
0.00613438
0.0061245
0.00611417
0.00610386
0.00610947
0.00625758
0.00639985
0.00654225
0.00633473
0.00605399
0.0057764
0.0057492
0.00596219
0.0061654
0.00635738
0.00644648
0.00653962
0.00663252
0.00655116
0.00643329
0.00631697
0.00613851
0.00590052
0.00566509
0.00542817
0.00517729
0.00492716
0.0046772
0.0044978
0.00433332
0.00416838
0.00422976
0.0045082
0.00477781
0.00503134
0.00513945
0.00525324
0.00536671
0.00542633
0.00547461
0.0055233
0.00546412
0.00530148
0.00514306
0.00498207
0.00479856
0.00461609
0.00443372
0.0044131
0.00442651
0.00443857
0.00418161
0.00366649
0.00316194
0.00276609
0.00334443
0.00388402
0.0044247
0.00430384
0.00404386
0.00378954
0.00373876
0.00388352
0.00402049
0.00413078
0.00400016
0.00387908
0.00375772
0.00351976
0.00325739
0.00299617
0.00271954
0.00242816
0.00213758
0.00191326
0.00228084
0.00262503
0.00296987
0.00350911
0.00408901
0.00466687
0.00441261
0.00335949
0.00233828
0.00143928
0.0016398
0.00179743
0.0019566
0.00226528
0.00260533
0.0029439
0.00317895
0.00331458
0.00345396
0.00354433
0.00319793
0.00286871
0.00253908
0.0023157
0.00211486
0.0019133
0.00217356
0.00287723
0.00356323
0.00416337
0.00399247
0.00385144
0.00370937
0.00376737
0.00386757
0.00396607
0.00348624
0.00245092
0.00143776
0.000554737
0.000838851
0.00107791
0.00131851
0.00135414
0.00134644
0.0013404
0.00153119
0.00191109
0.00228345
0.00254662
0.00183136
0.00115409
0.000475886
0.000729926
0.00118097
0.00162414
0.00198916
0.0022788
0.00257109
0.00279173
0.00237312
0.00197921
0.00158465
0.00102049
0.000420755
-0.000177171
-0.000306168
1.54593e-05
0.000319708
0.000559579
0.00021867
-9.99233e-05
-0.000419122
0.000387125
0.00143125
0.00246557
0.00281584
0.00250838
0.00222607
0.00189716
0.00115763
0.000434185
-0.000289316
-8.56491e-05
0.000314391
0.000706711
0.00118078
0.00173313
0.00228211
0.00277755
0.00279553
0.00283149
0.00286675
0.00315493
0.00349658
0.00383596
0.00389334
0.00367955
0.00347612
0.0032528
0.00285357
0.00246125
0.00206897
0.00191986
0.00182243
0.00172314
0.00173298
0.00184767
0.00195835
0.00210155
0.00253543
0.00295812
0.0033809
0.00341005
0.0033556
0.00330431
0.00337506
0.00356329
0.00374699
0.00383534
0.00306909
0.00233526
0.00160077
0.00171194
0.00200275
0.00228666
0.00247873
0.00258223
0.00268895
0.00275921
0.00250455
0.00226214
0.00201946
0.00190111
0.00180925
0.00171648
0.00180291
0.00206167
0.00231385
0.00248296
0.00190718
0.00135938
0.000810958
0.00108837
0.00154133
0.00198747
0.00180004
0.00100287
0.000228794
-0.000463942
-0.000424819
-0.000412701
-0.000399597
-0.000161526
0.000124318
0.000408194
0.000531782
0.00050108
0.000476073
0.000396894
-0.00016588
-0.000710482
-0.00125535
-0.00102316
-0.000625561
-0.000234315
-5.98635e-05
-9.42555e-05
-0.000120972
-0.000152918
-0.000229336
-0.000304071
-0.000378812
-0.000508454
-0.000649729
-0.000790475
-0.000472989
0.000285517
0.00102737
0.00168285
0.00156329
0.00147207
0.00137989
0.00125336
0.00111957
0.000986142
0.00116842
0.00165459
0.00212936
0.00246679
0.00157273
0.000724052
-0.000125657
0.000104978
0.00056607
0.00101847
0.00121175
0.00115527
0.00110787
0.0010551
0.00095679
0.000860198
0.000763614
0.00118526
0.00171737
0.0022451
0.00219714
0.00159476
0.00101283
0.000491202
0.000513123
0.000515425
0.000518434
0.000740688
0.00100968
0.0012768
0.0020855
0.00341564
0.00472607
0.00585949
0.00540818
0.00501413
0.0046183
0.00345247
0.00212259
0.000799544
-0.00016138
-0.000773316
-0.00139732
-0.00189005
-0.001214
-0.000580286
5.44925e-05
0.000186737
0.000211394
0.00023988
0.000274198
0.000317262
0.000359983
0.000488694
0.00138804
0.00225926
0.00313085
0.00313249
0.00294789
0.00277005
0.00245131
0.00192671
0.00140981
0.000897524
0.000426177
-4.62895e-05
-0.000518381
-0.000199631
0.000288369
0.000770014
0.0010593
0.00106693
0.00108455
0.00106227
0.000685779
0.000322098
-4.17799e-05
-1.09014e-05
0.000104574
0.000216976
0.000379681
0.000615877
0.000849309
0.00102402
0.000672938
0.000340668
7.96785e-06
-0.000100594
-0.00016103
-0.000223119
-0.000342263
-0.000545019
-0.000744687
-0.000941124
-0.00110875
-0.00127727
-0.00144563
-0.00137821
-0.00126021
-0.00114408
-0.00102395
-0.000898046
-0.00077243
-0.000675378
-0.000833672
-0.000982905
-0.00113235
-0.00124507
-0.00134985
-0.00145483
-0.00147666
-0.00137681
-0.00128128
-0.00119795
-0.0012248
-0.00124778
-0.00127088
-0.00146667
-0.00169946
-0.0019308
-0.00171906
-0.000858685
-2.15074e-05
0.000638468
-0.000292137
-0.00116673
-0.00204266
-0.00195544
-0.00166122
-0.0013744
-0.00122671
-0.00128298
-0.00133214
-0.0013996
-0.00162915
-0.00185291
-0.00207672
-0.00214403
-0.00217765
-0.0022124
-0.00228112
-0.00239962
-0.00251632
-0.00262263
-0.00263586
-0.0026523
-0.00266861
-0.00247563
-0.00223769
-0.00200147
-0.00169925
-0.00130038
-0.000905114
-0.000605682
-0.001164
-0.00169239
-0.00222145
-0.00224315
-0.00215561
-0.00207188
-0.00212208
-0.00236859
-0.00260819
-0.00282974
-0.0028888
-0.0029534
-0.00301777
-0.00269628
-0.00229184
-0.00189051
-0.0017128
-0.0018626
-0.00200108
-0.00208383
-0.00166443
-0.00126248
-0.000860221
-0.00109306
-0.00146267
-0.00182737
-0.00215351
-0.00242304
-0.00269433
-0.00291109
-0.00264122
-0.00238813
-0.00213464
-0.00225064
-0.00244627
-0.00263907
-0.0028326
-0.00302714
-0.00322151
-0.00327584
-0.002076
-0.000919592
0.000237504
-0.000488731
-0.00162102
-0.00273875
-0.00339206
-0.00336464
-0.00336032
-0.00332657
-0.00303608
-0.00275448
-0.00247277
-0.00163035
-0.000667296
0.000291031
0.000744555
0.000458615
0.00019785
-2.05042e-05
0.000147495
0.000302341
0.000457527
0.000503276
0.000525363
0.000548233
0.000724906
0.00112697
0.00152118
0.00189141
0.00204655
0.00220883
0.00237075
0.0020003
0.00151496
0.00103381
0.000681541
0.000518176
0.00034858
0.000167211
-0.000122477
-0.000408339
-0.000694138
-0.000801745
-0.000870762
-0.000941024
-0.000940684
-0.000836972
-0.000736785
-0.000575963
0.000127816
0.000812984
0.00149832
0.00171557
0.00183144
0.00195062
0.00242204
0.00340989
0.00437987
0.00402975
-0.00815258
-0.0199328
-0.0317185
-0.0434962
0.00474947
0.00318797
0.00297297
0.00224799
0.00154043
0.000895363
0.00081185
0.000709755
0.000608345
0.000736917
0.000915244
0.0010918
0.00119478
0.00112862
0.00106811
0.00100745
0.00122761
0.00146952
0.00171056
0.0016287
0.00134245
0.00106315
0.000786931
0.000518083
0.000249169
-1.95655e-05
4.52141e-05
0.000135981
0.000225831
0.000240169
0.00020668
0.000174787
0.000278788
0.000695304
0.00110127
0.00150731
0.00214418
0.00279871
0.00345223
0.00374292
0.00380377
0.00387213
0.00359971
0.00254444
0.00151552
0.000486418
-2.67664e-05
-0.000499283
-0.000972822
-0.000988943
-0.000715405
-0.00045152
-0.000250202
-0.000193243
-0.000131604
-7.01585e-05
-4.35357e-05
-1.96575e-05
4.29467e-06
-6.31252e-05
-0.000188404
-0.000311714
-0.000360259
-0.000236849
-0.000119121
-1.2845e-06
0.000940988
0.0019474
0.00295107
0.00283962
0.0020217
0.00122727
0.000501167
-6.67052e-05
-0.000639346
-0.00121146
-0.0014551
-0.0016728
-0.00189119
-0.00132086
-0.000250906
0.000802165
0.00134947
0.000733368
0.000155315
-0.000423594
-0.000313642
-0.000149562
1.26631e-05
9.76731e-06
-9.78081e-05
-0.000201934
-0.000268983
-0.000250599
-0.000234982
-0.000219286
4.30125e-05
0.000324587
0.00060536
0.000176857
-0.000701128
-0.00156408
-0.00199581
-0.00143543
-0.000907307
-0.000378489
-0.000273347
-0.000201682
-0.000128988
-0.000219222
-0.000412701
-0.000602743
-0.000717747
-0.00066008
-0.000607983
-0.000555742
-0.000450534
-0.000341201
-0.000232071
-0.000168968
-0.000135065
-0.00010025
-0.000146761
-0.000380221
-0.000607559
-0.000834947
-0.000628849
-0.000388585
-0.000149565
-0.00033751
-0.000796197
-0.00124596
-0.00153051
-0.00143475
-0.00135117
-0.00126725
-0.00144406
-0.00164141
-0.00183798
-0.0018587
-0.00176787
-0.00168064
-0.00159807
-0.0015264
-0.00145443
-0.00138251
-0.00131382
-0.00124542
-0.00117706
-0.00128681
-0.00150953
-0.00172852
-0.00184408
-0.00172159
-0.00160672
-0.00149168
-0.00160896
-0.00174461
-0.00187961
-0.00209841
-0.00237032
-0.00264038
-0.00275941
-0.00253111
-0.00231391
-0.0020965
-0.00227724
-0.00248953
-0.00270069
-0.00281211
-0.00286019
-0.00291024
-0.00291391
-0.00281111
-0.00271172
-0.00261229
-0.00216816
-0.00169685
-0.00122669
-0.00110273
-0.00119854
-0.00128738
-0.00148048
-0.00191297
-0.00233768
-0.00276237
-0.00259213
-0.00237457
-0.00215864
-0.0020583
-0.00203141
-0.00200223
-0.00193808
-0.0017933
-0.00165112
-0.00150895
-0.00145999
-0.00141849
-0.00137678
-0.001448
-0.00159088
-0.00173145
-0.00173759
-0.0014344
-0.00114103
-0.000847543
-0.00143415
-0.00209073
-0.00274473
-0.00278932
-0.00244691
-0.00211675
-0.00180777
-0.00154819
-0.00128722
-0.00102647
-0.00114622
-0.00129635
-0.00144543
-0.00165535
-0.00190383
-0.00215096
-0.00230853
-0.00226013
-0.00221813
-0.00217596
-0.00219847
-0.00222615
-0.00225365
-0.00211591
-0.00187323
-0.00163394
-0.00160526
-0.00206127
-0.00250204
-0.00294301
-0.0029911
-0.00305127
-0.00311104
-0.00303576
-0.0028747
-0.00271639
-0.00262988
-0.00270868
-0.00278235
-0.00285613
-0.00290344
-0.0029486
-0.0029938
-0.00299596
-0.00297078
-0.00294645
-0.00289334
-0.00277405
-0.00265687
-0.00253969
-0.00233654
-0.0021266
-0.00191699
-0.00222483
-0.00286143
-0.00348757
-0.00397483
-0.00414225
-0.00431935
-0.00449605
-0.00433257
-0.00414181
-0.00395201
-0.00399768
-0.00419301
-0.00438366
-0.00451526
-0.00451077
-0.00451042
-0.00450996
-0.00452447
-0.00454019
-0.00455586
-0.00461691
-0.00470679
-0.00479574
-0.00488134
-0.00495925
-0.00503735
-0.0051154
-0.0051347
-0.00515578
-0.00517679
-0.00517448
-0.00515735
-0.00514068
-0.00516428
-0.00528057
