0
0.0186989
0.0172613
0.0175
0.017599
0.0175653
0.0175267
0.0174886
0.0173999
0.017265
0.0171342
0.0169942
0.0168192
0.0166474
0.0164756
0.0166224
0.0167781
0.0169327
0.0169992
0.0169848
0.016977
0.0169657
0.0169428
0.0169209
0.016899
0.0164365
0.0159619
0.015489
0.0155643
0.0161422
0.0166783
0.017051
0.0167733
0.0165487
0.0163202
0.01591
0.0154948
0.0150807
0.014783
0.0145921
0.0143929
0.0142489
0.0143174
0.0143686
0.0144211
0.0148714
0.0153332
0.0157933
0.0156608
0.0149844
0.0143526
0.0137609
0.0133373
0.0129009
0.0124663
0.0121266
0.0117904
0.0114545
0.011316
0.0113589
0.0113874
0.0113617
0.0111194
0.0108947
0.0106689
0.0106632
0.0106645
0.0106653
0.0104894
0.0101511
0.00982616
0.00976389
0.0107331
0.0116197
0.0125115
0.0115114
0.0104513
0.00939757
0.00892069
0.00897469
0.00898714
0.00905059
0.00930095
0.00953636
0.00977256
0.00962856
0.00947217
0.00931699
0.00901838
0.00858788
0.00816827
0.00788414
0.00813222
0.00833877
0.0085482
0.00870598
0.00886184
0.0090176
0.00896566
0.00872248
0.00849438
0.00830135
0.00824928
0.00818648
0.0081246
0.00838685
0.00865987
0.00893165
0.00852536
0.00749426
0.00651242
0.00575624
0.00589494
0.00596528
0.00604072
0.0058497
0.00564968
0.00545066
0.005451
0.00563523
0.00580525
0.00578707
0.00502764
0.00432538
0.00361987
0.003519
0.00343966
0.00335883
0.00327923
0.00320067
0.00312214
0.00304055
0.00294657
0.00285366
0.0027608
0.00219678
0.00161653
0.00103837
0.000648559
0.000432771
0.000204318
1.60182e-05
-1.96395e-05
-6.66099e-05
-0.000112669
9.64667e-05
0.000314666
0.000531868
0.000573643
0.000453312
0.000345167
0.000147008
-0.000401023
-0.000922384
-0.00144494
-0.00159233
-0.00172561
-0.00185974
-0.00203039
-0.00223486
-0.00243654
-0.00261497
-0.0027023
-0.00279618
-0.00288944
-0.00313699
-0.00339002
-0.00364227
-0.00381972
-0.00392792
-0.00404103
-0.00417217
-0.00437602
-0.00457428
-0.00477266
-0.00477443
-0.00476869
-0.00476351
-0.00485612
-0.00503926
-0.00521558
-0.00541407
-0.00569838
-0.00597608
-0.00625385
-0.00642957
-0.00660112
-0.00677272
-0.00692291
-0.00705328
-0.00718489
-0.00730882
-0.00740351
-0.00750017
-0.00759655
-0.00775255
-0.00791069
-0.00806845
-0.00822974
-0.00839428
-0.00855835
-0.00872871
-0.00892431
-0.00911784
-0.00931123
-0.00946292
-0.00961275
-0.0097625
-0.00999205
-0.0102956
-0.0105934
-0.0108801
-0.0111225
-0.0113677
-0.0116123
-0.011655
-0.0116894
-0.0117244
-0.0118487
-0.0120558
-0.0122568
-0.0124596
-0.0126689
-0.0128774
-0.0130857
-0.0131742
-0.0132578
-0.0133415
-0.0134076
-0.0134572
-0.0135079
-0.0135741
-0.0137018
-0.013825
-0.0139484
-0.0139922
-0.0140326
-0.0140732
-0.0141167
-0.0141629
-0.0142087
-0.0142579
-0.0143203
-0.0143817
-0.014443
-0.0144931
-0.0145427
-0.0145922
-0.0146719
-0.0147797
-0.0148853
-0.0149572
-0.014896
-0.0148441
-0.0147916
-0.0148805
-0.0149753
-0.0150696
-0.0151165
-0.0151196
-0.0151256
-0.0151368
-0.0151692
-0.0152002
-0.0152311
-0.0152483
-0.0152648
-0.0152813
-0.0153075
-0.0153428
-0.0153774
-0.0153847
-0.0152853
-0.0151932
-0.0151007
-0.0151418
-0.0151885
-0.0152348
-0.0152768
-0.0153149
-0.0153531
-0.0153831
-0.0153806
-0.0153803
-0.0153799
-0.0153601
-0.0153369
-0.0153138
-0.0153214
-0.0153574
-0.0153914
-0.0154147
-0.0153949
-0.015378
-0.015361
-0.0153876
-0.0154221
-0.015456
-0.0154546
-0.0154201
-0.0153879
-0.0153686
-0.0154008
-0.0154295
-0.0154584
-0.0154915
-0.0155253
-0.015559
-0.0156087
-0.0156734
-0.015737
-0.0157772
-0.0157252
-0.0156793
-0.0156331
-0.0155957
-0.0155599
-0.015524
-0.0155152
-0.0155315
-0.0155461
-0.0155506
-0.015515
-0.015482
-0.0154489
-0.0153978
-0.0153434
-0.0152893
-0.015267
-0.0152743
-0.0152797
-0.0152667
-0.0151808
-0.0150997
-0.0150185
-0.0149765
-0.0149419
-0.0149068
-0.0149014
-0.0149236
-0.0149439
-0.0149531
-0.014918
-0.0148858
-0.0148535
-0.0148771
-0.0149111
-0.0149443
-0.014909
-0.0148097
-0.0147147
-0.0146265
-0.0145659
-0.0145036
-0.0144415
-0.0143781
-0.0143145
-0.014251
-0.014172
-0.0140786
-0.0139862
-0.0139151
-0.0139277
-0.0139349
-0.0139424
-0.0138605
-0.0137621
-0.0136648
-0.0135725
-0.0134847
-0.0133968
-0.0133282
-0.0133353
-0.0133376
-0.0133402
-0.0132707
-0.0131878
-0.013106
-0.0130635
-0.0130579
-0.01305
-0.013027
-0.012944
-0.0128649
-0.0127856
-0.0127826
-0.0127938
-0.0128042
-0.0128021
-0.0127885
-0.0127756
-0.0127645
-0.0127609
-0.0127568
-0.0127528
-0.0127184
-0.0126784
-0.0126388
-0.0125907
-0.0125347
-0.0124792
-0.01238
-0.0121086
-0.0118482
-0.0115875
-0.0109279
-0.0101942
-0.00946608
-0.00895143
-0.00863697
-0.00831046
-0.00808241
-0.00823751
-0.00836866
-0.00850113
-0.00818056
-0.0077753
-0.00737577
-0.00711778
-0.00699269
-0.00685954
-0.00668576
-0.00634964
-0.00602394
-0.00569799
-0.00553573
-0.00540439
-0.00527132
-0.00497658
-0.00453028
-0.00409383
-0.00369031
-0.00341722
-0.00313647
-0.00285653
-0.00264388
-0.0024441
-0.00224378
-0.00213809
-0.00212105
-0.00209862
-0.00204765
-0.00188292
-0.00172532
-0.00156747
-0.00117296
-0.000734124
-0.000298509
1.72511e-05
0.000220449
0.000430223
0.000656208
0.000948356
0.00123615
0.00152385
0.00183914
0.00215935
0.00247887
0.00276607
0.00302291
0.00328126
0.00352732
0.00372629
0.00392786
0.00412902
0.004408
0.00470146
0.0049937
0.00528475
0.00557462
0.00586421
0.00615447
0.0064483
0.00674157
0.00703452
0.00723635
0.00742068
0.00760584
0.00779163
0.00797807
0.00816424
0.00835602
0.00857047
0.00878331
0.008996
0.0091349
0.00925964
0.00938507
0.0095157
0.00965124
0.00978634
0.00995799
0.010274
0.0105811
0.0108883
0.0109787
0.0110276
0.0110789
0.0110917
0.0110684
0.0110472
0.0110703
0.011268
0.0114553
0.011643
0.0115255
0.0113498
0.0111777
0.0110348
0.0109197
0.0108031
0.0107338
0.0108501
0.0109555
0.0110613
0.011013
0.0109352
0.0108593
0.0108838
0.011003
0.0111165
0.01121
0.0112237
0.011242
0.01126
0.0112027
0.0111311
0.0110604
0.0111335
0.0113419
0.0115422
0.0116786
0.0115621
0.0114604
0.0113578
0.0110672
0.0107407
0.0104166
0.0102802
0.0103204
0.0103505
0.0103221
0.0100612
0.00981388
0.00956609
0.0095333
0.00954187
0.00954806
0.00948156
0.00934653
0.00921558
0.00908465
0.00895431
0.00882409
0.00869402
0.00865618
0.00863615
0.00861513
0.00861573
0.00863664
0.00865637
0.00867967
0.00871682
0.00875315
0.00878948
0.00871693
0.00862345
0.00853125
0.00839624
0.00822097
0.00804818
0.0078994
0.00784525
0.00778582
0.00772675
0.00789987
0.00811772
0.00833282
0.00834671
0.0081709
0.00800594
0.00784421
0.00769704
0.00754921
0.00740159
0.00748133
0.00760502
0.00772611
0.00769805
0.00752926
0.00736853
0.00718351
0.00678398
0.00639686
0.00600948
0.00617628
0.00645038
0.00671821
0.00658111
0.00606191
0.00556451
0.00515253
0.00551054
0.00582545
0.0061424
0.00605999
0.00590012
0.00574471
0.00571116
0.00579277
0.00586794
0.00589627
0.00550347
0.00513433
0.00476429
0.00490226
0.00513893
0.0053699
0.00536111
0.00512581
0.00490321
0.00469676
0.00463899
0.00457312
0.00450777
0.00436808
0.00421402
0.00406092
0.003862
0.00361991
0.00338044
0.00320354
0.00358528
0.00393612
0.00428826
0.00453954
0.00477096
0.0050032
0.00478345
0.00413707
0.00351458
0.00298512
0.00329356
0.0035562
0.00382104
0.00369654
0.00349609
0.00329996
0.00287685
0.00223964
0.00161468
0.00113951
0.00200394
0.00279514
0.00358944
0.00318562
0.00254768
0.00192304
0.00142753
0.00105472
0.000675716
0.000330276
0.000278671
0.000211348
0.000144942
-0.00013462
-0.000455725
-0.000774261
-0.00101916
-0.00119436
-0.00137309
-0.00149111
-0.00106961
-0.000677364
-0.000283975
-0.000668118
-0.00120456
-0.00173232
-0.00214373
-0.00244471
-0.00275125
-0.00296889
-0.00239702
-0.0018677
-0.00133667
-0.00161138
-0.00204424
-0.00246826
-0.00285923
-0.00321848
-0.00357904
-0.00393532
-0.00425716
-0.00458048
-0.00490338
-0.00498034
-0.00500882
-0.00503982
-0.00492912
-0.00468455
-0.00444728
-0.00428101
-0.00475113
-0.00518731
-0.00562482
-0.00597654
-0.00631108
-0.00664617
-0.00690706
-0.00709777
-0.00729195
-0.00747623
-0.00757521
-0.00767854
-0.00778154
-0.00783255
-0.00787324
-0.00791444
-0.00799013
-0.00809851
-0.00820507
-0.00830581
-0.00835458
-0.00840601
-0.00845724
-0.00846813
-0.00847104
-0.00847435
-0.00847371
-0.00846935
-0.00846519
-0.00847389
-0.00859767
-0.00871537
-0.00883326
-0.00885329
-0.00885395
-0.0088556
-0.00887229
-0.00890325
-0.00893345
-0.00896049
-0.00895917
-0.0089593
-0.00895937
-0.00899558
-0.00903892
-0.00908186
-0.00912328
-0.00916326
-0.00920327
-0.00923887
-0.00923542
-0.00923397
-0.00923242
-0.00925196
-0.00927566
-0.00929913
-0.00932065
-0.00934032
-0.00936006
-0.00937738
-0.00937327
-0.00937025
-0.00936717
-0.00937397
-0.00938273
-0.00939138
-0.00937591
-0.00933758
-0.00930045
-0.00927395
-0.00934281
-0.00940677
-0.00947092
-0.00943802
-0.00938583
-0.00933468
-0.00927978
-0.00922139
-0.00916323
-0.00911398
-0.00914397
-0.00916994
-0.00919609
-0.00917945
-0.0091543
-0.00912961
-0.00914444
-0.00919677
-0.00924716
-0.00928574
-0.0092183
-0.00915624
-0.00909397
-0.00911805
-0.00915934
-0.00919973
-0.0092144
-0.00920464
-0.00919612
-0.00919525
-0.00926335
-0.00932794
-0.00939265
-0.0280179
-0.0503371
-0.0596368
-0.00671617
-0.00932212
-0.00916296
-0.00914349
-0.00913539
-0.00912674
-0.00911812
-0.00909508
-0.00906916
-0.00904341
-0.00908506
-0.00919067
-0.009293
-0.00937205
-0.00924211
-0.00912263
-0.00900276
-0.00892492
-0.00885555
-0.00878584
-0.00879046
-0.00886563
-0.00893724
-0.00900219
-0.0090065
-0.00901378
-0.00902091
-0.00904352
-0.00906923
-0.00909475
-0.00909744
-0.00907842
-0.00906048
-0.0090444
-0.00904521
-0.00904519
-0.00904521
-0.00901204
-0.00897223
-0.00893278
-0.00892191
-0.00893818
-0.00895311
-0.00896298
-0.00892712
-0.00889352
-0.00885985
-0.00886632
-0.00888085
-0.00889498
-0.00886953
-0.00880646
-0.00874528
-0.0086836
-0.00861771
-0.0085521
-0.00848654
-0.00842573
-0.00836592
-0.00830613
-0.00824299
-0.00817666
-0.00811056
-0.00804314
-0.00796353
-0.00788459
-0.0078057
-0.0076451
-0.00746815
-0.00729216
-0.00721591
-0.0072345
-0.00724851
-0.00725928
-0.00723927
-0.00722075
-0.00720218
-0.00715573
-0.00710368
-0.00705195
-0.00701086
-0.0069799
-0.00694849
-0.00690603
-0.00676425
-0.00662736
-0.00649036
-0.00642176
-0.00636703
-0.0063117
-0.00621939
-0.00609192
-0.00596623
-0.00581943
-0.00548342
-0.00515673
-0.0048299
-0.00461856
-0.00443071
-0.00424193
-0.00397671
-0.00363876
-0.00330457
-0.00299731
-0.00293009
-0.00285158
-0.00277367
-0.00236455
-0.0018887
-0.00141644
-0.000983666
-0.000588613
-0.000192153
0.000194122
0.000492853
0.000795425
0.00109753
0.00117121
0.00119855
0.00122805
0.00136545
0.00160564
0.00184078
0.00208692
0.00243115
0.00277047
0.00310969
0.00351446
0.00393224
0.00434901
0.00462901
0.00477875
0.00493445
0.00512433
0.00562378
0.00610832
0.00659311
0.00684009
0.00703862
0.00723922
0.00749185
0.00779413
0.00809382
0.00838403
0.00859054
0.00880075
0.00901059
0.009308
0.00962299
0.00993688
0.0100426
0.00994992
0.00986654
0.00980373
0.00992825
0.010044
0.01016
0.0103151
0.0104781
0.0106405
0.010708
0.0106851
0.0106663
0.0106826
0.0110146
0.0113317
0.0116492
0.0116666
0.0116228
0.0115819
0.011557
0.0115475
0.0115372
0.0115403
0.0116626
0.0117794
0.0118963
0.0116958
0.0114307
0.0111688
0.0111166
0.0112644
0.0114029
0.0115111
0.0113447
0.0111909
0.0110368
0.0109336
0.0108408
0.0107477
0.0106641
0.0105894
0.0105145
0.0104259
0.0102146
0.0100091
0.00980357
0.00997968
0.0102337
0.0104839
0.0103525
0.00985713
0.00937868
0.00892389
0.00868423
0.00843508
0.00818657
0.00814074
0.0081364
0.00813019
0.00815793
0.00821795
0.00827646
0.0083023
0.00803556
0.00778222
0.0075285
0.00745045
0.00740841
0.00736478
0.00719912
0.00691699
0.00664034
0.00640737
0.00656564
0.00670625
0.00684751
0.00678579
0.00668252
0.0065812
0.0067876
0.00728766
0.00777416
0.00814677
0.00749802
0.00689539
0.00629123
0.00554622
0.0047728
0.00400133
0.00379113
0.00411658
0.00441793
0.00467326
0.00450914
0.00436378
0.00421772
0.00385789
0.00345439
0.00305318
0.00307583
0.00350312
0.00391213
0.00419703
0.00336673
0.00258644
0.00180463
0.001852
0.00206975
0.00227978
0.0031118
0.00453722
0.00593524
0.00721437
0.00742832
0.00768894
0.00794728
0.00786556
0.00771392
0.00756547
0.00628758
0.00393143
0.00162463
-0.000495107
-0.00093715
-0.00145229
-0.00196378
-0.0021323
-0.00223005
-0.0023308
-0.00249212
-0.00271141
-0.00292798
-0.00313618
-0.00326984
-0.00340663
-0.00354317
-0.00363312
-0.00371341
-0.00379405
-0.00390214
-0.00403647
-0.00416954
-0.00430271
-0.00443722
-0.00457156
-0.00470579
-0.00469898
-0.00466307
-0.00462845
-0.00459559
-0.00456445
-0.00453326
-0.00450792
-0.00453459
-0.00455898
-0.00458346
-0.00468436
-0.00480097
-0.0049168
-0.00508976
-0.00531728
-0.00554225
-0.00574919
-0.00579522
-0.00584814
-0.00590072
-0.00585943
-0.00579875
-0.00573897
-0.0057584
-0.0058536
-0.00594546
-0.00603171
-0.006067
-0.00610445
-0.00614178
-0.00617908
-0.00621635
-0.00625359
-0.00629333
-0.00633547
-0.00637746
-0.00642139
-0.00648276
-0.00654333
-0.00660389
-0.00670471
-0.00681381
-0.00692246
-0.00700114
-0.00705116
-0.00710235
-0.0071504
-0.00717108
-0.00719291
-0.00721467
-0.00720554
-0.00719001
-0.00717476
-0.00717966
-0.00720384
-0.00722718
-0.00724818
-0.00724807
-0.00724885
-0.0072496
-0.0072852
-0.007328
-0.00737047
-0.00742401
-0.00748814
-0.00755177
-0.00760817
-0.00760003
-0.00759462
-0.00758909
-0.00765503
-0.00773576
-0.0078158
-0.00778259
-0.00764101
-0.00750411
-0.00739342
-0.00751837
-0.00763332
-0.00774859
-0.00774076
-0.00770736
-0.00767507
-0.00764073
-0.0076045
-0.00756838
-0.00754181
-0.00760057
-0.00765573
-0.00771098
-0.00772874
-0.00773868
-0.00774894
-0.00772893
-0.00767996
-0.00763223
-0.00759003
-0.00759745
-0.00760281
-0.00760825
-0.0076157
-0.00762356
-0.00763139
-0.00762929
-0.00761766
-0.00760644
-0.0075972
-0.00760574
-0.00761353
-0.00762135
-0.00759303
-0.00755719
-0.0075217
-0.00747698
-0.00742346
-0.00737034
-0.00732786
-0.00738039
-0.00742895
-0.00747764
-0.00749029
-0.00749543
-0.00750087
-0.0075104
-0.00752387
-0.00753716
-0.0075429
-0.007481
-0.00742193
-0.0073628
-0.00729176
-0.00721829
-0.00714498
-0.00712166
-0.00714623
-0.00716881
-0.00718732
-0.00716872
-0.00715167
-0.00713456
-0.00715217
-0.00717702
-0.00720155
-0.00719503
-0.00715873
-0.00712367
-0.00708701
-0.00703618
-0.00698597
-0.00693578
-0.00691426
-0.00689875
-0.00688301
-0.00688663
-0.0069088
-0.0069302
-0.00694762
-0.00692932
-0.00691249
-0.00689561
-0.00688268
-0.00687058
-0.00685846
-0.00686735
-0.00689637
-0.00692455
-0.00693997
-0.00684092
-0.00674658
-0.00665213
-0.00664101
-0.00664735
-0.00665297
-0.00666087
-0.00667091
-0.00668087
-0.00668438
-0.00663026
-0.00657852
-0.00652671
-0.00658422
-0.00666458
-0.00674396
-0.00678542
-0.00679048
-0.006797
-0.00679691
-0.00673825
-0.00668199
-0.00662568
-0.00618561
-0.00566536
-0.00514874
-0.00481274
-0.00465008
-0.0044806
-0.00424086
-0.00336824
-0.0025216
-0.0016746
-0.000658933
0.000391516
0.00143974
0.00224661
0.00282196
0.00340607
0.0038774
0.00334561
0.00285416
0.0023615
0.0040053
0.00609669
0.00816862
0.00940026
0.00982518
0.0102818
0.0107622
0.0114707
0.0121695
0.0128681
0.0130545
0.0131332
0.013216
0.0131565
0.0129606
0.0127702
0.0126126
0.0127491
0.0128738
0.012999
0.013058
0.0131031
0.0131487
0.0130231
0.0127334
0.0124503
0.0121793
0.012017
0.0118507
0.0116846
0.0116215
0.0115802
0.011538
0.011538
0.0115785
0.0116173
0.0116863
0.0120245
0.012352
0.0126796
0.012432
0.0120633
0.0116997
0.0113365
0.0109739
0.0106115
0.0102892
0.0103238
0.0103445
0.0103656
0.0107157
0.0111348
0.0115509
0.0117342
0.0116939
0.0116623
0.0116556
0.0118752
0.0120858
0.0122966
0.0115281
0.0105536
0.0095878
0.00948934
0.0102239
0.0109256
0.0114782
0.0106871
0.00994868
0.0092088
0.00870681
0.0082553
0.00780219
0.00771776
0.00798728
0.00824292
0.0084996
0.00876233
0.00902462
0.00928672
0.0089031
0.00838333
0.0078692
0.00752381
0.00734069
0.00715147
0.00701121
0.00730622
0.00758429
0.00786279
0.00780511
0.00767641
0.00755055
0.00745192
0.00737957
0.00730626
0.00719627
0.00675687
0.00633042
0.00590379
0.00616537
0.00657234
0.00697345
0.00725485
0.00742102
0.00759146
0.00776388
0.00795659
0.00814839
0.00834007
0.00786298
0.00724463
0.00663213
0.00631624
0.00628558
0.0062441
0.00617011
0.005801
0.00544338
0.00508559
0.00532334
0.00568706
0.00604573
0.00587592
0.00519805
0.00453994
0.00395398
0.0040171
0.00405561
0.00409503
0.0041408
0.00418789
0.0042349
0.00453438
0.00507652
0.00560908
0.00600429
0.00516899
0.00438069
0.00359123
0.00347534
0.00350236
0.00352397
0.00360075
0.00373035
0.00385786
0.00396117
0.00384766
0.00374237
0.00363686
0.00397989
0.00441792
0.00485205
0.00480368
0.00429127
0.00379663
0.00335471
0.00338814
0.00340376
0.00342003
0.00333658
0.00323201
0.0031283
0.00280655
0.00227517
0.00175201
0.00133308
0.0018476
0.00232695
0.00280725
0.00269216
0.00245063
0.00221398
0.00231575
0.00274315
0.00315812
0.00355812
0.00382223
0.00409119
0.00435977
0.00402008
0.00355124
0.00308754
0.00254656
0.00193143
0.00131951
0.000760759
0.000675735
0.000573248
0.000471483
0.000996216
0.00165396
0.00230631
0.00249606
0.00224059
0.00200174
0.00176696
0.00157272
0.00137713
0.00118174
0.000869506
0.000532576
0.000196804
0.000196395
0.000518688
0.00082888
0.00110685
0.00109401
0.00109185
0.00108931
0.00108856
0.00108818
0.0010878
0.000896583
0.000521738
0.000153894
-0.000197893
-0.000405673
-0.00061857
-0.000831123
-0.00015627
0.00070739
0.00156352
0.00205283
0.00218885
0.00233766
0.00246149
0.00236656
0.00227967
0.00219255
0.0011994
1.35192e-05
-0.00116448
-0.00169784
-0.00161041
-0.00154563
-0.00149848
-0.00161637
-0.00172817
-0.00184012
-0.00159825
-0.00128098
-0.000966682
-0.00104706
-0.00150749
-0.00195382
-0.00230307
-0.00178051
-0.00128989
-0.000798472
-0.000771242
-0.000843158
-0.00091144
-0.00119977
-0.00169983
-0.00219189
-0.00264431
-0.00274182
-0.00285206
-0.00296176
-0.00301723
-0.00306109
-0.00310533
-0.0030906
-0.00301911
-0.00294971
-0.00289587
-0.00298173
-0.0030625
-0.0031434
-0.00325296
-0.0033686
-0.00348393
-0.00358687
-0.00367786
-0.00376921
-0.00385512
-0.00389299
-0.00393256
-0.00397203
-0.00399449
-0.0040133
-0.00403222
-0.00401543
-0.00394639
-0.00387926
-0.00381309
-0.00375569
-0.00369802
-0.0036404
-0.0035758
-0.00350975
-0.00344379
-0.00343059
-0.00349457
-0.00355575
-0.00361322
-0.00363683
-0.00366163
-0.00368637
-0.00368538
-0.00367889
-0.00367259
-0.00368688
-0.00373128
-0.00377459
-0.00381931
-0.0038765
-0.00393322
-0.00398991
-0.00398351
-0.00396359
-0.00394417
-0.00395023
-0.00399361
-0.00403564
-0.00407469
-0.00408685
-0.00409995
-0.00411301
-0.00412903
-0.00414568
-0.00416229
-0.00420218
-0.00427615
-0.00434886
-0.00441272
-0.00439719
-0.00438447
-0.00437165
-0.00443521
-0.00451513
-0.00459442
-0.00462744
-0.00459275
-0.00456046
-0.00453777
-0.00460179
-0.00466273
-0.00472373
-0.0046241
-0.00449003
-0.00435726
-0.00430687
-0.00437708
-0.00444302
-0.00450229
-0.00450077
-0.00450136
-0.00450189
-0.00464937
-0.00482835
-0.00500611
-0.0050491
-0.0048948
-0.00474748
-0.00462831
-0.00476274
-0.00488825
-0.00501398
-0.00497119
-0.00489221
-0.00481453
-0.00477045
-0.00477559
-0.00477901
-0.00477682
-0.00472371
-0.00467241
-0.00462109
-0.00465501
-0.00470725
-0.00475883
-0.00477328
-0.00473337
-0.00469536
-0.00466665
-0.00472156
-0.00477355
-0.0048256
-0.00484217
-0.0048511
-0.00486028
-0.00439737
-0.00324318
-0.00211363
-0.00114372
-0.00160592
-0.00201847
-0.00243244
-0.00239781
-0.0022666
-0.00213881
-0.00188684
-0.00145317
-0.00102605
-0.000589623
-6.95257e-05
0.000447342
0.000963966
0.000936544
0.00079192
0.000651413
0.000741307
0.0011688
0.00158443
0.00204366
0.00289216
0.00372675
0.00456126
0.00533062
0.00608554
0.00684045
0.00692291
0.00602075
0.0051528
0.00439377
0.0046166
0.0048058
0.00499601
0.00611055
0.00742389
0.00872957
0.0090889
0.00806211
0.00708316
0.00633652
0.00768126
0.00895401
0.0102284
0.00933828
0.00798159
0.00664166
0.00618165
0.00701104
0.00779617
0.00849898
0.00845484
0.00843602
0.00841637
0.00791463
0.00730905
0.00670739
0.00654474
0.00702526
0.00748372
0.00791979
0.008151
0.00838897
0.00862654
0.0089232
0.00923247
0.00954111
0.00958637
0.00924582
0.0089185
0.00854882
0.00780183
0.00706803
0.00633428
0.0068107
0.00754845
0.00827692
0.00832203
0.0073656
0.00644343
0.00566588
0.00619003
0.00667018
0.00715149
0.00738184
0.00755782
0.0077355
0.00752014
0.00672898
0.00595761
0.00530534
0.00572239
0.00610343
0.00648541
0.00708797
0.00773796
0.00838593
0.00841864
0.00754981
0.0067116
0.00468592
-0.00797843
-0.0202801
-0.0325856
-0.0448828
0.00849921
0.00613393
0.00599292
0.00633198
0.00665486
0.00689444
0.00638418
0.00589914
0.00541358
0.00587686
0.00654542
0.00720673
0.00754878
0.00715695
0.00678968
0.00642185
0.00599433
0.00556242
0.00513094
0.00499185
0.00503785
0.00507772
0.00506988
0.00495194
0.00483772
0.00472345
0.0047536
0.00479499
0.004836
0.0047344
0.00454256
0.0043538
0.004303
0.0045694
0.0048252
0.00508117
0.00503402
0.00496321
0.00489323
0.00513077
0.005563
0.00598856
0.00609491
0.00546723
0.00486403
0.00426042
0.00421307
0.00420927
0.00420405
0.00445955
0.00488008
0.00529494
0.00535823
0.0046131
0.00389488
0.00317626
0.00328941
0.00346766
0.00364368
0.00351119
0.00318326
0.00286193
0.00268989
0.00286137
0.00302155
0.003182
0.00302549
0.00284421
0.00266386
0.00278514
0.00309751
0.00340347
0.00378575
0.00434334
0.00489487
0.00544624
0.00516509
0.00481869
0.00447462
0.00426567
0.00414243
0.00401648
0.00378783
0.0033227
0.00286552
0.00240837
0.00287188
0.00340756
0.00394055
0.00390228
0.00350193
0.00311354
0.00296152
0.00335364
0.00372795
0.0041026
0.00382377
0.00349363
0.00316536
0.00305214
0.00307529
0.00309404
0.00306873
0.00294179
0.0028182
0.00269458
0.00293917
0.00321266
0.00348506
0.00334231
0.00293639
0.00253918
0.00234591
0.002622
0.00288286
0.00314404
0.00295904
0.0027389
0.00252003
0.00250896
0.00262969
0.00274612
0.0027679
0.00257174
0.00238268
0.0021935
0.00252336
0.00289408
0.00326326
0.00310738
0.00261855
0.00214065
0.00186078
0.00203682
0.00219823
0.00236
0.00219813
0.00201071
0.00182423
0.00189221
0.00212159
0.00234569
0.00253974
0.00266446
0.00279131
0.00291801
0.00283796
0.00274157
0.00264576
0.00268714
0.00281557
0.00294115
0.00299071
0.0028653
0.0027455
0.0026256
0.00236529
0.00209398
0.00182319
0.00181853
0.00198273
0.0021415
0.00236851
0.00275226
0.00313083
0.00350932
0.00300663
0.00243419
0.0018643
0.0016589
0.00168488
0.00170356
0.00175699
0.00188983
0.0020201
0.00215036
0.00203995
0.00191045
0.00178162
0.00177731
0.00185202
0.00192421
0.00191911
0.00173605
0.00155869
0.00138126
0.00151254
0.00166834
0.00182328
0.00211131
0.00248375
0.00285331
0.00297407
0.00252254
0.00208917
0.0016555
0.00156767
0.00150749
0.00144647
0.00132766
0.00117216
0.0010179
0.000949533
0.00107877
0.00120176
0.00132488
0.00121364
0.00108374
0.000954505
0.000910724
0.000921225
0.000930031
0.00105808
0.00146036
0.00185388
0.00224743
0.00147863
0.000617283
-0.000240657
-0.000615013
-0.000682122
-0.000758711
-0.000586067
0.000159319
0.000886511
0.00161382
0.000892003
5.45463e-05
-0.000778817
-0.001206
-0.00137503
-0.00155194
-0.0015415
-0.00110069
-0.000673444
-0.000246038
-0.000573948
-0.000878365
-0.00118332
-0.00144168
-0.00167039
-0.00189989
-0.00205893
-0.00205612
-0.00205829
-0.0020603
-0.00204059
-0.00201914
-0.00199776
-0.00207303
-0.00220968
-0.00234437
-0.00243257
-0.00241378
-0.00239828
-0.00238268
-0.0023717
-0.00236109
-0.00235048
-0.00239111
-0.00246429
-0.00253643
-0.00261086
-0.00269056
-0.00277005
-0.00284949
-0.0028728
-0.00289158
-0.00291049
-0.00295158
-0.00300678
-0.00306151
-0.00310468
-0.00312125
-0.00313862
-0.00315596
-0.00315386
-0.0031502
-0.00314658
-0.00319056
-0.0032648
-0.00333806
-0.0033856
-0.00337391
-0.00336403
-0.0033541
-0.00336321
-0.00337174
-0.00338028
-0.00338513
-0.00338763
-0.00339021
-0.00342886
-0.00355057
