0
0.0155818
0.0134986
0.0128872
0.0121546
0.0125982
0.0130729
0.0135442
0.0138862
0.0141096
0.0143424
0.0144755
0.0142225
0.0140018
0.0137788
0.0135886
0.0133996
0.0132108
0.0130355
0.0128726
0.012709
0.0125566
0.0124472
0.0123345
0.0122222
0.0117306
0.0112285
0.0107281
0.010609
0.0108394
0.011041
0.0113184
0.0118844
0.0124261
0.0129689
0.0122624
0.0115196
0.010781
0.010489
0.0106068
0.0106914
0.010738
0.0106255
0.0105261
0.0104257
0.0101965
0.00996354
0.00973129
0.00945198
0.00912954
0.00881106
0.00854752
0.00849881
0.00843304
0.00836873
0.00829974
0.00823071
0.0081618
0.00799079
0.00772605
0.00746916
0.00734952
0.00776858
0.00814433
0.0085229
0.00851303
0.00849083
0.00846963
0.00830953
0.00802188
0.00774473
0.00759116
0.00792364
0.00821742
0.00851378
0.00807005
0.00760293
0.00713836
0.00684585
0.00671174
0.00656546
0.00658216
0.00723284
0.00783309
0.00843634
0.00827947
0.00809769
0.00791813
0.00780289
0.007747
0.0076866
0.00762289
0.00754452
0.00746741
0.00739031
0.00791021
0.0084495
0.00898647
0.00914877
0.00896593
0.00880993
0.00860692
0.00822722
0.00786167
0.00749559
0.00739393
0.00730146
0.00720844
0.00699833
0.00668031
0.00637101
0.00616645
0.00637367
0.00654921
0.00672689
0.00726531
0.0078156
0.00836416
0.00844857
0.00810493
0.00779425
0.00748383
0.00718303
0.00688196
0.00658137
0.00685098
0.00714045
0.00742799
0.00761732
0.00771591
0.00782117
0.00776049
0.00705169
0.00639258
0.00573073
0.00568163
0.00565463
0.00562602
0.00543977
0.00510789
0.00478737
0.00456636
0.00473749
0.00487917
0.00502283
0.00450658
0.0039669
0.00342976
0.00342742
0.00391925
0.00437374
0.00468184
0.0044068
0.00417526
0.00394086
0.00369404
0.00344707
0.00320047
0.0032593
0.00360042
0.00392028
0.00407158
0.00355688
0.0030918
0.00262376
0.00297269
0.00335191
0.00372837
0.00374402
0.00342582
0.00313246
0.00299155
0.00345462
0.00387304
0.00429409
0.00427687
0.00424295
0.00421029
0.00430135
0.00450698
0.00470401
0.00476094
0.0042666
0.00381283
0.00335679
0.00384138
0.00436174
0.00487878
0.00482302
0.0042367
0.00368939
0.00320368
0.00296851
0.00271569
0.0024645
0.00204795
0.00162545
0.00120399
0.00103092
0.00108804
0.00112864
0.00114051
0.0010351
0.000938202
0.000840836
0.000384648
-8.52299e-05
-0.000553467
-0.000726367
-0.000625402
-0.000544004
-0.000564421
-0.00098965
-0.00138563
-0.00178312
-0.00129316
-0.000768108
-0.000246273
-0.000276395
-0.000818635
-0.00132405
-0.00176438
-0.00194101
-0.00213593
-0.00232929
-0.00227734
-0.00221544
-0.00215433
-0.00205091
-0.00190827
-0.00176857
-0.00172162
-0.002039
-0.00233051
-0.00262342
-0.00262158
-0.00260759
-0.00259447
-0.00259903
-0.00262008
-0.00263994
-0.00267879
-0.00279192
-0.00289975
-0.00300779
-0.00286709
-0.00271618
-0.00256619
-0.00237209
-0.00213707
-0.0019052
-0.0017269
-0.00175886
-0.00177631
-0.00179473
-0.00182888
-0.00186365
-0.00189834
-0.00214765
-0.0025964
-0.00303089
-0.00343298
-0.00370575
-0.00398698
-0.00426725
-0.00436575
-0.00445636
-0.00454739
-0.00428784
-0.0037023
-0.00313974
-0.00265796
-0.00249743
-0.00231531
-0.0021349
-0.00242628
-0.00273767
-0.00304728
-0.00327552
-0.00342793
-0.00358526
-0.00369934
-0.00364549
-0.00360303
-0.00355986
-0.00315659
-0.00268811
-0.00222465
-0.00237038
-0.0030835
-0.00375759
-0.00432301
-0.00445372
-0.00461337
-0.00477087
-0.00452868
-0.00421369
-0.00390399
-0.00373899
-0.00370909
-0.00367023
-0.00369338
-0.00395765
-0.00420552
-0.00445416
-0.00469602
-0.00493641
-0.00517657
-0.0051532
-0.00488425
-0.00463192
-0.00445864
-0.00459942
-0.00471927
-0.00484033
-0.00474354
-0.00460687
-0.00447302
-0.00446891
-0.00458593
-0.00469483
-0.00475701
-0.00463385
-0.00452303
-0.00441154
-0.00427677
-0.00413783
-0.00399935
-0.00379558
-0.00353095
-0.00327063
-0.00302198
-0.0028193
-0.00261388
-0.00240891
-0.00229053
-0.00218824
-0.00208504
-0.00221058
-0.0025495
-0.00287412
-0.00300902
-0.00239559
-0.00183145
-0.00126485
-0.00112704
-0.00106859
-0.00100507
-0.00094197
-0.000878922
-0.000815951
-0.000793649
-0.000931021
-0.00105793
-0.00118536
-0.000778031
-0.000272042
0.000226959
0.000592537
0.000833057
0.00108129
0.00129549
0.00137887
0.0014705
0.00156149
0.00192895
0.00234738
0.00276203
0.00304207
0.00319611
0.00335797
0.00350238
0.00358078
0.00366327
0.00374539
0.0037234
0.00368206
0.00364199
0.00350492
0.00327725
0.0030556
0.00298702
0.00352119
0.0040166
0.00451383
0.00427374
0.00389641
0.0035282
0.00323621
0.00301608
0.0027917
0.00263544
0.00274521
0.00283815
0.00293202
0.00284883
0.00273264
0.00261866
0.00235867
0.00196221
0.00157478
0.00127713
0.00133347
0.00136765
0.00140317
0.00127184
0.00110941
0.000949117
0.00077287
0.000581826
0.000391937
0.000321336
0.00071962
0.00108834
0.00145844
0.00123109
0.000891859
0.000559969
0.000418132
0.000454711
0.00048023
0.000504059
0.000518599
0.000533693
0.000548734
0.000125554
-0.000379639
-0.00087917
-0.00120626
-0.00137146
-0.00154639
-0.00168732
-0.00169748
-0.00171563
-0.00173327
-0.00143261
-0.00107225
-0.000715979
-0.000840893
-0.001417
-0.0019649
-0.00241255
-0.00246084
-0.00253338
-0.00260436
-0.00207298
-0.00142836
-0.000791389
-0.000549146
-0.000677438
-0.000783118
-0.00090576
-0.00109007
-0.00127042
-0.0014508
-0.00175279
-0.00207752
-0.00240048
-0.00226898
-0.00171112
-0.00117962
-0.000844562
-0.00128716
-0.00168247
-0.00208014
-0.00219332
-0.00225251
-0.00231487
-0.00230247
-0.00222013
-0.00214208
-0.00202527
-0.00175663
-0.00149738
-0.00123788
-0.00134982
-0.00153218
-0.00171013
-0.00177796
-0.00174218
-0.00171261
-0.00158665
-0.0010826
-0.000601616
-0.000119831
-0.000129861
-0.000233434
-0.00033134
-0.000376506
-0.000371815
-0.00037008
-0.000316698
-6.06618e-05
0.000183102
0.000427303
0.000285574
7.04201e-05
-0.000140153
-0.000356102
-0.000576831
-0.000797019
-0.00104604
-0.00140924
-0.00176531
-0.00212138
-0.00107573
0.000236661
0.00153189
0.00211338
0.00202315
0.00197231
0.00182775
0.00132317
0.000840196
0.000356524
0.000545227
0.000862372
0.00117167
0.00159483
0.00212457
0.00264751
0.00299026
0.0026236
0.00229854
0.00197145
0.00166883
0.00137113
0.00107348
0.00130053
0.002021
0.00271211
0.00320101
0.00288904
0.00262365
0.00235588
0.00205797
0.00175451
0.00145172
0.00154502
0.002011
0.00245502
0.00271559
0.00224996
0.00182653
0.00140116
0.00115863
0.000951442
0.000742466
0.000936889
0.00151085
0.00206247
0.00249204
0.00243756
0.00241075
0.0023824
0.00170011
0.000892409
9.27668e-05
-0.000325481
-0.00038421
-0.0004633
-0.000326875
0.00065375
0.00158538
0.00251873
0.00206424
0.00134239
0.00063648
0.000124148
-0.000204978
-0.000544083
-0.000587183
0.00053263
0.00158559
0.00264113
0.00268575
0.00253499
0.00239539
0.00198689
0.00132568
0.000679416
0.000205163
0.000409915
0.000576354
0.000744755
0.00103804
0.00135529
0.00167084
0.00154778
0.00101126
0.000498442
1.28387e-05
-0.000222178
-0.000470908
-0.000718596
-0.000783742
-0.000813424
-0.000845045
-0.000505519
0.000183799
0.000852918
0.00139803
0.000830561
0.000325431
-0.000182595
-0.000417255
-0.000598668
-0.000782827
-0.000456223
0.000351911
0.00113255
0.00179821
0.00142935
0.00111797
0.000803755
0.000333772
-0.000166162
-0.000663898
-0.000997367
-0.00117575
-0.00136246
-0.00146373
-0.000807072
-0.000192706
0.000423305
0.000244197
-8.96509e-05
-0.000414664
-0.000681662
-0.000893431
-0.00110799
-0.00125532
-0.000804946
-0.000387674
3.09472e-05
0.000328817
0.000602901
0.000877981
0.000737188
0.000203868
-0.00030754
-0.000792577
-0.00103561
-0.00129152
-0.00154645
-0.00129134
-0.00093675
-0.000587932
-0.000328934
-0.000155062
2.32223e-05
0.000143199
-0.000254416
-0.000623669
-0.000994054
-0.00135875
-0.00172206
-0.00208504
-0.00209297
-0.0017655
-0.00145642
-0.0011465
-0.000835414
-0.000524723
-0.000214344
-0.000650402
-0.00123242
-0.001806
-0.00221543
-0.0024693
-0.00273122
-0.0028901
-0.00213382
-0.00142721
-0.000718711
-0.000864397
-0.00117762
-0.00148157
-0.00185459
-0.00229238
-0.00272626
-0.00312374
-0.00319757
-0.0032885
-0.00337844
-0.00266968
-0.00180447
-0.000948461
-0.000698868
-0.00102311
-0.00131665
-0.00162478
-0.00205129
-0.0024711
-0.00289081
-0.00309517
-0.00325697
-0.00342085
-0.00310304
-0.0023298
-0.00158135
-0.000964212
-0.00152669
-0.0020266
-0.00252926
-0.00297144
-0.00340139
-0.00383153
-0.00409806
-0.00420983
-0.00432958
-0.00437164
-0.00372369
-0.00311249
-0.0025
-0.00244143
-0.00249224
-0.0025373
-0.00274903
-0.0031182
-0.00347878
-0.00381693
-0.00395343
-0.00410029
-0.00424645
-0.00356636
-0.00272345
-0.00188987
-0.00156839
-0.00173214
-0.00187058
-0.00201769
-0.00223176
-0.00244214
-0.00265249
-0.00266593
-0.00264038
-0.00261687
-0.00226809
-0.00161143
-0.000971311
-0.000415609
-0.000617215
-0.000779637
-0.000943907
-0.00135096
-0.00180585
-0.00225782
-0.00244353
-0.00237691
-0.0023233
-0.00219203
-0.00137175
-0.00058759
0.000197617
0.000117671
-0.000133926
-0.000376494
-0.000717666
-0.0011518
-0.00158074
-0.00196668
-0.00196918
-0.0019912
-0.00201221
-0.00123134
-0.000291669
0.00063897
0.000989822
0.000790758
0.00061981
0.000436454
0.000153565
-0.000123994
-0.000401541
-0.000306885
-0.000138229
2.65143e-05
0.000410297
0.00100152
0.00158167
0.00207722
0.00181572
0.00159266
0.00136788
0.00118739
0.00101583
0.000843993
0.00072825
0.000665682
0.000600505
0.000601221
0.0011896
0.00174791
0.00230716
0.00226916
0.00211203
0.00196103
0.00160831
0.00106458
0.00053094
2.56169e-05
-0.000226151
-0.000490326
-0.000753618
-0.021783
-0.0469451
-0.0571188
0.00404173
0.000939765
0.00103802
0.000927598
0.000382893
-0.000139696
-0.000662865
-0.001076
-0.00146683
-0.00185838
-0.00177634
-0.00124489
-0.000736224
-0.000225763
0.000294618
0.000813994
0.00133291
0.000918744
0.000318014
-0.000272918
-0.000779943
-0.00120684
-0.00163725
-0.0020392
-0.00219141
-0.00235575
-0.00251933
-0.00239212
-0.00220668
-0.00202428
-0.00205109
-0.00227668
-0.0024923
-0.00270815
-0.0029233
-0.00313828
-0.00335305
-0.00346923
-0.00356554
-0.00366272
-0.00355215
-0.00324433
-0.00294642
-0.00269348
-0.00284479
-0.00297626
-0.00310856
-0.00327727
-0.00345318
-0.00362857
-0.00372105
-0.00373475
-0.00375226
-0.00376066
-0.00368936
-0.00362199
-0.0035545
-0.00346359
-0.00336804
-0.00327281
-0.00323243
-0.0032442
-0.00325343
-0.00327232
-0.00337659
-0.00347664
-0.0035768
-0.00335908
-0.00307747
-0.00279921
-0.0026888
-0.00273809
-0.00277965
-0.00280727
-0.00270708
-0.00261312
-0.00251895
-0.00267951
-0.00289134
-0.00310051
-0.00321127
-0.00322837
-0.00324993
-0.00325292
-0.00309189
-0.00293885
-0.00278557
-0.00248201
-0.00214833
-0.0018164
-0.00166364
-0.00168133
-0.0016909
-0.00171919
-0.00191164
-0.00209611
-0.00228078
-0.00226718
-0.00221351
-0.00216179
-0.00203129
-0.00182593
-0.00162432
-0.00143701
-0.00137776
-0.00131251
-0.0012476
-0.00139937
-0.0015949
-0.00178817
-0.00199157
-0.0022045
-0.00241678
-0.00260399
-0.00256823
-0.00254302
-0.00251733
-0.00243008
-0.00233041
-0.00223143
-0.00214506
-0.00207075
-0.00199594
-0.00195583
-0.00222543
-0.00248025
-0.00273553
-0.00292696
-0.00310531
-0.00328411
-0.0034063
-0.00347462
-0.00354539
-0.003578
-0.00327065
-0.00297944
-0.00268776
-0.0023003
-0.00189366
-0.0014883
-0.0012798
-0.0012588
-0.00122909
-0.0012041
-0.00121737
-0.00122886
-0.00124041
-0.00124633
-0.0012511
-0.00125592
-0.00118433
-0.00103997
-0.00089911
-0.000765208
-0.000693958
-0.000619878
-0.000545997
-0.000705081
-0.000911463
-0.00111547
-0.00101441
-0.000622645
-0.00024464
9.8139e-05
0.000122772
0.000162023
0.000200566
0.00030821
0.000429849
0.000550732
0.00076218
0.00105988
0.00135334
0.00157056
0.00110575
0.000672617
0.000238429
0.000292862
0.000446883
0.000596208
0.00083203
0.00115006
0.00146405
0.00171891
0.00144522
0.00119588
0.000945654
0.000355533
-0.000303577
-0.000958946
-0.000841756
1.19766e-05
0.000831454
0.0016012
0.00191781
0.00225471
0.00259037
0.00224745
0.00176608
0.00129142
0.000797536
0.000285621
-0.000225015
-0.000716854
-0.00104363
-0.00137757
-0.00171088
-0.00184473
-0.00193768
-0.00203239
-0.00181319
-0.00129472
-0.000790202
-0.00027436
0.000340794
0.000950927
0.00156074
0.000729632
-0.000395929
-0.00150726
-0.00217805
-0.00242804
-0.00269667
-0.00289444
-0.00246748
-0.00206888
-0.00166937
-0.00125398
-0.000835613
-0.000417751
-0.000138072
9.75903e-06
0.000163344
0.000256442
-0.000188449
-0.000608958
-0.00103018
-0.00065407
-0.000114654
0.000417014
0.000566198
0.000350069
0.000150369
7.7333e-07
0.000304795
0.000588412
0.000872683
0.000562169
0.000129735
-0.000296914
-0.00028444
0.000147392
0.000560286
0.000942794
0.00104872
0.00116677
0.00128418
0.00111681
0.000891013
0.000667994
0.000567775
0.000584904
0.000596849
0.00059037
0.000417006
0.000251137
8.50845e-05
9.39445e-05
0.000138782
0.000182
1.99436e-05
-0.000338182
-0.000687393
-0.0010099
-0.00109226
-0.00118507
-0.00127734
-0.0013303
-0.00137512
-0.00142026
-0.00139394
-0.0012994
-0.00120792
-0.0011161
-0.00102178
-0.000927652
-0.000833599
-0.00082413
-0.000832102
-0.000839308
-0.00101153
-0.00134134
-0.00166401
-0.00194138
-0.00181265
-0.00170166
-0.00159
-0.00159941
-0.00163379
-0.00166706
-0.00166287
-0.00162284
-0.0015844
-0.00153899
-0.0014315
-0.00132679
-0.00122205
-0.00138757
-0.0016088
-0.00182743
-0.00204897
-0.00227317
-0.00249706
-0.00268805
-0.00258601
-0.00249667
-0.00240687
-0.00212634
-0.00180658
-0.00148878
-0.00134721
-0.00137418
-0.00139389
-0.00138381
-0.00110426
-0.000836513
-0.000568485
-0.000623585
-0.000745492
-0.000864437
-0.000887227
-0.000817971
-0.000752708
-0.000677934
-0.0005191
-0.00036399
-0.000208853
-0.000106573
-1.5302e-05
7.636e-05
-4.51718e-05
-0.000370532
-0.000686943
-0.000955485
-0.000794208
-0.000651334
-0.0005078
-0.000379857
-0.00025522
-0.000130547
-5.71604e-05
-3.28178e-05
-6.4176e-06
-4.3017e-06
-0.00021864
-0.000423637
-0.000628856
-0.000450524
-0.000192751
6.14477e-05
4.96143e-05
-0.000216835
-0.000472317
-0.000703676
-0.000716621
-0.000738759
-0.000760492
-0.000580118
-0.000357896
-0.000137623
-6.86268e-05
-0.00014444
-0.000214106
-0.000296537
-0.00049141
-0.000681401
-0.000871437
-0.000697422
-0.000447876
-0.000201703
0.000202597
0.000758066
0.00130674
0.00170173
0.000721698
-0.000200052
-0.00112347
-0.000972087
-0.000597314
-0.000232174
-6.38662e-05
-8.43413e-05
-9.69334e-05
-9.4108e-05
4.96331e-05
0.00018739
0.000325282
0.000920686
0.00161094
0.00229668
0.00235776
0.00182071
0.00130892
0.000834612
0.000701913
0.000555166
0.000409124
0.000794197
0.00128967
0.00178017
0.00189134
0.00163914
0.00140217
0.00116251
0.000902927
0.00064438
0.000386004
-0.000169074
-0.00078566
-0.0013992
-0.00139245
-0.000791565
-0.000215628
0.000359314
0.000919905
0.00148063
0.00204088
0.00168376
0.00113546
0.00059545
0.000104822
-0.000338168
-0.000782748
-0.00119391
-0.00130936
-0.00143683
-0.00156369
-0.00177079
-0.00199451
-0.00221737
-0.00222279
-0.0020199
-0.00182568
-0.00160592
-0.00115943
-0.000722556
-0.000285643
-0.000334922
-0.000485775
-0.000632371
-0.000939507
-0.00140028
-0.00185444
-0.00224172
-0.00203061
-0.00184396
-0.00165647
-0.00164423
-0.00166864
-0.00169154
-0.00142572
-0.000883176
-0.000352271
0.000126389
0.000136395
0.000165344
0.000193504
0.000240283
0.000290923
0.000341366
0.000195756
-0.00013777
-0.00046345
-0.000767859
-0.000881039
-0.00100183
-0.00112222
-0.00135373
-0.00160839
-0.00186191
-0.00191219
-0.0017676
-0.00163096
-0.00145888
-0.000971497
-0.000497154
-2.26693e-05
-5.47948e-05
-0.000193103
-0.000327048
-0.000322429
-0.000184783
-5.25678e-05
9.72597e-05
0.00040371
0.000703658
0.00100363
0.000924959
0.000766902
0.000612139
0.000373536
5.46673e-05
-0.00026075
-0.000495467
-8.21869e-06
0.000449912
0.000908837
0.000952883
0.000909803
0.00087022
0.000610951
0.000141119
-0.000319985
-0.000690688
-0.000251569
0.000155104
0.000562741
0.000787598
0.000973927
0.00116163
0.000812825
-5.05912e-05
-0.000892984
-0.0016763
-0.00192834
-0.00220116
-0.00247294
-0.00200915
-0.00139095
-0.000779329
-0.000666885
-0.00103363
-0.00138122
-0.00170833
-0.00184737
-0.00199371
-0.00213964
-0.00222261
-0.00229227
-0.0023624
-0.00225591
-0.00197997
-0.0017109
-0.0014623
-0.00139784
-0.00132623
-0.00125495
-0.00141713
-0.00162837
-0.00183753
-0.00174273
-0.00135613
-0.000981224
-0.000678337
-0.00102226
-0.00134067
-0.00165984
-0.00145418
-0.00113805
-0.000826466
-0.000827224
-0.00112797
-0.00141682
-0.00163916
-0.00126346
-0.000911292
-0.000558488
-0.00056091
-0.000638238
-0.000712599
-0.000887985
-0.00116025
-0.00142854
-0.00166851
-0.00165505
-0.00165141
-0.0016474
-0.0016434
-0.0016394
-0.00163541
-0.00158487
-0.00148965
-0.00139623
-0.00127468
-0.000901257
-0.000537837
-0.000174312
-0.000195961
-0.000298941
-0.00039871
-0.000402469
-0.000313901
-0.000228951
-6.50193e-05
0.000805653
0.00164851
0.00249178
0.00211808
0.00148741
0.000867074
0.000634083
0.000773539
0.000898619
0.0011001
0.0019818
0.00283679
0.00369215
0.00399524
0.00418137
0.00437182
0.00427649
0.00390678
0.00354783
0.00328843
0.00392231
0.00452166
0.00512186
0.00533185
0.00545914
0.00558949
0.00577356
0.00600937
0.00624303
0.00641871
0.00607571
0.00575267
0.00542912
0.00529443
0.00519982
0.00510376
0.00513469
0.0052876
0.00543578
0.00557268
0.00560782
0.0056468
0.00568559
0.00553373
0.00534154
0.00515102
0.00527446
0.00569971
0.00611326
0.00642479
0.00582101
0.00525219
0.00468249
0.0045643
0.00454193
0.00451598
0.00444185
0.0043213
0.00420258
0.00411471
0.00430316
0.00448108
0.00465927
0.00443343
0.00412198
0.00381397
0.00346058
0.00306369
0.00266873
0.00231529
0.00233219
0.00233522
0.00233877
0.00281264
0.00338613
0.00395546
0.00378932
0.00291581
0.00206936
0.00135504
0.0018286
0.00225753
0.0026878
0.00286219
0.00298211
0.00310398
0.0033852
0.00381974
0.00424827
0.00454201
0.00362888
0.00276124
0.00189255
0.00164613
0.00153214
0.00141333
0.0014165
0.00153682
0.0016527
0.00176298
0.00182217
0.00188321
0.00194414
0.00208657
0.00224628
0.00240522
0.00222821
0.00172798
0.00124005
0.00085836
0.00142968
0.00196546
0.00250215
0.00231159
0.0019663
0.00162696
0.00125765
0.000859718
0.000463132
0.000139937
0.000472379
0.000780498
0.00108929
0.00118342
0.00123178
0.00128178
0.00149534
0.00186633
0.00223129
0.00252078
0.00213436
0.00177295
0.00141089
0.000995931
0.000569922
0.000144628
0.000301333
0.00101818
0.00171406
0.0022973
0.00186849
0.0014769
0.00108424
0.00103191
0.0010522
0.00106983
0.00132381
0.00180518
0.00227792
0.00257588
0.00130773
9.73939e-05
-0.00111417
-0.000909856
-0.000403459
9.16134e-05
0.000640511
0.00124081
0.00183882
0.0023016
0.00155551
0.000853711
0.000150818
0.000428692
0.000915872
0.00139514
0.00146326
0.00113524
0.000821763
0.000515423
0.00027595
3.42374e-05
-0.00020722
-0.000112176
5.47315e-05
0.000218931
0.000539947
0.00101187
0.00147803
0.00183045
0.00116466
0.000535941
-9.36623e-05
0.000186853
0.000661827
0.00112948
0.00133992
0.00130236
0.00127372
0.00124025
0.00116611
0.00109349
0.00102086
0.000468511
-0.000186185
-0.000836753
-0.0011408
-0.000937907
-0.00075326
-0.000530553
2.83833e-05
0.000574925
0.00112152
0.0014665
0.00176814
0.0020711
0.00205343
0.0015668
0.0010972
0.000730495
0.00128856
0.00181335
0.00233895
0.00176806
0.000962588
0.000166016
9.91011e-05
0.00110007
0.00206247
0.00288827
0.00248322
0.00212206
0.0017596
0.00201261
0.00239739
0.00277724
0.00248756
0.00121796
-1.61216e-05
-0.00107568
-0.000567075
-0.000114184
0.000340353
0.000762696
0.00117793
0.00159311
0.00174756
0.00152056
0.00130715
0.00114066
0.00139775
0.00163976
0.00188214
0.00164369
0.00130219
0.000964545
0.000823232
0.000969367
0.00110531
0.00120368
0.00096287
0.000734115
0.000505097
0.000626312
0.000822664
0.00101625
0.00112486
0.00110901
0.00109752
0.00109849
0.00121242
0.00132233
0.0014323
0.000975297
0.000396715
-0.000177223
-0.000356193
4.30844e-05
0.000421935
0.00078614
0.00101481
0.00124803
0.00148094
0.00132336
0.00108192
0.000843556
0.000713879
0.000743396
0.000767366
0.000850308
0.00146014
0.00205126
0.00264263
0.00193464
0.000947533
-2.92196e-05
-0.000442898
-3.1937e-05
0.000350205
0.000724904
0.00102604
0.00132952
0.0016327
0.00103589
0.000245688
-0.000537289
-0.00071913
-2.06258e-05
0.00064704
0.00126538
0.00143577
0.00162147
0.00180652
0.00178446
0.00171781
0.00165273
0.00135217
0.000706809
7.37394e-05
-0.000493319
-0.000468473
-0.000463964
-0.00045876
0.000228365
0.00106206
0.00189016
0.00251933
0.00285714
0.0032047
0.00338519
0.00207322
0.000813216
-0.000447705
-0.000266107
0.00022635
0.000707851
0.00107704
0.00128133
0.00149111
0.00169497
0.00184867
0.00200398
0.00215912
0.0018438
0.00142716
0.00101425
0.000623147
0.000264028
-9.59352e-05
-0.00029767
0.000916466
0.00208167
0.00324774
0.00240958
0.00113934
-0.000115374
-0.000392106
0.000764179
0.0018711
0.00276156
0.00170291
0.000710978
-0.00028254
-0.000132436
0.000264504
0.000652829
0.000963277
0.00115933
0.00135911
0.00148577
0.000959227
0.00045509
-4.94636e-05
0.00048231
0.00123769
0.00198502
0.0020121
0.000983738
-8.39377e-06
-0.000841556
-0.000244292
0.000304456
0.000854466
0.000977838
0.00100894
0.00104313
0.000725129
-0.000108733
-0.000924726
-0.00160435
-0.00106073
-0.000558477
-5.51767e-05
0.000261317
0.000537262
0.00081438
0.000639996
-0.000195853
-0.00100902
-0.00168624
-0.00114246
-0.000639839
-0.00013618
-0.000317623
-0.000647202
-0.000971619
-0.000805183
8.07417e-05
0.000942093
0.000560517
-0.0109642
-0.0221102
-0.0332614
-0.044405
0.00215341
-0.000867797
-0.00152596
-0.0011934
-0.000893971
-0.000560835
6.61437e-05
0.000682954
0.00129969
0.000686798
-0.000192123
-0.00106164
-0.00143859
-0.000683274
3.40534e-05
0.000752163
0.000300539
-0.000241964
-0.000781103
-0.00039618
0.000573625
0.00152347
0.00184575
0.000724641
-0.000348091
-0.00142171
-0.000559434
0.000453394
0.00146059
0.00130152
0.000404027
-0.000468561
-0.000937569
-0.000477603
-4.84973e-05
0.000381341
0.000964629
0.00155957
0.00215374
0.00201549
0.0014135
0.000827134
0.000382616
0.000264914
0.000136574
8.66754e-06
0.000540282
0.00112319
0.00170405
0.00155374
0.000940389
0.000342586
-0.000158421
-0.000436205
-0.000721102
-0.00100558
-0.000555964
-4.90869e-05
0.00045559
0.000601713
0.000520647
0.000447042
0.000591624
0.0012384
0.00186839
0.00249852
0.0021721
0.00177081
0.00137221
0.00100927
0.000669042
0.000328299
0.000207901
0.000593839
0.000963087
0.00133264
0.0008593
0.000320015
-0.000216782
-0.000127999
0.000357195
0.000829234
0.00111965
0.000991818
0.000877606
0.000763027
0.001059
0.00138709
0.00171394
0.0019942
0.00224486
0.00249631
0.00247898
0.00184381
0.00122898
0.000613891
0.00025182
-9.01117e-05
-0.000432472
-3.32716e-05
0.000835855
0.0016893
0.00231774
0.00242827
0.00255539
0.0026819
0.00160078
0.000425012
-0.000746958
-0.000914941
-0.000446348
1.52254e-06
0.000518133
0.00119167
0.00185975
0.00252757
0.00166844
0.000689196
-0.000285577
-0.000749614
-0.000889632
-0.00103992
-0.000869949
3.57312e-05
0.000917327
0.00179913
0.00107073
0.000215402
-0.000635331
-0.0009811
-0.00100648
-0.00104206
-0.000972365
-0.000661324
-0.000358168
-5.4954e-05
-0.000100158
-0.000172927
-0.000244773
-0.000545537
-0.000991409
-0.00143239
-0.00160911
-0.00117802
-0.000766492
-0.000354607
-0.000727447
-0.0011623
-0.0015949
-0.00165272
-0.00147273
-0.00130039
-0.00115603
-0.00107644
-0.00099485
-0.000913375
-0.00134027
-0.00180729
-0.00227275
-0.00243866
-0.00241447
-0.00239629
-0.00236361
-0.002298
-0.00223347
-0.00216895
-0.00204248
-0.00191116
-0.00178008
-0.00194743
-0.00230412
-0.00265462
-0.00283142
-0.00260848
-0.00239824
-0.00218774
-0.00240517
-0.00265653
-0.00290667
-0.00294662
-0.00285313
-0.00276389
-0.00263082
-0.00239713
-0.00216676
-0.00193642
-0.00208168
-0.0022568
-0.00243087
-0.00240968
-0.00226452
-0.00212333
-0.00212023
-0.00243502
-0.00273968
-0.00304447
-0.00303314
-0.00299659
-0.00296086
-0.00283209
-0.00264429
-0.00245845
-0.00239289
-0.00260408
-0.00280651
-0.00300909
-0.00295319
-0.00287667
-0.00280085
-0.00277142
-0.00277147
-0.00277061
-0.002761
-0.0027312
-0.00270205
-0.0026729
-0.00284019
-0.0030231
-0.00320541
-0.00319369
-0.00305874
-0.00292769
-0.00288115
-0.00302926
-0.00317125
-0.00331335
-0.00326529
-0.00320203
-0.00313927
-0.00321087
-0.0033678
-0.00352199
-0.00358886
-0.00345471
-0.00332684
-0.00319886
-0.00323902
-0.00327396
-0.00330905
-0.00340138
-0.00353005
-0.00365752
-0.0037338
-0.00369228
-0.00365441
-0.00361646
-0.00364878
-0.00368672
-0.00372446
-0.0037041
-0.00364681
-0.0035907
-0.003586
-0.00369966
-0.00380961
-0.00391962
-0.0037434
-0.00354427
-0.00334596
-0.00337496
-0.0035484
-0.00371731
-0.00382774
-0.0038034
-0.00378319
-0.00376287
-0.003637
-0.00350271
-0.00336876
-0.00333647
-0.00336882
-0.00339917
-0.00342873
-0.00345639
-0.00348408
-0.00351176
-0.00346544
-0.00341318
-0.00336113
-0.00336778
-0.00341174
-0.00345454
-0.00351753
-0.00362695
-0.00373489
-0.00384281
-0.0038339
-0.00382854
-0.00382308
-0.00383575
-0.00385994
-0.00388377
-0.00391165
-0.00394885
