0
0.0191466
0.0170739
0.0167685
0.0163169
0.0163429
0.0163808
0.0164177
0.0163589
0.0162124
0.0160733
0.0160225
0.0163185
0.0165854
0.0168543
0.0164217
0.0159697
0.01552
0.0153486
0.0154321
0.0154946
0.0155215
0.0154024
0.0152955
0.0151877
0.0150981
0.0150092
0.0149203
0.014966
0.015135
0.0152937
0.0154033
0.015318
0.0152486
0.015178
0.0147964
0.014406
0.0140169
0.0138633
0.0139257
0.0139705
0.0139967
0.0139443
0.0138983
0.0138518
0.0138044
0.013757
0.0137096
0.0137018
0.0137303
0.0137558
0.0137971
0.0138989
0.0139958
0.0140929
0.0135772
0.0130431
0.0125113
0.0121884
0.0120576
0.0119117
0.0118009
0.0118219
0.0118325
0.0118439
0.0118148
0.0117846
0.0117544
0.0118327
0.0120107
0.0121805
0.01222
0.0117475
0.0113159
0.0108819
0.010928
0.0109895
0.0110498
0.0110946
0.0111251
0.0111566
0.0111379
0.0109226
0.0107231
0.0105226
0.0105401
0.0105649
0.010589
0.0108207
0.0112434
0.0116506
0.0119133
0.011607
0.0113451
0.0110803
0.011269
0.0114726
0.0116749
0.0118313
0.0119454
0.0120627
0.0121995
0.0124147
0.0126235
0.0128326
0.0126294
0.0124123
0.0121966
0.0119454
0.0116614
0.0113804
0.0111764
0.0112735
0.0113475
0.0114232
0.0113936
0.0113603
0.0113274
0.0109976
0.0103939
0.00981195
0.00930812
0.00911456
0.00889783
0.00868318
0.00861648
0.00855512
0.00849345
0.00837395
0.00820107
0.00803246
0.00793665
0.00812671
0.00829503
0.00846474
0.00833763
0.00820001
0.00806338
0.00785114
0.00756919
0.00729286
0.00702059
0.00676468
0.00650793
0.00625163
0.00596347
0.00567453
0.00538608
0.00519118
0.00508272
0.00496802
0.00477814
0.00429107
0.00382669
0.00336132
0.00347637
0.00361282
0.00374748
0.00370245
0.00349121
0.0032925
0.00303839
0.00256979
0.00211761
0.0016649
0.00184237
0.00204334
0.0022423
0.00218188
0.00188145
0.00159897
0.00138456
0.00144115
0.00147791
0.00151606
0.00176664
0.00202502
0.00228246
0.00214906
0.00165395
0.00118578
0.000827801
0.000907922
0.00095625
0.00100681
0.000843532
0.000672206
0.000501708
0.00025768
-5.43649e-05
-0.000361068
-0.000516525
-7.83056e-05
0.000316666
0.000714174
0.00040706
7.27085e-05
-0.000259214
-0.000538782
-0.000769675
-0.00100372
-0.00120692
-0.00129099
-0.00138343
-0.00147514
-0.00175632
-0.00204467
-0.0023321
-0.0022806
-0.00191487
-0.00157194
-0.00134987
-0.00160716
-0.00183015
-0.00205525
-0.00209763
-0.00213262
-0.00216809
-0.00231091
-0.00255335
-0.00278842
-0.00295801
-0.00286941
-0.00279909
-0.00272758
-0.00281241
-0.00290349
-0.002994
-0.0029289
-0.00271935
-0.00252019
-0.0023299
-0.0021765
-0.00202075
-0.00186537
-0.00191192
-0.00196675
-0.00202092
-0.00206542
-0.00210091
-0.00213697
-0.00214392
-0.00203687
-0.00193788
-0.00183847
-0.00162842
-0.00141401
-0.0012002
-0.00122072
-0.00145896
-0.00168186
-0.00184829
-0.00178964
-0.00174656
-0.00170247
-0.00108847
-0.000451159
0.000183677
0.000316795
-1.65535e-05
-0.000317496
-0.000609459
-0.000858524
-0.00111018
-0.00136132
-0.00128341
-0.00119155
-0.00110076
-0.000759827
-0.000186359
0.000370509
0.000790139
0.000668457
0.000583689
0.000496531
0.000634633
0.000782267
0.000929056
0.00108936
0.00126219
0.00143393
0.00149203
0.00110408
0.000746721
0.000387787
0.000457682
0.000605613
0.000748098
0.00098749
0.00131672
0.00163948
0.00188012
0.00179768
0.00173699
0.00167492
0.00199252
0.00237913
0.00276062
0.00294976
0.00295943
0.00298106
0.00299623
0.00298931
0.00298386
0.00297833
0.0030452
0.00312526
0.00320434
0.00317587
0.00304713
0.0029252
0.0028415
0.00290935
0.00296709
0.00302543
0.00303239
0.00302993
0.0030281
0.00303621
0.00305362
0.0030704
0.00308167
0.00307118
0.00306213
0.00305299
0.00312635
0.00321481
0.00330217
0.00334486
0.00334583
0.00334952
0.00340794
0.00368219
0.00394201
0.00420243
0.00423236
0.00421977
0.00420996
0.00419899
0.00418713
0.00417534
0.00416897
0.00418384
0.00419732
0.00421088
0.00420442
0.00419428
0.00418439
0.00404725
0.00379135
0.00354344
0.00336514
0.00346164
0.00354031
0.00362003
0.00352085
0.00338863
0.00325871
0.00339819
0.00378942
0.00416401
0.00440003
0.00408837
0.00381214
0.003534
0.00347074
0.0034474
0.00342155
0.00341232
0.00341846
0.00342362
0.00346135
0.00362701
0.00378432
0.00394197
0.0037341
0.00345843
0.0031874
0.00300092
0.00289376
0.00278172
0.00270728
0.00277906
0.00284152
0.00290448
0.00268299
0.00240866
0.00213801
0.00178637
0.00135922
0.000937355
0.000611122
0.00066079
0.000686798
0.000714258
0.000885179
0.00108277
0.00127844
0.00124359
0.000992942
0.000756093
0.000511708
0.000240237
-2.92056e-05
-0.000298439
-0.000488185
-0.000662866
-0.000838267
-0.0010266
-0.00122707
-0.00142654
-0.00159172
-0.00162245
-0.00166148
-0.00169994
-0.00185349
-0.00202849
-0.00220194
-0.00227882
-0.00226517
-0.00225714
-0.00221397
-0.00203394
-0.00186256
-0.00169086
-0.00191332
-0.00220969
-0.00250116
-0.00271904
-0.0028677
-0.00302042
-0.00317174
-0.00331911
-0.00346655
-0.00361381
-0.00373804
-0.00385782
-0.00397773
-0.00406233
-0.00411385
-0.00416733
-0.00422386
-0.00429308
-0.00436144
-0.00442976
-0.0043672
-0.00427998
-0.00419436
-0.00413173
-0.00409076
-0.00404852
-0.00393576
-0.00354496
-0.00317145
-0.00279735
-0.00296055
-0.00322522
-0.00348345
-0.00369332
-0.00385745
-0.00402413
-0.00418693
-0.00433566
-0.00448505
-0.00463422
-0.00468375
-0.00471434
-0.00474604
-0.00476763
-0.00477982
-0.00479256
-0.00480234
-0.00480064
-0.00479963
-0.00479858
-0.00486995
-0.00495499
-0.00503912
-0.00488212
-0.00449872
-0.00412925
-0.00383972
-0.00386689
-0.00387521
-0.00388464
-0.00406406
-0.00427568
-0.00448513
-0.00460381
-0.00463712
-0.00467544
-0.00470203
-0.00468377
-0.00466819
-0.00465246
-0.00463643
-0.00462034
-0.00460428
-0.00443744
-0.00412895
-0.00382916
-0.00360092
-0.00365542
-0.00369325
-0.00373201
-0.00366508
-0.00357805
-0.00349229
-0.00352809
-0.00367819
-0.00382143
-0.00394888
-0.004013
-0.00408075
-0.0041482
-0.00401383
-0.00384096
-0.00367054
-0.00345872
-0.00320813
-0.00296009
-0.002725
-0.00254065
-0.00235357
-0.00216686
-0.00231429
-0.00252562
-0.00273301
-0.00277993
-0.00267571
-0.00258034
-0.00246239
-0.00225721
-0.0020573
-0.00185732
-0.00156724
-0.00126012
-0.000954331
-0.000692407
-0.000471825
-0.000249121
-8.05478e-05
-0.000123946
-0.000155134
-0.000186986
-2.09173e-05
0.000183058
0.00038463
0.000674522
0.0010474
0.0014151
0.0017646
0.00204246
0.00232409
0.00260519
0.0025106
0.00234371
0.00218113
0.00214949
0.00224138
0.00232613
0.00246445
0.00281241
0.00314809
0.00348409
0.00366625
0.00381859
0.00397244
0.00402148
0.0039719
0.00392794
0.00391321
0.00401474
0.0041096
0.00420473
0.00435276
0.00451089
0.00466828
0.00470878
0.00463913
0.00457575
0.00452633
0.00453317
0.00453684
0.00454068
0.00466691
0.00481672
0.00496504
0.00497852
0.00486483
0.00475837
0.00465587
0.00459135
0.00452478
0.00445841
0.00445557
0.00446506
0.00447385
0.00446614
0.00444283
0.00442042
0.00438075
0.00418713
0.00400227
0.00381712
0.0038162
0.00385105
0.00388389
0.00402443
0.00426645
0.00450259
0.00469086
0.00445044
0.00423393
0.00401634
0.00389923
0.00380174
0.00370328
0.00363156
0.003585
0.0035371
0.00348719
0.00341817
0.00335026
0.00328237
0.00306844
0.00282622
0.00258582
0.00240802
0.00228939
0.00216765
0.00206734
0.00215605
0.00223435
0.00231313
0.00254901
0.00281535
0.00307975
0.00303981
0.00271247
0.0024011
0.00210006
0.00189646
0.0016878
0.00147963
0.00155417
0.0016839
0.0018105
0.00194152
0.00207654
0.00221121
0.00230492
0.00203355
0.00178217
0.00152998
0.00133431
0.00114984
0.000964964
0.00104594
0.00137802
0.00169623
0.00198884
0.00204855
0.00212069
0.00219209
0.00175651
0.0012219
0.000693158
0.000346837
0.000173194
-9.49699e-06
-0.000126982
0.000332612
0.000760905
0.00119041
0.00113196
0.000977789
0.000828881
0.00058662
0.000256403
-6.87848e-05
-0.000361262
-0.00036163
-0.000377512
-0.000392553
0.000104234
0.000701251
0.00129232
0.00150472
0.00135878
0.00123195
0.00108878
0.000807474
0.000533765
0.000259944
0.000192382
0.000165477
0.000136457
0.000259888
0.000527389
0.000787027
0.00100268
0.000823528
0.00066531
0.000506158
0.000298864
8.22311e-05
-0.000133685
-0.000104828
0.000155632
0.000403694
0.000619797
0.000546359
0.000488134
0.000429175
0.00021081
-3.88633e-05
-0.000286643
-0.000536563
-0.000788411
-0.0010399
-0.00127033
-0.00131444
-0.00136819
-0.00142138
-0.00113201
-0.000775134
-0.000422129
-0.000303571
-0.000407142
-0.000499096
-0.000616019
-0.000951577
-0.00127548
-0.00159964
-0.00172677
-0.00181479
-0.00190474
-0.0016797
-0.00115651
-0.000649224
-0.000235104
-0.000657331
-0.00103608
-0.00141667
-0.00165096
-0.00185608
-0.00206248
-0.002165
-0.0021692
-0.00217843
-0.00212172
-0.00147774
-0.000864483
-0.000250284
-0.000461376
-0.000836107
-0.00120209
-0.00153395
-0.00183301
-0.00213344
-0.00241453
-0.00252562
-0.00264526
-0.00276434
-0.00230842
-0.00173855
-0.00117506
-0.000957523
-0.00106817
-0.00116204
-0.00125835
-0.00136961
-0.00148001
-0.00159033
-0.00174597
-0.0019105
-0.00207442
-0.00204755
-0.00183981
-0.00164141
-0.00143064
-0.00111183
-0.000798798
-0.000485788
-0.000550469
-0.000690363
-0.000826331
-0.00103645
-0.00131667
-0.00159309
-0.00184001
-0.00182365
-0.00182052
-0.00181672
-0.00160639
-0.00135499
-0.0011059
-0.000903475
-0.000745419
-0.000585302
-0.000470978
-0.000764044
-0.00103648
-0.00130967
-0.0208862
-0.0443045
-0.054137
0.00102723
-0.00168693
-0.00151887
-0.0014737
-0.00123725
-0.00101053
-0.000783558
-0.000815487
-0.000899177
-0.000980218
-0.00104548
-0.00109563
-0.00114647
-0.0011962
-0.00123661
-0.00127744
-0.00131821
-0.00128951
-0.00124691
-0.00120505
-0.00118267
-0.00117885
-0.00117411
-0.00118089
-0.00129033
-0.00139462
-0.00149905
-0.00156526
-0.00162375
-0.00168256
-0.0016978
-0.0016717
-0.00164765
-0.00162494
-0.00161486
-0.00160418
-0.00159354
-0.00163863
-0.00169487
-0.00175051
-0.00171047
-0.00157953
-0.00145315
-0.00134962
-0.00145147
-0.00154322
-0.00163537
-0.00168495
-0.00172594
-0.0017673
-0.00167576
-0.00145798
-0.00124654
-0.00103889
-0.000866226
-0.000692035
-0.000518086
-0.000354859
-0.000193912
-3.30103e-05
3.85038e-05
2.50779e-05
1.57684e-05
3.19914e-05
0.000278356
0.000513381
0.000748725
0.00100603
0.00126757
0.00152865
0.00160997
0.0015204
0.00143914
0.00138234
0.00154742
0.00170168
0.00185632
0.00194452
0.00201926
0.00209457
0.00222354
0.00240356
0.00258096
0.00274338
0.00277196
0.00280692
0.00284153
0.00296639
0.00310938
0.00325136
0.00331325
0.00329891
0.00328822
0.00327849
0.00327883
0.0032787
0.00327859
0.00342128
0.00359274
0.00376267
0.00382105
0.00377323
0.0037305
0.00368772
0.00364639
0.00360503
0.00356371
0.0034273
0.00327173
0.00311721
0.00292488
0.00269662
0.00247026
0.00227589
0.00236681
0.0024442
0.00252215
0.00254525
0.00255722
0.0025697
0.00255982
0.00252869
0.00249858
0.00245017
0.00223809
0.00203388
0.00182949
0.00176611
0.00173136
0.00169531
0.00171767
0.00179557
0.00187081
0.00192737
0.00181632
0.00171318
0.00160978
0.00165792
0.00173681
0.00181419
0.00178698
0.00166013
0.00153804
0.00139629
0.00107977
0.000771653
0.000463436
0.00032875
0.000229431
0.000128564
-8.0695e-06
-0.000178834
-0.000347861
-0.000476682
-0.000246244
-3.26283e-05
0.000181567
0.00025893
0.000308402
0.000359115
0.000368245
0.000337822
0.00030925
0.000240748
-0.000184525
-0.000592989
-0.00100185
-0.00102578
-0.000971291
-0.000920454
-0.000716327
-0.000366324
-2.33332e-05
0.00027101
0.000129629
8.33779e-06
-0.000113763
-0.000365525
-0.000643563
-0.000920145
-0.00108878
-0.00115448
-0.00122482
-0.00124586
-0.000828221
-0.000430964
-3.31399e-05
0.000126842
0.000238172
0.000351615
0.000257715
-3.37211e-05
-0.000315913
-0.000609903
-0.00100775
-0.00140051
-0.00179316
-0.00197766
-0.0021195
-0.00226315
-0.00233909
-0.00235057
-0.00236496
-0.00239337
-0.00254854
-0.00269785
-0.00284729
-0.00296704
-0.00308063
-0.0031944
-0.00327712
-0.00333023
-0.00338463
-0.00343951
-0.00349959
-0.00355938
-0.00361914
-0.00377254
-0.00394501
-0.00411646
-0.00424687
-0.00433808
-0.00443096
-0.00450945
-0.00446047
-0.00441724
-0.00437379
-0.00427616
-0.00416748
-0.0040594
-0.00400164
-0.00399193
-0.00398007
-0.00397776
-0.00405989
-0.00413818
-0.00421657
-0.00424738
-0.0042684
-0.00428984
-0.00436256
-0.00448424
-0.00460364
-0.00471238
-0.00472564
-0.00474313
-0.00476042
-0.00483037
-0.0049111
-0.00499127
-0.00499785
-0.00493415
-0.00487362
-0.0048159
-0.00478417
-0.00475132
-0.00471855
-0.00479283
-0.00488907
-0.00498426
-0.00501243
-0.00497657
-0.00494357
-0.00492265
-0.00501076
-0.005094
-0.00517739
-0.005217
-0.00524758
-0.00527854
-0.0053296
-0.00539987
-0.00546924
-0.00553576
-0.00557689
-0.00561911
-0.00566123
-0.00565983
-0.00564946
-0.0056395
-0.00566242
-0.00571676
-0.00576969
-0.00582043
-0.00585137
-0.00588315
-0.00591487
-0.00593283
-0.00594794
-0.00596316
-0.00598897
-0.0060249
-0.00606036
-0.00609185
-0.00608784
-0.00608537
-0.00608283
-0.0060477
-0.00600586
-0.00596435
-0.00596297
-0.00599993
-0.00603521
-0.00606868
-0.00608557
-0.00610317
-0.00612073
-0.00615398
-0.00619045
-0.00622674
-0.00624656
-0.00625062
-0.00625536
-0.00626244
-0.00629076
-0.00631814
-0.00634553
-0.00634163
-0.00633125
-0.00632116
-0.00630866
-0.00629386
-0.00627917
-0.00626939
-0.00630351
-0.00633571
-0.00636797
-0.00638047
-0.00638888
-0.00639746
-0.00639956
-0.00639547
-0.00639166
-0.00639016
-0.00640949
-0.00642792
-0.00644637
-0.00641621
-0.00637601
-0.00633627
-0.00634785
-0.00640851
-0.00646703
-0.00651909
-0.00651281
-0.00650903
-0.00650513
-0.0064961
-0.00648601
-0.00647597
-0.00645795
-0.00643229
-0.00640697
-0.00638313
-0.00637245
-0.00636123
-0.00635004
-0.00632144
-0.00628923
-0.00625721
-0.00619772
-0.00611195
-0.00602736
-0.00595224
-0.00596184
-0.00596786
-0.00597403
-0.00586178
-0.00572502
-0.00558941
-0.00535696
-0.00503191
-0.00471103
-0.00436238
-0.00376454
-0.00317767
-0.00259082
-0.00209087
-0.00160928
-0.00112733
-0.000852695
-0.000776424
-0.000691916
-0.000608827
-0.000534768
-0.000460394
-0.000386095
2.1162e-05
0.000497402
0.000970367
0.00121199
0.00123206
0.00126135
0.00133412
0.00179984
0.00224882
0.00269812
0.00289806
0.00304598
0.00319594
0.0032878
0.00332413
0.00336274
0.00341153
0.00355257
0.00368967
0.00382682
0.0039227
0.00400993
0.00409744
0.00415431
0.00418185
0.00421058
0.00422282
0.00408795
0.00395926
0.00383042
0.00378967
0.0037673
0.0037442
0.00365606
0.00350561
0.00335785
0.00325377
0.00354081
0.00381153
0.0040827
0.0040221
0.00389232
0.00376548
0.00361099
0.00343014
0.00325051
0.00308023
0.00299287
0.00290219
0.00281172
0.00289186
0.00300757
0.00312174
0.00316082
0.00312791
0.00309796
0.00306869
0.00304639
0.00302382
0.00300128
0.00294025
0.00287121
0.00280255
0.0026518
0.00242242
0.00219642
0.00200005
0.00206876
0.00212664
0.00218492
0.00226478
0.0023491
0.00243317
0.00239015
0.00222534
0.0020656
0.0019298
0.00200929
0.00208001
0.00215103
0.00203
0.00186884
0.00170944
0.00164095
0.00165966
0.00167484
0.00169875
0.00179966
0.00189738
0.00199516
0.0018597
0.00167546
0.00149333
0.00150437
0.00170066
0.00188935
0.00204462
0.00189894
0.00176545
0.00163158
0.00166593
0.00173551
0.00180363
0.00183774
0.00183917
0.0018419
0.0018469
0.00187261
0.00189747
0.00192234
0.00207978
0.00226493
0.00244883
0.00236243
0.00201677
0.00168172
0.00138709
0.00145617
0.00151073
0.00156581
0.00172783
0.00191221
0.00209555
0.00224852
0.00237232
0.00249719
0.00260632
0.00257573
0.0025507
0.00252547
0.00228328
0.00199565
0.00171005
0.00146152
0.00124864
0.00103452
0.000860296
0.00104157
0.00120867
0.00137619
0.00147949
0.00156923
0.00165944
0.00149901
0.00109814
0.000707056
0.000392057
0.000759538
0.00109989
0.00144105
0.00117132
0.000773204
0.000380446
0.000237343
0.000334019
0.000421215
0.000502814
0.00053148
0.000562197
0.00059281
0.000559831
0.00051348
0.000467688
0.000472622
0.000526264
0.000577961
0.000633526
0.000723367
0.000811801
0.000900221
0.000945097
0.00098077
0.00101677
0.000972581
0.000851422
0.000733351
0.000677703
0.00118151
0.00166319
0.00214535
0.00178169
0.00123987
0.000705387
0.000502632
0.00061864
0.000722203
0.000798788
0.000630031
0.000470903
0.000311526
0.000632441
0.00105453
0.00147238
0.00155752
0.00132301
0.00110103
0.000917687
0.0010834
0.00123553
0.00138807
0.00148161
0.00156265
0.00164411
0.00172933
0.00181818
0.00190682
0.00199534
0.00208317
0.00217097
0.0022587
0.00227284
0.00227143
0.00227061
0.00228612
0.00231734
0.00234794
0.00237457
0.00236568
0.00235816
0.00235059
0.00227999
0.00219609
0.00211277
0.00203132
0.00195167
0.00187202
0.00181738
0.00198635
0.00214667
0.00230719
0.00246666
0.00262582
0.00278487
0.0027013
0.00238461
0.00207702
0.0018241
0.00206214
0.00228134
0.00250109
0.00237381
0.00217311
0.00197535
0.00183415
0.00174742
0.00165869
0.00161021
0.00192112
0.00221819
0.00251557
0.00233702
0.00205772
0.00178244
0.00171911
0.00185964
0.00199237
0.00207907
0.00175165
0.00144008
0.00112816
0.00139811
0.00179131
0.00217957
0.0021485
0.00171416
0.0012953
0.000949221
0.00125784
0.00154164
0.00182616
0.00175203
0.00160184
0.00145462
0.00125286
0.00099878
0.000746852
0.000577741
0.00114977
0.00169364
0.00223816
0.00228924
0.00223552
0.00218575
0.00211246
0.0020167
0.00192184
0.00182085
0.00166463
0.00151058
0.00135656
0.00153041
0.00177382
0.00201447
0.00193678
0.00155284
0.00118057
0.000843694
0.000825501
0.000795489
0.000765937
0.000855128
0.000969523
0.0010829
0.00123701
0.00143026
0.00162192
0.00178403
0.00168204
0.0015899
0.00149746
0.00142751
0.00136238
0.00129711
0.00115741
0.000946082
0.000737555
0.000553463
0.000587982
0.000614416
0.00064113
0.000858002
0.00111524
0.00137081
0.00139997
0.00121125
0.00103067
0.000901932
0.0012392
0.0015591
0.0018794
0.00190855
0.00187566
0.00184506
0.00164128
0.00127093
0.000906958
0.000583818
0.00062649
0.000655745
0.00068547
0.000942068
0.00124689
0.00154974
0.00160504
0.00142203
0.00124785
0.00109173
0.00109924
0.00110077
0.00110253
0.000892312
0.000637001
0.000383518
0.000270476
0.000292678
0.000309946
0.000333604
0.000413006
0.000490325
0.000567663
0.000317606
-2.1955e-06
-0.000319235
-0.000271931
0.000126214
0.000511359
0.000842261
0.000685153
0.000545821
0.000405947
0.000168873
-8.88369e-05
-0.000345615
-0.000492603
-0.000533853
-0.00057889
-0.000612198
-0.000541905
-0.000475399
-0.000408804
-0.000148321
0.000153457
0.000453531
0.000667355
0.000798066
0.000931672
0.00103542
0.00087338
0.000721004
0.00056839
0.000587375
0.000643043
0.000697354
0.000595768
0.000343992
9.77806e-05
-0.000143038
-0.000335152
-0.000528872
-0.000722395
-0.00068293
-0.000593632
-0.000506179
-0.000504269
-0.000627578
-0.000746327
-0.000802621
-0.00029852
0.000185229
0.000669359
0.000744566
0.000732186
0.000722936
0.000618932
0.000376452
0.000139072
-7.48199e-05
-7.79632e-05
-8.85962e-05
-9.89555e-05
-0.000213546
-0.000350402
-0.00048637
-0.000425259
-7.57653e-05
0.000263254
0.00058264
0.000724671
0.000872884
0.00102077
0.000898432
0.00071823
0.000540201
0.000331273
7.71792e-05
-0.000175139
-0.000408182
-0.000469361
-0.000536562
-0.000603504
-0.000407335
-0.000154837
9.54974e-05
0.000102433
-0.000246882
-0.000583407
-0.00087652
-0.000778464
-0.000694237
-0.000609583
-0.000446835
-0.000267411
-8.86977e-05
-7.08512e-05
-0.000288435
-0.000497605
-0.000681308
-0.000635315
-0.000597405
-0.000559238
-0.000579721
-0.000612785
-0.000645386
-0.000538857
-0.00022866
7.42e-05
0.0003108
-4.69815e-05
-0.000383752
-0.000721022
-0.000925813
-0.00110204
-0.00127914
-0.00130997
-0.00112676
-0.000951148
-0.000801144
-0.000882057
-0.000954875
-0.00102793
-0.00100501
-0.000961486
-0.000918705
-0.0008914
-0.000886776
-0.000881368
-0.000870626
-0.000811815
-0.000754712
-0.00069759
-0.000439628
-0.000138602
0.000160723
0.000248762
2.74553e-05
-0.000182994
-0.000334347
4.61227e-05
0.000407946
0.000770164
0.000654338
0.000435695
0.000220752
4.07798e-05
-8.78689e-05
-0.000218199
-0.000294376
0.000113504
0.00050443
0.00089567
0.000962841
0.000960198
0.000959958
0.000830838
0.000513106
0.000202074
-5.2345e-05
0.000200957
0.000436656
0.000672797
0.000672965
0.000622296
0.000573406
0.000610694
0.00077427
0.000933409
0.00106821
0.000984416
0.000908156
0.000831691
0.000678304
0.000508411
0.000339199
0.000318648
0.000515812
0.000705412
0.000880251
0.00092153
0.000967335
0.00101295
0.00105102
0.00108743
0.00112387
0.00113022
0.0010925
0.00105631
0.00100267
0.000793004
0.000588778
0.000384505
0.000141393
-0.000109977
-0.000360896
-0.000469662
-0.000370251
-0.000277964
-0.000183444
-7.05861e-05
4.15741e-05
0.000153682
0.000208047
0.000249917
0.000292181
0.000315674
0.000311701
0.000308659
0.000295251
0.000189206
8.63585e-05
-1.65272e-05
-1.12962e-05
1.72886e-05
4.50669e-05
4.9515e-05
1.97498e-05
-8.8435e-06
-3.26632e-05
-1.34976e-05
4.20924e-06
2.19532e-05
-1.84834e-05
-7.14749e-05
-0.000124009
-0.000196312
-0.000297575
-0.000397799
-0.000505615
-0.000681697
-0.000855372
-0.00102901
-0.000937396
-0.000788462
-0.000641547
-0.000631967
-0.000823688
-0.00100855
-0.00118034
-0.00123396
-0.00129149
-0.00134886
-0.00136707
-0.00137681
-0.00138682
-0.00133872
-0.00120549
-0.00107519
-0.00198153
-0.0121795
-0.0220613
-0.031947
-0.0418261
-0.000158547
-0.00142034
-0.00128873
-0.00125541
-0.00121885
-0.00118484
-0.0011725
-0.00115944
-0.00114642
-0.0011522
-0.00116205
-0.00117175
-0.001076
-0.000737842
-0.00040793
-7.7964e-05
-0.000245215
-0.000451111
-0.000655593
-0.000661639
-0.000542051
-0.000426693
-0.000393622
-0.000549945
-0.000699914
-0.000849994
-0.00052837
-0.000170128
0.000186671
0.000137112
-0.000169721
-0.000467881
-0.000736399
-0.000936368
-0.00113846
-0.00134035
-0.00116319
-0.000956523
-0.000750956
-0.000602213
-0.000489507
-0.000375692
-0.000327289
-0.000429091
-0.000525902
-0.000622813
-0.000684859
-0.000744142
-0.000803476
-0.000891932
-0.000998812
-0.00110502
-0.00119261
-0.00123743
-0.00128362
-0.00132973
-0.00134685
-0.00136168
-0.00137657
-0.00119155
-0.000879929
-0.000572643
-0.000339826
-0.000278301
-0.000211235
-0.000144394
-0.000128976
-0.000117603
-0.000106105
-0.000162024
-0.000260639
-0.000357801
-0.000414215
-0.000376905
-0.000342661
-0.000308341
-0.00051643
-0.000743445
-0.000969699
-0.00100252
-0.000912756
-0.000827021
-0.000759992
-0.000736208
-0.00071104
-0.000685933
-0.000668078
-0.000650804
-0.000633523
-0.000505223
-0.000306596
-0.000110369
6.00985e-05
0.000171314
0.00028437
0.000397293
0.000364744
0.000320753
0.000277159
0.000136962
-6.44262e-05
-0.000263715
-0.000431035
-0.000524847
-0.000620962
-0.000716941
-0.000687619
-0.000648429
-0.000609581
-0.000499538
-0.000344392
-0.000190792
-9.552e-05
-0.000134377
-0.000168911
-0.000203561
-0.000406012
-0.000621603
-0.000836634
-0.000850819
-0.000737644
-0.000628614
-0.00051995
-0.000412339
-0.000304764
-0.000197257
-0.000159068
-0.000126383
-9.3544e-05
-2.94126e-05
5.45521e-05
0.000137831
0.000152555
9.61672e-06
-0.00012821
-0.000266111
-0.000450335
-0.000638123
-0.000825678
-0.0009952
-0.00115324
-0.00131155
-0.00133293
-0.00103948
-0.000756216
-0.000472808
-0.000577904
-0.000713745
-0.000848525
-0.000884709
-0.000858317
-0.000833925
-0.000829822
-0.000872517
-0.000913704
-0.000954913
-0.00105936
-0.00116878
-0.00127796
-0.00129517
-0.00125402
-0.00121474
-0.00117772
-0.00114604
-0.0011142
-0.00108239
-0.0010179
-0.00095085
-0.000883922
-0.000956761
-0.00111828
-0.0012769
-0.00143767
-0.00160332
-0.00176872
-0.00193401
-0.00176446
-0.00156836
-0.00137321
-0.00143333
-0.00165546
-0.00187237
-0.00203584
-0.00207619
-0.00212038
-0.00216441
-0.00206529
-0.00195481
-0.00184475
-0.00189751
-0.00205361
-0.00220637
-0.00232271
-0.00235513
-0.00239014
-0.00242506
-0.00230423
-0.00217105
-0.00203833
-0.00208382
-0.00224243
-0.00239742
-0.00247427
-0.0023712
-0.0022738
-0.00217629
-0.00232065
-0.00248426
-0.00264716
-0.00274722
-0.00280732
-0.00286864
-0.00288187
-0.00278463
-0.00269088
-0.00259707
-0.00262853
-0.00266999
-0.00271111
-0.00277364
-0.00284975
-0.00292539
-0.00301287
-0.00312764
-0.00324149
-0.00335531
-0.00325372
-0.00313495
-0.00301677
-0.00313078
-0.00339224
-0.00364898
-0.00378919
-0.00366113
-0.00354143
-0.00342155
-0.00344869
-0.00347127
-0.00349399
-0.00362807
-0.00383287
-0.00403536
-0.00417429
-0.00416691
-0.00416405
-0.00416105
-0.00403724
-0.0039038
-0.00377073
-0.00381761
-0.00397879
-0.00413637
-0.00425786
-0.00429614
-0.00433695
-0.00437767
-0.0043075
-0.00422846
-0.00414975
-0.00419358
-0.00431528
-0.00443453
-0.00453702
-0.00460088
-0.00466587
-0.0047308
-0.00472086
-0.00470491
-0.00468915
-0.0046201
-0.0045172
-0.00441539
-0.00438505
-0.00451918
-0.00464822
-0.00477734
-0.00481946
-0.00485455
-0.00488984
-0.00490019
-0.0048947
-0.00488969
-0.00487913
-0.00485586
-0.00483299
-0.00481011
-0.00483258
-0.00485365
-0.00487475
-0.0049084
-0.00495002
-0.00499137
-0.00502617
-0.00504588
