0
0.0151996
0.0138821
0.0139398
0.0138831
0.0138767
0.0138706
0.0138645
0.0139412
0.0140938
0.0142398
0.0143566
0.0143576
0.0143682
0.014378
0.0144525
0.0145289
0.0146049
0.0144919
0.0142059
0.0139346
0.0136873
0.0135376
0.0133802
0.0132237
0.0126523
0.0120697
0.0114889
0.0115337
0.0121519
0.0127224
0.0130862
0.0126279
0.012237
0.0118413
0.0118907
0.0119532
0.0120146
0.0120061
0.0119335
0.0118662
0.0117702
0.0115635
0.0113661
0.0111682
0.011093
0.0110217
0.0109502
0.0108486
0.0107195
0.0105927
0.0104573
0.0102879
0.0101215
0.00995515
0.0095004
0.00903728
0.00857557
0.00819978
0.007903
0.00760041
0.00742854
0.00776523
0.00806113
0.00835978
0.00771161
0.0070342
0.00636017
0.0061468
0.00635697
0.00653345
0.00659597
0.00620232
0.00584511
0.00548561
0.00518889
0.0048946
0.00460058
0.00463895
0.00498298
0.00530259
0.00548687
0.00513493
0.00482533
0.00451292
0.00477651
0.00505876
0.00533913
0.00566384
0.00602921
0.00639085
0.00677195
0.00722975
0.00768091
0.00813189
0.00817059
0.00819534
0.00822113
0.00862201
0.00936834
0.0100869
0.0106505
0.0106014
0.0105993
0.0105937
0.0106755
0.0107601
0.0108444
0.0107448
0.0104757
0.0102199
0.00996717
0.00972938
0.00949083
0.00925269
0.00936771
0.00949489
0.00962095
0.00959617
0.00943225
0.00927912
0.00908182
0.00871396
0.00835954
0.00800464
0.00755036
0.00709316
0.00663688
0.00625601
0.00594478
0.00562878
0.00538784
0.00543828
0.00546679
0.0054969
0.00517295
0.00483668
0.00450184
0.0042458
0.0040626
0.00387423
0.00366303
0.00335991
0.00306409
0.00276816
0.00248103
0.00219461
0.00190855
0.00180597
0.00187289
0.00192715
0.0019576
0.00189114
0.00183194
0.00177229
0.00143702
0.00109196
0.000748121
0.000439288
0.000162897
-0.000115474
-0.000404869
-0.000739306
-0.00106995
-0.00140038
-0.00169962
-0.00199728
-0.00229463
-0.00234057
-0.002154
-0.00198467
-0.00182582
-0.00171238
-0.0015958
-0.00147962
-0.00164214
-0.00181509
-0.00198704
-0.00220011
-0.00245115
-0.00269908
-0.00296443
-0.0032983
-0.00362673
-0.00395509
-0.00412069
-0.00427978
-0.0044391
-0.00420566
-0.00360858
-0.00303851
-0.00262723
-0.00284428
-0.00301592
-0.00319057
-0.00303147
-0.0028595
-0.00268871
-0.00292501
-0.00353851
-0.0041242
-0.00464095
-0.00488177
-0.00514191
-0.0054003
-0.00552291
-0.00563996
-0.00575724
-0.00539958
-0.00460172
-0.00383622
-0.00323444
-0.00328121
-0.00328201
-0.00328606
-0.00318495
-0.00307975
-0.002975
-0.00308773
-0.00340221
-0.00370204
-0.00395258
-0.00400676
-0.00407467
-0.00414152
-0.00339276
-0.00261169
-0.00183397
-0.00142333
-0.00135352
-0.00125998
-0.00104498
-0.000346125
0.000317987
0.000983596
0.0015371
0.00208531
0.00263313
0.00314064
0.00361069
0.0040827
0.00454003
0.00494227
0.00534777
0.00575249
0.00608836
0.00642094
0.00675329
0.00697449
0.00709244
0.00721735
0.00736833
0.00762417
0.00787243
0.00812088
0.00816532
0.0082011
0.00823743
0.0081673
0.00799828
0.00783625
0.00767024
0.00748981
0.00731061
0.00713156
0.00699743
0.00686538
0.00673337
0.00667998
0.0066997
0.00671441
0.00678218
0.00705706
0.00731751
0.00757858
0.00723055
0.00685668
0.00648506
0.00617346
0.00591785
0.00565881
0.00537732
0.00500569
0.00464064
0.00427563
0.00375157
0.00319905
0.00264919
0.0023127
0.002175
0.00202415
0.00192937
0.00205073
0.00215746
0.00226502
0.00181252
0.00125818
0.000711384
0.000193136
-0.000298022
-0.000790332
-0.00123454
-0.00149199
-0.00176153
-0.00202991
-0.00222282
-0.0024017
-0.00258127
-0.00275956
-0.00293669
-0.00311366
-0.00331343
-0.00360343
-0.00388707
-0.00417077
-0.00429026
-0.00437949
-0.0044706
-0.0045944
-0.00474881
-0.00490099
-0.00504713
-0.00516948
-0.00529324
-0.00541673
-0.00558628
-0.00576413
-0.00594121
-0.00605166
-0.00609994
-0.00615221
-0.00619459
-0.0061993
-0.00620646
-0.00621345
-0.00597751
-0.00569699
-0.00541974
-0.00511013
-0.00477054
-0.00443334
-0.00412332
-0.00391949
-0.00370905
-0.00349931
-0.00342095
-0.00336696
-0.00331147
-0.00325713
-0.00320376
-0.00315039
-0.00308945
-0.00299853
-0.00290965
-0.00282076
-0.00260502
-0.00236598
-0.00212875
-0.00198701
-0.00193457
-0.00187647
-0.00180033
-0.00165153
-0.00150757
-0.00136349
-0.0013042
-0.00126071
-0.00121627
-0.00117485
-0.00113618
-0.00109739
-0.00107349
-0.00110801
-0.00113876
-0.00116972
-0.00126455
-0.00137117
-0.00147691
-0.00165171
-0.001891
-0.0021259
-0.00237643
-0.00268816
-0.00299563
-0.00330298
-0.00359803
-0.00389051
-0.00418278
-0.0043268
-0.00433218
-0.00434627
-0.00428981
-0.00395812
-0.00364412
-0.00332941
-0.00319099
-0.00308564
-0.00297836
-0.00298321
-0.00309285
-0.00319581
-0.00334432
-0.00367078
-0.00398572
-0.004301
-0.00474486
-0.0052124
-0.00567789
-0.00599499
-0.00617307
-0.00635957
-0.00653025
-0.00664151
-0.00675631
-0.00687075
-0.00695959
-0.00704355
-0.0071277
-0.00683061
-0.00617654
-0.00554531
-0.00495222
-0.00451246
-0.00406379
-0.00361623
-0.00371863
-0.00392436
-0.00412349
-0.00433302
-0.00455189
-0.00476991
-0.004951
-0.00498733
-0.00503248
-0.00507704
-0.00509759
-0.0051136
-0.00512986
-0.00512203
-0.00509165
-0.00506268
-0.0049797
-0.00468438
-0.00440234
-0.00411984
-0.00355198
-0.00293077
-0.00231354
-0.00197816
-0.00190725
-0.0018204
-0.00170594
-0.00147861
-0.00125838
-0.00103798
-0.000927943
-0.000838873
-0.000748645
-0.000586402
-0.000356546
-0.000131039
9.02185e-05
0.00029452
0.000499595
0.000704377
0.000854502
0.000994129
0.00113422
0.00134133
0.00161136
0.00187729
0.00210981
0.00221074
0.00231941
0.0024275
0.00248909
0.00254179
0.00259495
0.00272658
0.00293189
0.00313257
0.00331558
0.00342863
0.0035457
0.00366239
0.0036698
0.0036564
0.00364425
0.00360331
0.00353543
0.00346922
0.00342217
0.00345074
0.00347481
0.00349912
0.00328664
0.00302922
0.00277475
0.00258019
0.00244209
0.00230082
0.00212551
0.00181487
0.00151254
0.00121007
0.000868956
0.000520756
0.000173378
0.000171438
0.000494163
0.000797525
0.0010011
0.000808235
0.00063874
0.000468079
0.00042902
0.000415153
0.000399835
0.00032994
0.000208653
9.04953e-05
-2.52626e-05
-0.000131254
-0.000237689
-0.000343974
-0.000199909
-7.99237e-06
0.000180931
0.000233025
0.000156266
8.70449e-05
2.70757e-05
5.05044e-06
-1.91389e-05
-4.31756e-05
-0.000178193
-0.000334396
-0.0004892
-0.000616881
-0.000718965
-0.000822402
-0.000844923
-0.000549365
-0.000272395
5.32265e-06
0.000211991
0.00040483
0.00059824
0.000687381
0.000678426
0.000675087
0.00060695
0.000284815
-2.2464e-05
-0.000330239
-0.000445224
-0.000522981
-0.000602768
-0.000670283
-0.00072636
-0.000783022
-0.00076775
-0.000469389
-0.000187425
9.51499e-05
0.000313178
0.000518576
0.000724456
0.000654984
0.000326218
1.24731e-05
-0.000300477
-0.000607969
-0.000915421
-0.00122253
-0.00112472
-0.000948733
-0.000777342
-0.000359609
0.000289945
0.000925745
0.00149324
0.00179066
0.00210289
0.00241394
0.00279924
0.00319857
0.00359668
0.00370691
0.00354579
0.0034
0.00328841
0.00348896
0.00367188
0.00385558
0.00356228
0.00317675
0.00279678
0.00245388
0.00214623
0.00183697
0.00149956
0.000907015
0.000329282
-0.000248632
4.57577e-05
0.000509314
0.000962995
0.0015146
0.002158
0.00279562
0.00336796
0.0033596
0.00338328
0.00340517
0.00366755
0.00397647
0.0042825
0.00426323
0.00393695
0.00362789
0.00329444
0.00274878
0.00221536
0.00168186
0.0014093
0.0011878
0.000963748
0.000823992
0.000763643
0.000699021
0.000702519
0.00131231
0.00188835
0.00246561
0.00242653
0.00226724
0.00211467
0.00193784
0.00173849
0.00154058
0.00135222
0.00124819
0.00113971
0.00103159
0.00092093
0.000809876
0.000698963
0.000609769
0.000541091
0.000471379
0.00040436
0.00036031
0.000315067
0.000269938
0.000356845
0.000469525
0.000580696
0.000717804
0.00087933
0.00103937
0.00119934
0.00135936
0.0015192
0.00167889
0.00176561
0.00183797
0.00191102
0.00178127
0.00145994
0.00114919
0.000793657
4.00804e-05
-0.00069144
-0.00142336
-0.00177694
-0.00205597
-0.00233868
-0.0023855
-0.00220956
-0.00204565
-0.00187158
-0.00161094
-0.00135517
-0.00109942
-0.00132878
-0.00165333
-0.00197249
-0.00239569
-0.00291697
-0.00343251
-0.00391276
-0.0040791
-0.00426186
-0.00444355
-0.00444729
-0.00441598
-0.00438655
-0.0040491
-0.00342043
-0.00280776
-0.00224936
-0.00217876
-0.0020826
-0.00198788
-0.00210316
-0.00225976
-0.00241404
-0.00249804
-0.00251544
-0.00253631
-0.00257116
-0.00273282
-0.00288768
-0.00304274
-0.00301027
-0.0029408
-0.00287334
-0.00310205
-0.00361116
-0.00410513
-0.00457334
-0.00480833
-0.00505519
-0.00530118
-0.0048644
-0.00429297
-0.00372911
-0.0033656
-0.00319211
-0.00300895
-0.00286938
-0.00311353
-0.00333757
-0.00356242
-0.00382083
-0.00408568
-0.00434993
-0.00463183
-0.00493041
-0.00522782
-0.00551142
-0.00567343
-0.00584152
-0.00600913
-0.00567305
-0.00523738
-0.00480727
-0.00435674
-0.00388718
-0.00341907
-0.0030044
-0.00306446
-0.00310016
-0.00313707
-0.00308459
-0.00301444
-0.00294525
-0.00297853
-0.00310893
-0.00323425
-0.00338652
-0.0037786
-0.00415807
-0.00453779
-0.00479991
-0.00503846
-0.00527797
-0.00545889
-0.00558436
-0.00571251
-0.00570905
-0.00453078
-0.00341325
-0.00229378
-0.0017819
-0.00139131
-0.000994982
-0.000804699
-0.000809449
-0.000804344
-0.000805387
-0.000856911
-0.000905838
-0.000954846
-0.00115035
-0.00137491
-0.00159778
-0.00180448
-0.00199576
-0.00218763
-0.00232296
-0.00195447
-0.00161163
-0.00126784
-0.00070572
-0.000100444
0.000502064
0.000855597
0.000972846
0.00110179
0.00122877
0.00134442
0.00146051
0.00157647
-0.0201025
-0.0461193
-0.0570156
0.00441004
0.00142938
0.00165598
0.00173124
0.0018893
0.00204309
0.00219694
0.00239033
0.00259149
0.00279207
0.00297333
0.00313624
0.00329989
0.00345307
0.00351422
0.00357986
0.00364522
0.00341722
0.00313064
0.00284723
0.00264661
0.00252473
0.00239909
0.00229366
0.00236632
0.00243015
0.00249435
0.00257753
0.00266445
0.00275111
0.00283778
0.00292446
0.00301105
0.00309041
0.00310579
0.00312428
0.0031426
0.00314669
0.00314792
0.00314928
0.00319726
0.00328954
0.00337956
0.00345807
0.00343336
0.0034137
0.00339382
0.00336453
0.00333336
0.00330232
0.00321674
0.00307934
0.0029446
0.00279296
0.00249035
0.00219535
0.00190026
0.00171699
0.00155635
0.00139478
0.00144993
0.00171097
0.00196181
0.00219161
0.00223065
0.00227885
0.00232657
0.002428
0.00254018
0.00265173
0.00276147
0.00286946
0.00297742
0.0030651
0.00297209
0.00288784
0.00280325
0.00277108
0.00274951
0.00272744
0.00275152
0.00281945
0.00288521
0.00293486
0.00283982
0.00275179
0.00266351
0.00282643
0.00303996
0.00325087
0.00337361
0.0034124
0.00345514
0.00349405
0.00350063
0.00350874
0.00351677
0.00364341
0.00379395
0.00394321
0.00393867
0.0037878
0.00364401
0.00354018
0.00379595
0.00403445
0.00427355
0.0039943
0.00361036
0.00323172
0.00273262
0.00211918
0.00151171
0.000964902
0.000958799
0.000927233
0.000896896
0.00121676
0.00160737
0.00199428
0.00227207
0.00244584
0.00262433
0.00278507
0.00279044
0.00280309
0.00281538
0.0027675
0.00270744
0.00264801
0.00272638
0.00293595
0.00313919
0.00334361
0.00355744
0.00377063
0.00398366
0.00398741
0.00394867
0.00391193
0.00393798
0.0040239
0.00410695
0.00404227
0.00265497
0.0013304
4.1466e-06
-0.000481595
-0.000796167
-0.00111838
-0.00127144
-0.00126376
-0.00126353
-0.00114306
5.02786e-05
0.00119292
0.00233684
0.00226473
0.00194523
0.00163745
0.001598
0.00181469
0.00201938
0.00216673
0.0017976
0.00145258
0.00110677
0.000741243
0.00037195
3.16863e-06
-2.06788e-05
0.000284126
0.000573576
0.000953445
0.00213828
0.00328515
0.00443271
0.00486578
0.00515287
0.00544638
0.00568101
0.00585983
0.00604104
0.00618936
0.00604568
0.00591544
0.0057847
0.00537579
0.00491037
0.00444795
0.00351853
0.00214411
0.00079117
-0.000455245
-0.000749355
-0.00108643
-0.00142124
-0.00154477
-0.00162501
-0.00170714
-0.00113779
5.25652e-05
0.00121374
0.00227183
0.0024038
0.0025775
0.00274916
0.00268107
0.00256396
0.00244917
0.00212529
0.00160212
0.0010884
0.000543072
-0.000284988
-0.00109959
-0.00191405
-0.00231922
-0.0026403
-0.00296488
-0.00316916
-0.00325885
-0.00335361
-0.00339796
-0.00299394
-0.00261036
-0.00222621
-0.00145303
-0.000600639
0.000247452
0.000765233
0.000967707
0.00118408
0.00140126
0.00163289
0.00186366
0.00209427
0.00154936
0.000845708
0.000149752
-0.000594773
-0.0013853
-0.00217308
-0.00290637
-0.00315644
-0.00342774
-0.00369785
-0.0039151
-0.00412133
-0.00432788
-0.0044685
-0.00454623
-0.00462667
-0.00460492
-0.00367011
-0.00277646
-0.00188179
-0.00186026
-0.00201819
-0.00216806
-0.00225813
-0.00229076
-0.00232589
-0.00242984
-0.00315109
-0.00384456
-0.00453863
-0.00481222
-0.00499913
-0.00518968
-0.00534726
-0.0054735
-0.00560101
-0.00572173
-0.00578298
-0.00584679
-0.00591042
-0.00598887
-0.0060703
-0.00615154
-0.00622693
-0.00629673
-0.00636671
-0.00643764
-0.00651767
-0.00659724
-0.00667676
-0.00673931
-0.00679832
-0.00685744
-0.00690658
-0.00694622
-0.00698623
-0.00702264
-0.00702723
-0.00703319
-0.00703908
-0.0070881
-0.00714597
-0.00720342
-0.00724716
-0.00727779
-0.00730896
-0.00734387
-0.00741258
-0.00747977
-0.00754697
-0.00757536
-0.00759573
-0.00761642
-0.00765067
-0.0076979
-0.00774452
-0.00778567
-0.00777794
-0.00777231
-0.0077666
-0.00783076
-0.00790932
-0.00798719
-0.00802967
-0.00803829
-0.00804835
-0.00805644
-0.00804744
-0.00803918
-0.0080309
-0.00807349
-0.00812659
-0.00817919
-0.00820638
-0.00820925
-0.00821316
-0.00821718
-0.00822255
-0.00822787
-0.00823318
-0.00823849
-0.00824379
-0.00824909
-0.00825238
-0.00825373
-0.00825517
-0.0082561
-0.00825255
-0.00824919
-0.00824583
-0.00828571
-0.00833452
-0.00838291
-0.008365
-0.00828366
-0.00820509
-0.0081352
-0.0081437
-0.00814887
-0.00815418
-0.00812975
-0.00809917
-0.00806887
-0.00803776
-0.00800589
-0.00797407
-0.00795101
-0.00800611
-0.00805788
-0.00810975
-0.00809726
-0.00807142
-0.00804617
-0.00803732
-0.00804421
-0.00805042
-0.00805046
-0.00799492
-0.00794176
-0.00788854
-0.00783639
-0.00778449
-0.00773262
-0.00771233
-0.00772226
-0.00773092
-0.00773624
-0.00771125
-0.00768755
-0.00766381
-0.00766236
-0.00766554
-0.00766853
-0.00762422
-0.00753461
-0.00744697
-0.00733924
-0.00705177
-0.00677202
-0.00649218
-0.00625692
-0.0060311
-0.00580507
-0.00562235
-0.00548109
-0.00533823
-0.00523056
-0.00543638
-0.00562904
-0.00582209
-0.00543876
-0.00493562
-0.00443785
-0.0039874
-0.00358246
-0.00317599
-0.00282233
-0.00293836
-0.00303491
-0.00313218
-0.00255356
-0.0018344
-0.00112162
-0.000606006
-0.000279468
5.45831e-05
0.000430238
0.0011834
0.00192044
0.00265752
0.00308637
0.00345064
0.00381726
0.00423335
0.00469691
0.00515815
0.00557947
0.00564556
0.00572613
0.00580604
0.00609314
0.00642332
0.00675147
0.00687854
0.00681289
0.00675517
0.00671084
0.00678901
0.00686212
0.00693537
0.00664517
0.00627919
0.0059166
0.00549745
0.00502426
0.00455365
0.00410314
0.00383052
0.00355091
0.00327181
0.00360757
0.00407174
0.00453033
0.00485361
0.00504702
0.00524553
0.00543572
0.00555454
0.00567615
0.00579755
0.00601877
0.00626075
0.00650169
0.00671858
0.00691237
0.00710694
0.00728143
0.00727757
0.00728089
0.00728393
0.00700894
0.00667588
0.00634542
0.00599649
0.00562996
0.00526444
0.00488793
0.00441102
0.00393853
0.00346623
0.00363268
0.00393293
0.00422758
0.00424629
0.00400021
0.00376493
0.00354029
0.00341342
0.00328274
0.00315231
0.00348748
0.00392012
0.00434854
0.0042542
0.00365842
0.00308309
0.00262446
0.00321468
0.0037627
0.00431195
0.00392958
0.00335185
0.00278234
0.00269121
0.00305921
0.00340871
0.00368524
0.00330394
0.00294902
0.00259333
0.00280825
0.00314292
0.0034726
0.00358657
0.00349342
0.00340853
0.00330444
0.00303079
0.00276404
0.00249723
0.00229376
0.00210371
0.00191329
0.00181575
0.00180729
0.00179533
0.0017774
0.00170469
0.00163419
0.00156366
0.00179228
0.00208373
0.00237247
0.00227402
0.00180391
0.00134874
0.00095238
0.00108509
0.00119698
0.00130959
0.00157675
0.0018763
0.00217434
0.00231301
0.00229864
0.00229026
0.00222909
0.00169717
0.00118403
0.000670564
0.00090132
0.00128877
0.00166982
0.0023422
0.00329398
0.00423415
0.00512608
0.00558779
0.00606585
0.00654291
0.00660634
0.00658249
0.00656204
0.0064522
0.00625667
0.0060646
0.00573975
0.00422557
0.0027586
0.00129095
0.00108768
0.00115137
0.00120469
0.00127686
0.00136673
0.00145585
0.00156358
0.00183823
0.00210624
0.0023743
0.00223296
0.00200526
0.00178105
0.0016169
0.00151056
0.00140208
0.0012615
0.000832019
0.000413968
-4.20125e-06
0.000408061
0.000995587
0.00157594
0.00183656
0.00178979
0.00175484
0.00171749
0.00166258
0.00160838
0.00155419
0.00111624
0.00059739
8.20241e-05
9.15673e-05
0.000605509
0.00109981
0.00153256
0.0014103
0.00130929
0.00120755
0.00137097
0.0015904
0.00180753
0.00206715
0.0023675
0.00266607
0.00298086
0.00344211
0.00389746
0.00435268
0.00312669
0.00154535
-2.13119e-05
-0.000664809
-0.000420616
-0.000210232
-5.87041e-07
0.000192198
0.000385476
0.000578588
0.00135631
0.00225749
0.00315332
0.00376286
0.00409706
0.00444139
0.00470901
0.00429493
0.00390686
0.0035181
0.00296531
0.00237803
0.00179249
0.00108291
0.00025416
-0.00056949
-0.00125888
-0.000748704
-0.000283961
0.000182138
0.000102951
-9.18942e-05
-0.000282257
-0.000227212
6.39366e-05
0.000346024
0.000593163
0.000525853
0.000470357
0.000414461
0.000150182
-0.000158202
-0.000464709
-6.92485e-06
0.00118584
0.00235028
0.00337582
0.00315442
0.00297965
0.00280328
0.00238693
0.00191981
0.00145493
0.000852402
0.000117596
-0.000611747
-0.00119609
-0.000483901
0.000179612
0.000844439
0.000774705
0.000548833
0.000328917
0.00051837
0.00110179
0.00167019
0.00222649
0.00267274
0.00312274
0.00357226
0.00371586
0.00379429
0.00387507
0.00320124
0.00180157
0.000429717
-0.000772532
-0.000454161
-0.000192074
7.18934e-05
0.000185589
0.000267245
0.00035002
0.000719813
0.00136579
0.00200114
0.00260289
0.00290379
0.00321551
0.00352661
0.00350567
0.003414
0.00332499
0.00265347
0.00142153
0.000211014
-0.000831766
-0.000371801
3.28423e-05
0.000439213
0.000916134
0.00140785
0.00189866
0.00228928
0.00258345
0.00288091
0.00312392
0.00288184
0.00265762
0.00243291
0.00153454
0.00049296
-0.000542649
-0.000789189
-0.000276007
0.000209175
0.000657555
0.000769855
0.000894281
0.00101818
0.00104961
0.00106128
0.00107366
0.0013055
0.00174862
0.00218376
0.00249173
0.00166011
0.00087034
7.96271e-05
-0.000487782
-0.0010072
-0.00152798
-0.00155268
-0.0010998
-0.000664485
-0.000253624
-6.50222e-05
0.000131459
0.000327514
0.000307663
0.00024168
0.000177405
0.000658814
0.00166574
0.00265305
0.00356684
0.00382137
0.0040994
0.00437638
0.00431895
0.00419003
0.00406376
0.00325421
0.0017867
0.000343819
-0.000921138
-0.000592224
-0.000320613
-4.71455e-05
0.000334734
0.000739621
0.0011434
0.00119113
0.000718052
0.000263912
-1.08818e-05
0.00132482
0.00260212
0.00388058
0.00421428
0.00434553
0.0044839
0.00424769
0.00346384
0.00270004
0.00192205
0.00101903
0.000121107
-0.000776363
-0.000610708
-0.000217394
0.00016756
0.000325958
0.00015253
-9.00793e-06
-0.00016516
-0.000270171
-0.000376919
-0.00048353
0.000469479
0.00164911
0.00281989
0.00358567
0.00375871
0.00395258
0.00397613
0.00248121
0.00104095
-0.000400227
-0.000210082
0.000329832
0.000857037
0.000953583
0.000419356
-9.22834e-05
-0.000559026
-0.000619177
-0.000693587
-0.000767443
-0.000701346
-0.000605245
-0.000510266
-0.000100879
0.000768669
0.00162146
0.00241812
0.00271128
0.00302189
0.00333166
0.00351995
0.00368205
0.00384495
0.00384436
0.00360455
0.00337328
0.0030368
0.00175893
0.00051483
-0.000729578
-0.000898983
-0.000837342
-0.000783803
-0.000666375
-0.000455822
-0.000248661
-3.29771e-05
0.000259178
0.000548469
0.000837658
0.00074068
0.000560738
0.000383804
0.000155817
-0.000146822
-0.000446658
-0.000713041
-0.000680419
-0.00065819
-0.000635617
-0.000553262
-0.000458088
-0.000363425
1.23224e-05
0.000799631
0.00157215
0.00231918
0.00283742
0.0033632
0.00388836
0.00361688
0.00317407
0.00273749
0.00205085
0.000998226
-4.10561e-05
-0.000931334
-0.000487872
-9.06581e-05
0.000307875
0.000305991
0.000217897
0.00013283
-1.04546e-05
-0.000238866
-0.000464195
-0.000582046
0.000263027
0.00107446
0.0018865
0.00187585
0.00168796
0.00150629
0.00122878
0.000811196
0.000398694
-2.55269e-05
-0.000555459
-0.00108141
-0.00160714
-0.00125577
-0.000715501
-0.000182056
5.36705e-05
-0.000146829
-0.000332303
-0.000407848
0.000505405
0.00138432
0.00226381
0.00286073
0.00339641
0.0039338
0.00436324
0.00463481
0.00491157
0.00503567
0.00379475
0.00260106
0.00140657
0.000638241
-3.77436e-05
-0.000716404
-0.000727055
0.000240496
0.00117423
0.00198936
0.00173627
0.00151952
0.00130168
0.00104632
0.000782974
0.000520076
0.000725294
0.00161625
0.00248343
0.00314482
0.00195923
0.000836781
-0.000287044
-4.79574e-05
0.000485428
0.00100854
0.00144222
0.00174455
0.0020511
0.00232833
0.00234575
0.00237189
0.00239773
0.00188035
0.00124581
0.000615639
3.15797e-05
-0.000484901
-0.0010033
-0.00144414
-0.00119311
-0.000965447
-0.000737153
-0.000647002
-0.000586765
-0.000525567
-0.000627972
-0.000970048
-0.00130388
-0.00159744
-0.00152936
-0.00147342
-0.0014171
-0.00135748
-0.00129717
-0.00123692
-0.00109147
-0.000821113
-0.000555104
-0.00142057
-0.0124273
-0.023089
-0.0337551
-0.044414
0.000619326
-0.000673952
-0.000427858
-0.000235485
-4.1456e-05
8.72747e-05
-0.000367751
-0.000803099
-0.00123881
-0.000547551
0.00038746
0.00131377
0.00174651
0.00104477
0.00038106
-0.000283468
-0.000602546
-0.000894521
-0.0011872
-0.00143338
-0.00165009
-0.00186763
-0.00174674
-0.000848092
2.42961e-05
0.000896975
0.000443502
-0.000113184
-0.000666102
-0.000713762
-0.000441465
-0.000179883
-4.42331e-05
-0.000198693
-0.000343508
-0.000488545
0.000551245
0.00168301
0.00281101
0.003481
0.00386078
0.00424983
0.00453518
0.00458318
0.00463893
0.00469438
0.00332165
0.00183797
0.000358891
-0.000401024
-0.000705235
-0.00102415
-0.000976786
-8.86435e-05
0.000771442
0.00163188
0.000949269
0.000146148
-0.000652516
-0.000817259
-0.000580343
-0.000356679
-7.55218e-05
0.000337016
0.000745005
0.00115288
0.00158884
0.00202676
0.00246433
0.00233696
0.00185171
0.0013784
0.000886681
0.000353101
-0.000178773
-0.000710357
-0.0010088
-0.00128875
-0.00156912
-0.0013059
-0.00069832
-0.000102291
0.000352001
0.000480002
0.00061848
0.000756529
0.000114259
-0.000589033
-0.0012899
-0.00147049
-0.00132128
-0.00118281
-0.0010163
-0.000785976
-0.000557858
-0.000329816
-0.000722374
-0.0011636
-0.00160297
-0.00113976
-0.000104526
0.000911627
0.00175922
0.00221859
0.00269015
0.00316101
0.00339861
0.00361767
0.00383718
0.00367306
0.00326578
0.00286657
0.00227628
0.00124682
0.000232092
-0.000782457
-0.00110858
-0.00138015
-0.00165328
-0.00143223
-0.000897929
-0.000373984
-1.67274e-05
-4.31792e-05
-5.7355e-05
-7.19139e-05
-0.000356802
-0.000662909
-0.000968143
-0.000493742
0.000474977
0.00142732
0.00207988
0.0020425
0.00202712
0.00201104
0.00200325
0.00199611
0.00198895
0.00155689
0.000855414
0.000162947
-0.000449628
-0.000878354
-0.00131264
-0.00174648
-0.00174148
-0.00170168
-0.00166301
-0.00152751
-0.00133065
-0.00113585
-0.00107001
-0.00130079
-0.00152204
-0.00174345
-0.00166476
-0.0015623
-0.00146065
-0.00135559
-0.00124841
-0.00114136
-0.00114537
-0.00140475
-0.00165591
-0.00190718
-0.00187389
-0.001818
-0.00176286
-0.00174266
-0.00174466
-0.00174595
-0.00181361
-0.00203388
-0.00224922
-0.00246457
-0.00221018
-0.00191854
-0.00162825
-0.00174513
-0.00212041
-0.00248735
-0.00268243
-0.00248179
-0.00229368
-0.0021053
-0.00217663
-0.00226862
-0.0023599
-0.00246709
-0.00258432
-0.00270117
-0.00278986
-0.00281379
-0.00283974
-0.00286561
-0.00293395
-0.00300564
-0.00307718
-0.00318726
-0.00332177
-0.00345544
-0.00345553
-0.00314833
-0.00285089
-0.00255333
-0.00292774
-0.00335562
-0.00378157
-0.00369099
-0.00327241
-0.00286429
-0.00266133
-0.00293087
-0.00318556
-0.00344056
-0.00365434
-0.0038647
-0.00407504
-0.00404733
-0.00386846
-0.00369439
-0.00351939
-0.00334245
-0.00316569
-0.00298903
-0.00333409
-0.00372074
-0.00410587
-0.0042806
-0.00432164
-0.00436678
-0.00431996
-0.00406185
-0.00381043
-0.00355895
-0.00375794
-0.00394291
-0.00412821
-0.0042698
-0.00438362
-0.00449822
-0.00455952
-0.00449829
-0.00444087
-0.00438337
-0.00429833
-0.00421113
-0.00412405
-0.00417777
-0.00432096
-0.00446131
-0.0045806
-0.00465134
-0.00472353
-0.00479563
-0.00477444
-0.00474577
-0.00471734
-0.00467166
-0.00461503
-0.00455877
-0.00455352
-0.00466565
-0.00477413
-0.00488265
-0.00486832
-0.00484413
-0.00482025
-0.00479804
-0.0047769
-0.00475575
-0.00476412
-0.00484045
-0.00491466
-0.00498889
-0.00491978
-0.00483916
-0.00475894
-0.00464499
-0.00450964
-0.00437502
-0.00433032
-0.00449252
-0.00464833
-0.00480425
-0.00483111
-0.00486187
-0.0048925
-0.00488564
-0.00485494
-0.00482499
-0.00478432
-0.00471902
