0
0.0178707
0.0161901
0.0161375
0.0159497
0.0157519
0.0155528
0.0153542
0.0153635
0.015563
0.0157466
0.0158695
0.0157513
0.0156531
0.0155535
0.0151777
0.0147946
0.0144128
0.0143799
0.0146666
0.0149267
0.0151349
0.0151327
0.0151478
0.0151614
0.0149562
0.0147448
0.0145343
0.0143072
0.014065
0.0138244
0.0136821
0.0139236
0.0141336
0.0143457
0.0140624
0.0137646
0.0134684
0.0133515
0.0133991
0.0134333
0.0134324
0.0132899
0.0131591
0.0130275
0.0128358
0.0126426
0.0124499
0.0123515
0.0123398
0.0123211
0.0123617
0.0126318
0.0128831
0.0131355
0.01284
0.0125278
0.0122174
0.0119495
0.0117206
0.0114889
0.0113391
0.0115077
0.0116508
0.0117957
0.0119065
0.0120161
0.0121257
0.0119669
0.0115617
0.0111764
0.0108918
0.0110057
0.0110881
0.0111728
0.0108227
0.0104591
0.010097
0.0101244
0.01051
0.0108671
0.0111359
0.0110519
0.0109955
0.010937
0.0108885
0.0108403
0.0107922
0.0107718
0.0107768
0.0107798
0.0107524
0.0106055
0.010468
0.01033
0.0102778
0.0102285
0.0101791
0.0102341
0.0103853
0.0105288
0.0106103
0.010447
0.0103026
0.0101571
0.0100523
0.00994901
0.00984579
0.00979443
0.00979087
0.00978367
0.00969493
0.00928549
0.0089011
0.00851539
0.00839681
0.00828769
0.00817802
0.0082669
0.00853878
0.00879638
0.00898631
0.00890784
0.00884977
0.00879025
0.00884233
0.00889828
0.00895385
0.00885406
0.00861093
0.00837895
0.00817698
0.008095
0.00800415
0.0079141
0.00744979
0.00697262
0.00649714
0.00623426
0.00616776
0.00608671
0.00602359
0.00602606
0.00602365
0.0060216
0.00585612
0.00568488
0.00551433
0.00562114
0.00598419
0.00632773
0.00650487
0.00602524
0.00559486
0.00516148
0.00523735
0.00533201
0.00542514
0.00545734
0.00543311
0.00541307
0.00535179
0.00512987
0.00492006
0.00470967
0.00450357
0.0042979
0.00409249
0.00392284
0.00378628
0.0036475
0.0035387
0.00354626
0.00354533
0.00354502
0.00366782
0.00379517
0.003922
0.00384188
0.00357022
0.00331283
0.00306927
0.00288294
0.00269275
0.00250311
0.00260189
0.00271172
0.0028206
0.00274998
0.0025131
0.00228853
0.00217014
0.00247097
0.00274128
0.00301339
0.0027516
0.0024692
0.00218869
0.00207841
0.00212596
0.00216217
0.00215675
0.00198484
0.00182505
0.00166462
0.0014713
0.00127691
0.00108287
0.00104736
0.00115882
0.0012597
0.00134701
0.00137851
0.00141391
0.00144898
0.0015279
0.00160848
0.00168884
0.00140605
0.000786471
0.000191479
-0.000255983
-0.000119916
-2.50478e-05
7.25807e-05
6.86683e-05
6.06444e-05
5.29198e-05
0.000151163
0.000347758
0.0005372
0.00065996
0.000519726
0.000398041
0.000275232
0.00039963
0.000534061
0.000667607
0.000718906
0.000693783
0.000674002
0.000704348
0.000932915
0.00114743
0.00136262
0.0010621
0.000740432
0.000420673
0.000339859
0.000481137
0.000606903
0.000713098
0.000738685
0.000769784
0.000800462
0.000944859
0.00109388
0.00124237
0.00127672
0.00120495
0.00114055
0.00108984
0.00109463
0.00109563
0.00109688
0.000731266
0.000350442
-2.88254e-05
-0.000287896
-0.000435091
-0.000589696
-0.000640998
-0.000289169
3.48148e-05
0.000360248
0.000424704
0.000477837
0.000531664
0.000448878
0.000239039
3.80677e-05
-0.000163158
-0.000363807
-0.000564224
-0.000764387
-0.000868268
-0.000954498
-0.0010418
-0.0009721
-0.000756335
-0.000550662
-0.000464631
-0.000850546
-0.00120433
-0.0015598
-0.00173416
-0.00187529
-0.00201845
-0.00220377
-0.00242848
-0.00265026
-0.00282822
-0.00283407
-0.00285136
-0.00286787
-0.00300892
-0.00317261
-0.00333459
-0.00345225
-0.00352852
-0.00360742
-0.00370228
-0.00386085
-0.00401499
-0.00416923
-0.00416409
-0.0041297
-0.00409728
-0.00412067
-0.00419622
-0.00426823
-0.00434185
-0.00442112
-0.00449991
-0.00457863
-0.00465936
-0.00474038
-0.00482127
-0.00485249
-0.00483736
-0.00482529
-0.00478619
-0.00464163
-0.00450414
-0.00436637
-0.00439903
-0.00446309
-0.00452502
-0.00453579
-0.00449867
-0.00446471
-0.00444872
-0.00450409
-0.00455477
-0.00460568
-0.00455748
-0.00449101
-0.0044258
-0.00438115
-0.00435577
-0.00432919
-0.00430248
-0.0042749
-0.00424741
-0.00421995
-0.00418408
-0.00414669
-0.00410945
-0.00405864
-0.00399515
-0.00393256
-0.00386961
-0.00380526
-0.00374108
-0.00367697
-0.00357262
-0.0034609
-0.00334979
-0.00322815
-0.00309672
-0.00296608
-0.00283674
-0.00271219
-0.0025875
-0.00246298
-0.00253553
-0.00264468
-0.00275138
-0.00277936
-0.00273361
-0.00269258
-0.00266234
-0.00267558
-0.00268606
-0.0026967
-0.00274587
-0.00280218
-0.00285797
-0.00284502
-0.00276777
-0.00269465
-0.00263365
-0.00262104
-0.00260542
-0.00259
-0.00255144
-0.00250859
-0.00246606
-0.00248898
-0.00257317
-0.00265342
-0.00271383
-0.00269551
-0.00268213
-0.00266846
-0.00273003
-0.00280563
-0.00288027
-0.00291718
-0.00291872
-0.00292246
-0.00292967
-0.00295113
-0.00297167
-0.00299225
-0.00299536
-0.00299519
-0.00299522
-0.0029531
-0.00287152
-0.00279248
-0.00272221
-0.00268678
-0.00264925
-0.0026119
-0.00266317
-0.00273106
-0.00279785
-0.00283019
-0.00283019
-0.00283217
-0.00284663
-0.00291068
-0.00297161
-0.00303267
-0.00306115
-0.00308347
-0.00310613
-0.00304088
-0.00289325
-0.00275082
-0.00263601
-0.00263065
-0.00261863
-0.00260704
-0.00255538
-0.00249621
-0.00243757
-0.00240471
-0.00239606
-0.00238595
-0.00237029
-0.00233242
-0.00229593
-0.00225941
-0.00229819
-0.00235119
-0.00240327
-0.00237583
-0.00227376
-0.00217631
-0.00209737
-0.00209201
-0.00208223
-0.00207273
-0.00202661
-0.00197359
-0.00192105
-0.00191488
-0.00195223
-0.00198693
-0.00202082
-0.002051
-0.00208138
-0.0021117
-0.00188663
-0.00161326
-0.00134309
-0.00119767
-0.00116952
-0.00113443
-0.00107865
-0.000939687
-0.000805832
-0.000671832
-0.000560469
-0.00045351
-0.000346417
-0.00020894
-4.29238e-05
0.000121207
0.000275536
0.000391408
0.000509415
0.000627157
0.000762107
0.000900213
0.00103797
0.00121039
0.00141534
0.00161814
0.00175904
0.00165641
0.0015682
0.00147925
0.00152469
0.00159573
0.0016652
0.0016779
0.00163716
0.0015996
0.00160338
0.00177059
0.00192805
0.00208591
0.0021713
0.00224276
0.00231494
0.00227676
0.00213487
0.00199917
0.00188735
0.00187055
0.00184825
0.00182629
0.00208066
0.00238776
0.00269145
0.00287223
0.00293723
0.00300885
0.00308057
0.00315446
0.00322814
0.00330175
0.00323469
0.00314069
0.00304834
0.00299698
0.00298427
0.00296935
0.00294722
0.00289615
0.0028468
0.0027974
0.00293716
0.00311318
0.00328693
0.00340252
0.00346327
0.00352709
0.00357983
0.00358989
0.00360236
0.00361469
0.0034478
0.00324654
0.00304745
0.00297431
0.00301984
0.00305858
0.00313616
0.00336534
0.00358566
0.00380623
0.00382896
0.00381349
0.0038002
0.00380737
0.00383394
0.00385937
0.00384947
0.00370013
0.00355883
0.00341723
0.00363416
0.0039202
0.00420203
0.00434999
0.00437159
0.00440027
0.00440686
0.00432809
0.0042542
0.00418012
0.00423196
0.00430813
0.00438285
0.00439551
0.0043496
0.00430702
0.00427009
0.00428498
0.00429697
0.00430911
0.00422399
0.00412008
0.00401733
0.00393092
0.00385997
0.00378823
0.00372027
0.00368498
0.00364792
0.003611
0.00376348
0.00395263
0.00413953
0.00422988
0.00422905
0.00423326
0.00421328
0.0039796
0.00375797
0.00353591
0.00353451
0.00357603
0.00361514
0.00376937
0.00403208
0.00428854
0.00447549
0.00404033
0.00363977
0.00323775
0.0031099
0.00303554
0.00295833
0.00298149
0.0030992
0.00321161
0.0033277
0.00347503
0.0036205
0.00376591
0.00373149
0.00366201
0.00359452
0.0034328
0.00318223
0.00293677
0.0027157
0.00271306
0.00269858
0.00268476
0.00269719
0.00271475
0.00273202
0.00266385
0.00251498
0.00237063
0.00222198
0.00203573
0.00185171
0.00166777
0.0016892
0.00175081
0.00181019
0.00186236
0.0019076
0.00195316
0.00195924
0.00161284
0.00128573
0.000957945
0.000941211
0.00098545
0.00102638
0.00114867
0.00134766
0.00154234
0.00168146
0.00132348
0.000992421
0.00066028
0.000368632
8.51516e-05
-0.000198462
-0.000175116
0.000138358
0.000436066
0.000702705
0.000686554
0.000685438
0.000683525
0.000411581
8.67611e-05
-0.000234913
-0.000417459
-0.000468298
-0.000526051
-0.00055055
-0.00028149
-2.82224e-05
0.000225612
0.000143976
-3.62911e-06
-0.000147601
-0.000297905
-0.000454006
-0.000609638
-0.000749528
-0.000749745
-0.000757302
-0.000764465
-0.000687652
-0.000594338
-0.000501988
-0.000477394
-0.000516949
-0.000553105
-0.000599824
-0.000739707
-0.000874573
-0.00100956
-0.000963374
-0.000881458
-0.000801491
-0.000765675
-0.00077174
-0.000775618
-0.00077394
-0.000721596
-0.000671941
-0.000622197
-0.000641774
-0.000675038
-0.000707558
-0.000821189
-0.00101156
-0.00119776
-0.00136496
-0.00136187
-0.0013676
-0.00137286
-0.00126915
-0.00114394
-0.00101996
-0.000957907
-0.000954545
-0.000948162
-0.000965185
-0.00119007
-0.00140403
-0.00161832
-0.00162299
-0.0015861
-0.00155138
-0.00140312
-0.00114743
-0.000897511
-0.000692266
-0.000887163
-0.00106137
-0.00123646
-0.00146961
-0.00171411
-0.00195778
-0.00210509
-0.00216105
-0.00222162
-0.00223248
-0.00180142
-0.00139331
-0.000984448
-0.000997969
-0.00109542
-0.00118851
-0.0013408
-0.00154897
-0.0017541
-0.00193493
-0.00189865
-0.00187342
-0.00184765
-0.00174338
-0.00162356
-0.00150464
-0.00127313
-0.000934929
-0.000602458
-0.000333224
-0.000629488
-0.000896937
-0.00116557
-0.00135204
-0.00152202
-0.00169266
-0.0018242
-0.0019187
-0.00201497
-0.00209994
-0.0020855
-0.00207605
-0.00206637
-0.00176142
-0.00139778
-0.00103745
-0.000894113
-0.000956747
-0.00100902
-0.00107662
-0.00127704
-0.00147064
-0.00166438
-0.0220896
-0.0465414
-0.0568337
0.000568728
-0.00238544
-0.00233386
-0.00242877
-0.00248911
-0.00255111
-0.00261297
-0.0025689
-0.00250368
-0.00243956
-0.00235603
-0.00225411
-0.00215321
-0.00206298
-0.00206792
-0.00206815
-0.00206862
-0.00213491
-0.00221435
-0.00229305
-0.00236541
-0.00243171
-0.00249824
-0.00256789
-0.0026661
-0.0027628
-0.00285949
-0.00283338
-0.00278267
-0.00273321
-0.00270397
-0.00269398
-0.00268306
-0.00267542
-0.00269675
-0.00271663
-0.00273657
-0.00275174
-0.00276595
-0.00278019
-0.00281068
-0.00285663
-0.00290177
-0.00293776
-0.00289174
-0.00284977
-0.00280764
-0.00278326
-0.00276246
-0.0027415
-0.00272945
-0.00272585
-0.00272185
-0.00272242
-0.00276369
-0.00280295
-0.00284226
-0.00288154
-0.00292078
-0.00295998
-0.00297435
-0.00296511
-0.00295702
-0.00295135
-0.00296774
-0.00298306
-0.00299842
-0.00293899
-0.00286453
-0.00279087
-0.00276789
-0.00279313
-0.00281603
-0.0028372
-0.0028421
-0.00284777
-0.0028534
-0.00284275
-0.00282883
-0.00281507
-0.00279447
-0.00276737
-0.0027406
-0.0027184
-0.002737
-0.00275362
-0.00277032
-0.00274767
-0.00271708
-0.00268689
-0.00265366
-0.00261755
-0.0025816
-0.00255308
-0.0025907
-0.00262515
-0.00265971
-0.00261247
-0.00254872
-0.00248581
-0.00246504
-0.00248438
-0.0025018
-0.00251591
-0.0024997
-0.00248495
-0.00247014
-0.00245878
-0.00244813
-0.00243746
-0.00244916
-0.00248215
-0.00251411
-0.00254933
-0.00261359
-0.00267642
-0.00273925
-0.00270506
-0.00265123
-0.00259838
-0.0025719
-0.00257055
-0.00256803
-0.00256826
-0.00259262
-0.00261584
-0.00263909
-0.0026555
-0.00267051
-0.00268557
-0.00267905
-0.00265197
-0.00262589
-0.00260267
-0.00260537
-0.00260686
-0.0026084
-0.00264836
-0.0026961
-0.00274343
-0.00274412
-0.00270038
-0.00265875
-0.0026237
-0.00264805
-0.00266961
-0.00269129
-0.00277706
-0.0028758
-0.00297385
-0.00304169
-0.00308074
-0.00312107
-0.00315416
-0.00312314
-0.00309511
-0.00306696
-0.0030131
-0.00295404
-0.00289527
-0.00288423
-0.00291866
-0.00295097
-0.00298555
-0.00303979
-0.00309307
-0.00314634
-0.00316836
-0.003184
-0.00319991
-0.00320068
-0.00318703
-0.00317405
-0.00315879
-0.00312332
-0.00308881
-0.00305429
-0.00307306
-0.00310268
-0.00313177
-0.00312276
-0.0030774
-0.00303375
-0.00299947
-0.00304943
-0.00309551
-0.00314172
-0.00317352
-0.00320237
-0.00323132
-0.00328186
-0.00335297
-0.00342308
-0.00348927
-0.00352045
-0.0035532
-0.00358585
-0.0035701
-0.00354447
-0.00351931
-0.00342126
-0.00325372
-0.00308948
-0.00293733
-0.00289357
-0.00284494
-0.00279658
-0.0027384
-0.00267825
-0.00261825
-0.00267324
-0.00283789
-0.00299745
-0.00312418
-0.00295614
-0.00280152
-0.00264643
-0.00273883
-0.00288183
-0.00302244
-0.0029186
-0.00258152
-0.0022552
-0.00195849
-0.00192882
-0.00188721
-0.00184618
-0.00163704
-0.00139358
-0.00115188
-0.000868683
-0.000545973
-0.000225314
6.68207e-05
0.000105122
0.000154706
0.000203742
0.000104822
-2.43916e-05
-0.000152142
-0.000130691
3.31926e-05
0.0001906
0.000328192
0.000286951
0.000253684
0.000220092
0.000265024
0.000326046
0.000386301
0.000579773
0.000900353
0.00121503
0.00151741
0.00170968
0.00190664
0.00210322
0.00223329
0.0023496
0.00246641
0.00256832
0.00265602
0.00274428
0.00281497
0.00272926
0.0026505
0.00257151
0.00252031
0.00247485
0.00242918
0.00231969
0.00214925
0.00198163
0.00183211
0.0018445
0.00184979
0.00185538
0.00181003
0.00175422
0.00169892
0.00172225
0.0018207
0.00191579
0.0019828
0.00179788
0.00162411
0.00145001
0.00135952
0.00128632
0.00121243
0.00119095
0.00121951
0.00124587
0.00128504
0.00143811
0.0015861
0.00173419
0.00177697
0.001798
0.00181995
0.00182684
0.00181938
0.00181255
0.0018045
0.00178572
0.00176742
0.00174911
0.0016816
0.00160398
0.00152686
0.00142558
0.00130123
0.00117799
0.00107491
0.00115197
0.00122121
0.00129072
0.00125694
0.00120183
0.00114769
0.00113164
0.00115205
0.00117088
0.00118917
0.00120216
0.00121538
0.00122857
0.00104969
0.000831181
0.000614556
0.000498846
0.000479688
0.00045642
0.000446609
0.000555524
0.000659279
0.000763166
0.000847317
0.000927328
0.00100745
0.00101862
0.00096387
0.000911972
0.00084991
0.00069758
0.000549216
0.000400809
0.000247383
9.30145e-05
-6.11832e-05
-4.70017e-05
0.000128214
0.000296458
0.000445365
0.000419628
0.000401304
0.000382682
0.000509645
0.000666721
0.000822392
0.000879342
0.000841805
0.000808285
0.000777714
0.000774843
0.000770806
0.000766822
0.000658725
0.000529082
0.000400455
0.000425991
0.000599058
0.00076578
0.00092183
0.000981045
0.00104427
0.00110728
0.00117228
0.00123764
0.00130294
0.00119536
0.000922359
0.000656507
0.00040913
0.000328088
0.000240162
0.000152598
4.18104e-05
-7.3733e-05
-0.000188982
-0.000107979
0.000160862
0.000421652
0.000630881
0.000377162
0.00014292
-9.19374e-05
-5.74378e-05
3.3094e-05
0.000121223
1.93179e-05
-0.000264595
-0.00054072
-0.000771434
-0.000594455
-0.000434518
-0.000274008
-0.000454956
-0.000706911
-0.000955719
-0.000976218
-0.000777997
-0.000588977
-0.000460845
-0.000880079
-0.00127638
-0.00167329
-0.00177295
-0.00181058
-0.00185073
-0.00187256
-0.00187695
-0.00188205
-0.00188912
-0.00191422
-0.00193856
-0.00196291
-0.00198425
-0.00200495
-0.00202566
-0.00205628
-0.00209639
-0.00213607
-0.00218394
-0.00230518
-0.00242331
-0.00254147
-0.00257526
-0.00259141
-0.00260827
-0.00260318
-0.00257711
-0.00255191
-0.00253157
-0.00255484
-0.00257633
-0.00259786
-0.00261345
-0.0026278
-0.00264218
-0.00270656
-0.00281886
-0.00292913
-0.00302668
-0.00301041
-0.00299878
-0.00298696
-0.00299877
-0.00301551
-0.00303203
-0.00302802
-0.00300432
-0.00298144
-0.00295161
-0.00285968
-0.00277034
-0.00268097
-0.00272292
-0.00279234
-0.00286059
-0.00287317
-0.00283235
-0.00279372
-0.00275674
-0.00273514
-0.00271294
-0.00269079
-0.00262182
-0.00254309
-0.00246481
-0.00238186
-0.00229442
-0.00220724
-0.00212277
-0.00206208
-0.00200048
-0.00193896
-0.00192996
-0.00193198
-0.00193355
-0.00189507
-0.00181817
-0.00174288
-0.00167546
-0.00167869
-0.0016791
-0.00167963
-0.0016395
-0.00159087
-0.00154261
-0.0015215
-0.00152642
-0.00153031
-0.00153267
-0.00152111
-0.00151011
-0.0014991
-0.00154304
-0.0015985
-0.00165345
-0.00166022
-0.00162076
-0.00158317
-0.00154974
-0.00155406
-0.00155687
-0.00155974
-0.0016039
-0.0016567
-0.00170912
-0.00168856
-0.00159799
-0.00151027
-0.00144293
-0.00155872
-0.00166718
-0.00177585
-0.00177349
-0.00174779
-0.00172304
-0.00176758
-0.00187865
-0.00198702
-0.00208036
-0.00203892
-0.00200281
-0.00196651
-0.00197407
-0.00199085
-0.00200726
-0.00196742
-0.0018736
-0.00178196
-0.00168563
-0.00154744
-0.001411
-0.0012746
-0.00127873
-0.00131245
-0.00134498
-0.00113155
-0.00068201
-0.000242043
0.000137811
-2.13697e-05
-0.000159394
-0.000298137
2.06971e-05
0.000435766
0.000846762
0.00113506
0.00130544
0.00148026
0.00165545
0.0018365
0.00201719
0.00219775
0.00228874
0.00236078
0.0024335
0.00241831
0.00231875
0.00222253
0.00212537
0.00202033
0.00191568
0.0018111
0.00193449
0.00210591
0.00227535
0.00233416
0.00228668
0.00224335
0.00221191
0.00228826
0.0023604
0.00243264
0.00246278
0.00248402
0.00250558
0.0024396
0.00228956
0.00214286
0.00203205
0.00224282
0.00244108
0.00263967
0.00287998
0.00312896
0.00337742
0.00331571
0.00295606
0.0026081
0.00232224
0.00259449
0.00284517
0.00309649
0.00310099
0.00305329
0.00300763
0.002998
0.00302305
0.00304676
0.00308203
0.0032205
0.00335494
0.00348943
0.00349729
0.00347835
0.00346045
0.00349705
0.00358606
0.00367302
0.00375773
0.00382216
0.00388732
0.00395239
0.0039199
0.00386677
0.00381446
0.00371833
0.00358014
0.00344364
0.00332604
0.0033774
0.00342233
0.00346748
0.00335402
0.00320701
0.00306138
0.0030824
0.00326365
0.00343871
0.00353898
0.00296825
0.00242325
0.00187768
0.00211689
0.00252239
0.00292132
0.00304631
0.00290773
0.00277916
0.00266893
0.00272557
0.0027759
0.00282644
0.00283781
0.00284086
0.00284423
0.0027946
0.00269403
0.00259544
0.00250086
0.00244222
0.00238228
0.00232244
0.00229163
0.00226702
0.00224219
0.00230067
0.00243925
0.00257474
0.00266275
0.00232516
0.00200369
0.00168186
0.00184062
0.0021014
0.00235819
0.00246932
0.0024402
0.00241632
0.0023815
0.0022502
0.00212259
0.00199493
0.00206437
0.00217568
0.00228535
0.00218183
0.00187319
0.00157238
0.00133586
0.00167608
0.00199472
0.00231392
0.00236579
0.00236076
0.00235783
0.00226961
0.0020994
0.00193234
0.00174889
0.00141869
0.00109413
0.000769606
0.00104982
0.00145863
0.0018624
0.00196069
0.00176489
0.00158005
0.00140739
0.00134642
0.00128139
0.00121656
0.00136885
0.0015673
0.00176391
0.00165233
0.00124411
0.000847057
0.000506339
0.000671693
0.000818409
0.000965699
0.000938244
0.000873558
0.00081028
0.000636239
0.000355653
7.91599e-05
-0.000148399
6.2195e-05
0.000256662
0.000451576
0.000189743
-0.000169371
-0.000524683
-0.000453296
2.89406e-05
0.000495886
0.000893687
0.000669694
0.000468448
0.000266523
7.09292e-05
-0.000123213
-0.000317268
-0.000474102
-0.000595104
-0.000717316
-0.000836267
-0.000927109
-0.0010189
-0.00111059
-0.00107509
-0.00101245
-0.000950826
-0.000920429
-0.000920132
-0.000918749
-0.000924621
-0.000995132
-0.00106326
-0.00113143
-0.0011349
-0.00112454
-0.00111469
-0.00111132
-0.00111422
-0.00111688
-0.00112513
-0.00118325
-0.00123953
-0.00129584
-0.00137561
-0.00146036
-0.00154486
-0.00162697
-0.00170675
-0.00178656
-0.00185886
-0.00186428
-0.0018721
-0.00187983
-0.00186883
-0.00185383
-0.00183898
-0.00183132
-0.00183419
-0.00183668
-0.00183117
-0.00175393
-0.0016793
-0.00160464
-0.00154944
-0.00149845
-0.00144734
-0.00143406
-0.00147609
-0.00151613
-0.00155686
-0.00160335
-0.0016496
-0.00169583
-0.00167736
-0.00164505
-0.00161324
-0.00161804
-0.00167642
-0.00173286
-0.00178653
-0.00181514
-0.00184461
-0.00187403
-0.00181775
-0.00174312
-0.00166919
-0.00163295
-0.00165187
-0.00166882
-0.00169535
-0.00180724
-0.00191603
-0.00202486
-0.0019359
-0.00180457
-0.00167483
-0.00163917
-0.00174125
-0.00183841
-0.00192639
-0.00193115
-0.00193883
-0.0019464
-0.00197941
-0.00201786
-0.00205609
-0.00192583
-0.00154894
-0.00118097
-0.000867582
-0.00104402
-0.00120316
-0.0013628
-0.00134699
-0.00129353
-0.00124141
-0.00119415
-0.00115405
-0.00111373
-0.00106327
-0.000921724
-0.000783457
-0.000645172
-0.000692667
-0.00078005
-0.000865981
-0.000901
-0.000861441
-0.000824508
-0.000767772
-0.000534189
-0.000306924
-7.95966e-05
-0.000114942
-0.000206736
-0.000296503
-0.000342762
-0.000325248
-0.00030996
-0.000301653
-0.000356513
-0.000409143
-0.000461814
-0.000381039
-0.000271602
-0.000163235
-0.000166869
-0.000334511
-0.000496362
-0.000616898
-0.000366279
-0.000128662
0.00010924
6.56541e-05
-3.84859e-05
-0.000140464
-0.000198135
-0.000190851
-0.000185811
-0.000189159
-0.000268339
-0.000344851
-0.000421403
-0.000557593
-0.000706555
-0.000854974
-0.000932647
-0.000906739
-0.000884408
-0.000849478
-0.000702617
-0.000559699
-0.000416744
-0.000351623
-0.000303304
-0.000254442
-0.0002935
-0.000461277
-0.00062453
-0.000768116
-0.000734938
-0.000707831
-0.000680534
-0.000756887
-0.000855543
-0.000953369
-0.000860302
-0.000487631
-0.000124757
0.000168313
-0.000165234
-0.000477189
-0.000789668
-0.000608492
-0.000320939
-3.72034e-05
0.000112639
6.62599e-05
2.65862e-05
2.16706e-06
0.000116298
0.000225644
0.000335077
0.000372261
0.000393835
0.000415924
0.000609304
0.00105364
0.00148917
0.00186843
0.00174306
0.00163486
0.00152616
0.00157146
0.00164999
0.00172734
0.00183967
0.00200321
0.0021649
0.00229349
0.00212571
0.00196804
0.00181014
0.00183473
0.00189873
0.00196136
0.00198599
0.00195489
0.00192569
0.00190746
0.00198798
0.00206513
0.00214234
0.00199693
0.00180349
0.00161179
0.00151097
0.00154335
0.00157123
0.00158888
0.00151357
0.00144143
0.00136924
0.00132563
0.00128823
0.00125065
0.00124915
0.00130048
0.00135002
0.00139117
0.00135692
0.00132522
0.00129344
0.00131431
0.00134655
0.00137839
0.00137546
0.00132154
0.00126936
9.59895e-05
-0.0111264
-0.0220068
-0.0328912
-0.0437683
0.00241782
0.000942287
0.00102251
0.00100641
0.000993526
0.000985673
0.00102384
0.00106045
0.00109709
0.00103568
0.000953056
0.000871194
0.000846214
0.000951977
0.00105334
0.00115478
0.00099189
0.000808497
0.000625902
0.000608691
0.000696182
0.000780157
0.000817092
0.00074569
0.000677911
0.000610057
0.000539447
0.000468662
0.000397929
0.000388347
0.00041748
0.00044532
0.000443303
0.000372573
0.000304151
0.000235697
0.000392189
0.000566166
0.000739455
0.000815324
0.000829478
0.000845648
0.000792695
0.000580987
0.000374623
0.000168219
0.000212607
0.000276593
0.000339895
0.000378777
0.00040217
0.000426055
0.000398907
0.00025448
0.00011398
-2.65559e-05
0.000106048
0.000259976
0.000413108
0.000338967
0.000120871
-9.23894e-05
-0.000219458
-0.000148162
-8.33732e-05
-1.84149e-05
-4.40062e-05
-7.66867e-05
-0.000109115
4.51476e-06
0.000210655
0.000413655
0.000508135
0.000353018
0.000206107
5.90239e-05
-0.000177047
-0.000419974
-0.00066252
-0.00071338
-0.000642764
-0.000576129
-0.000550589
-0.000619792
-0.000685884
-0.000752034
-0.000389571
6.40388e-06
0.000401039
0.000405391
0.000162382
-7.24827e-05
-0.000160633
8.90221e-05
0.000327619
0.000566419
0.000445156
0.000295599
0.00014705
0.000113334
0.000152433
0.000189163
0.000261664
0.000416288
0.000568171
0.000720044
0.000468586
0.000185456
-9.64749e-05
-0.000242264
-0.000301693
-0.000363854
-0.00043749
-0.000537774
-0.00063714
-0.000736472
-0.000608794
-0.000463258
-0.000318387
-0.000127624
9.21811e-05
0.000310917
0.000451394
0.000411981
0.000378341
0.000344537
0.000292398
0.000238837
0.000185356
0.00022412
0.000321375
0.000416703
0.000346389
-0.000104979
-0.000543924
-0.000982985
-0.00100793
-0.00100007
-0.000993251
-0.000911251
-0.000781606
-0.000653558
-0.000527545
-0.000406222
-0.000284828
-0.000163513
-0.000242197
-0.000336694
-0.00043063
-0.000569475
-0.000736766
-0.00090305
-0.000974145
-0.000826343
-0.000685561
-0.000544647
-0.000706923
-0.000893179
-0.00107856
-0.00111679
-0.00106163
-0.00100945
-0.000927047
-0.000775289
-0.000625814
-0.000476362
-0.000533455
-0.000606935
-0.000679852
-0.000745869
-0.000807482
-0.000869195
-0.000919751
-0.000944702
-0.000970443
-0.000996142
-0.000914564
-0.000824493
-0.000734745
-0.000817442
-0.00100957
-0.00119815
-0.00133379
-0.00134757
-0.00136515
-0.00138261
-0.00128436
-0.00117695
-0.00106989
-0.00103345
-0.00104185
-0.00104884
-0.00109388
-0.00122637
-0.00135603
-0.00148571
-0.0014171
-0.0013327
-0.00124886
-0.00132729
-0.00150874
-0.00168687
-0.00178388
-0.00169414
-0.00161028
-0.00152629
-0.00169304
-0.00187972
-0.00206567
-0.00210562
-0.00205284
-0.00200297
-0.00196529
-0.0019558
-0.00194544
-0.00193511
-0.00201085
-0.00209344
-0.00217576
-0.00220505
-0.00220064
-0.00219727
-0.00221386
-0.00227642
-0.00233752
-0.00239863
-0.00240236
-0.0024015
-0.00240079
-0.00246695
-0.00257558
-0.00268283
-0.00273166
-0.00264604
-0.00256463
-0.00248313
-0.0025248
-0.00256264
-0.00260058
-0.00266779
-0.00275358
-0.00283875
-0.00287801
-0.00281164
-0.00274857
-0.00268543
-0.00274554
-0.00281551
-0.00288513
-0.0029374
-0.00297864
-0.00302018
-0.00304208
-0.00301882
-0.00299695
-0.00297506
-0.00301362
-0.00305702
-0.00310025
-0.00312396
-0.00313527
-0.00314695
-0.00316416
-0.00319416
-0.00322375
-0.00325333
-0.00324791
-0.00323967
-0.00323153
-0.00323061
-0.00323427
-0.0032378
-0.00324478
-0.00325973
-0.00327442
-0.00328911
-0.00331337
-0.00333839
-0.00336337
-0.00336509
-0.00335203
-0.00333942
-0.00332985
-0.00332728
-0.00332451
-0.00332174
-0.0033369
-0.0033515
-0.00336611
-0.00337218
-0.00337281
-0.00337361
-0.00337893
-0.00339468
