0
0.0192893
0.0177643
0.017972
0.0180355
0.0175877
0.0171249
0.0166641
0.0164437
0.0164433
0.0164248
0.0164593
0.0166954
0.0169145
0.0171346
0.0168814
0.016615
0.0163501
0.0161001
0.0158638
0.0156267
0.0155371
0.0160227
0.0164605
0.0169015
0.0161573
0.0153796
0.0146058
0.0142006
0.0141332
0.0140385
0.0140909
0.0147098
0.0152818
0.0158566
0.0156226
0.0153648
0.0151093
0.0147399
0.0142662
0.0138017
0.0134515
0.0135493
0.013611
0.0136755
0.0139523
0.0142352
0.0145171
0.0143069
0.0136451
0.0130205
0.0125436
0.0126539
0.0127172
0.0127842
0.0131987
0.0136236
0.0140469
0.0138276
0.0130181
0.0122567
0.0116537
0.0116827
0.0116615
0.0116444
0.0118448
0.012052
0.0122582
0.0122455
0.0120315
0.0118337
0.0116063
0.0112672
0.0109375
0.0106075
0.0107315
0.0108701
0.0110074
0.0111445
0.0112815
0.0114182
0.0114322
0.010966
0.0105379
0.0101076
0.0108808
0.0116927
0.0125004
0.0126334
0.0121455
0.0117064
0.0113112
0.0111009
0.0108765
0.0106536
0.0108479
0.011056
0.0112628
0.0115907
0.0120301
0.0124602
0.0127465
0.012468
0.0122333
0.0119956
0.0116291
0.0112586
0.010889
0.0110944
0.0118296
0.0125231
0.0128647
0.0118173
0.0108772
0.00993032
0.00997436
0.0100528
0.0101286
0.0104495
0.0109962
0.0115249
0.0117826
0.0109749
0.0102489
0.00951781
0.00932822
0.00915803
0.00898664
0.00920426
0.00978063
0.0103292
0.0106176
0.00988045
0.00922135
0.00855738
0.00872641
0.00892517
0.00912141
0.00920647
0.00918872
0.00917866
0.00915901
0.00910397
0.00905165
0.00899921
0.00841481
0.00781174
0.00721094
0.00718679
0.00769542
0.00816383
0.00847078
0.00813474
0.00784673
0.0075556
0.00772841
0.00791819
0.00810644
0.00816714
0.00810983
0.00806129
0.00785677
0.00704281
0.00627475
0.00550446
0.00542236
0.00536626
0.00530835
0.00528632
0.00529735
0.00530595
0.00536467
0.00561931
0.00585931
0.00610003
0.00565191
0.00517806
0.00470677
0.00452744
0.00461847
0.00468978
0.00472159
0.00459308
0.00447635
0.00435894
0.00461003
0.00487507
0.00513872
0.00509422
0.00476433
0.00445544
0.00423481
0.00436517
0.00447015
0.0045768
0.00438975
0.00419142
0.00399419
0.00381351
0.00364825
0.00348212
0.00327001
0.00287646
0.0024964
0.00211593
0.00220081
0.00230408
0.00240589
0.00274285
0.00329767
0.00383626
0.00413212
0.00347299
0.00288238
0.00228776
0.00194675
0.00161635
0.00128567
0.001026
0.000832159
0.000633956
0.000586895
0.00113107
0.00163293
0.00213706
0.00167122
0.00116646
0.00066513
0.000441567
0.000475988
0.000492319
0.000580621
0.000946489
0.00129248
0.00163937
0.00151287
0.00136701
0.0012227
0.00102664
0.000782643
0.00054231
0.000445475
0.000912101
0.00133903
0.00176812
0.00146072
0.00112298
0.000787809
0.00069131
0.000816697
0.000926608
0.00118362
0.00201451
0.00280476
0.00359672
0.00343719
0.00323772
0.00304127
0.00274301
0.00235033
0.00196466
0.00171344
0.00199061
0.00223129
0.00247413
0.00254517
0.0026088
0.00267286
0.00277502
0.00291263
0.00304765
0.00322963
0.00359592
0.0039492
0.00430289
0.00402327
0.00371668
0.00341232
0.00325609
0.00323782
0.00321025
0.00324824
0.00354118
0.00381652
0.00409269
0.00418136
0.00423579
0.00429246
0.00422976
0.00405611
0.00389014
0.00381959
0.00412534
0.00440547
0.00468695
0.0044791
0.00418211
0.00389147
0.0035573
0.00318302
0.00281191
0.00260838
0.00306274
0.00347273
0.00388512
0.00355849
0.00309691
0.0026449
0.00233955
0.00217147
0.00199453
0.00188374
0.00202988
0.00215884
0.00228877
0.00241225
0.00253444
0.00265655
0.0024142
0.00183208
0.00127308
0.000792982
0.000626896
0.00044041
0.000255507
9.77674e-05
-5.4794e-05
-0.000207495
-0.000288592
-0.000302918
-0.00032159
-0.000167707
0.000663242
0.00144894
0.00223657
0.00207369
0.00173572
0.00140958
0.00100921
0.000540353
7.65476e-05
-0.00031308
-0.000411589
-0.000528837
-0.00064472
-0.000543868
-0.000403033
-0.000264964
0.000319429
0.00132029
0.00229299
0.00296849
0.00247203
0.00205166
0.00162694
0.00159903
0.00164459
0.00168537
0.00147356
0.00102553
0.000593222
0.000237777
0.000186946
0.00011669
4.7766e-05
0.000156756
0.000298696
0.000438352
0.00101184
0.00199054
0.00294218
0.00368018
0.00357477
0.0035231
0.00346809
0.00338737
0.0033019
0.00321683
0.00349479
0.00411213
0.0047072
0.00517417
0.00513394
0.00512581
0.00511566
0.00473686
0.00428965
0.00384731
0.00394144
0.00453757
0.00510138
0.00547699
0.00510632
0.00478297
0.00445706
0.00420547
0.00396797
0.00372989
0.00356705
0.00347456
0.00337779
0.00333858
0.00352437
0.0036959
0.0038681
0.00334369
0.00268933
0.00204387
0.00162857
0.00142925
0.00121677
0.000992437
0.000717458
0.000445961
0.000174584
0.00017426
0.000224802
0.000272136
0.0007897
0.00174738
0.00267671
0.00336386
0.00309457
0.00288455
0.00267113
0.00186645
0.000951284
4.40312e-05
-0.000586181
-0.000956383
-0.00134208
-0.00169582
-0.00192902
-0.00216931
-0.00240888
-0.00265587
-0.00290402
-0.0031518
-0.0026667
-0.00149475
-0.000366112
0.000519438
0.000441905
0.000423083
0.000400713
0.000338233
0.000268183
0.000198677
-0.000107059
-0.000634239
-0.00114736
-0.00163898
-0.00204442
-0.00245458
-0.00286396
-0.00322193
-0.00356983
-0.00391793
-0.00413308
-0.00422356
-0.00432145
-0.00436573
-0.00420117
-0.00404937
-0.00389698
-0.00314108
-0.00227147
-0.00140973
-0.00104997
-0.00116168
-0.00124502
-0.00142764
-0.0019946
-0.00253791
-0.00308199
-0.00345846
-0.00380277
-0.0041486
-0.00440814
-0.00458678
-0.00477003
-0.00490333
-0.00484178
-0.00479188
-0.00474135
-0.00416312
-0.003485
-0.0028136
-0.00229969
-0.00193404
-0.00156006
-0.0012916
-0.00143533
-0.00155455
-0.00167508
-0.00208454
-0.00254874
-0.00300916
-0.00343357
-0.00382392
-0.00421582
-0.00455976
-0.0047166
-0.00488423
-0.00505104
-0.00468032
-0.00420728
-0.00374079
-0.00327535
-0.00281128
-0.00234768
-0.00194212
-0.00176368
-0.00157218
-0.00138166
-0.0017236
-0.0021671
-0.00260418
-0.0029053
-0.00307824
-0.00325843
-0.00343926
-0.00362489
-0.00381002
-0.00399497
-0.00379944
-0.00353117
-0.00326742
-0.00312911
-0.00310901
-0.0030821
-0.00307548
-0.0031471
-0.00321413
-0.00328135
-0.00346202
-0.00366433
-0.00386515
-0.00391501
-0.00382277
-0.00373879
-0.0035965
-0.00322609
-0.0028692
-0.00251194
-0.00261418
-0.00280468
-0.00298991
-0.00325498
-0.00359487
-0.00393011
-0.00423054
-0.00439396
-0.00456501
-0.00473543
-0.00428852
-0.00372307
-0.00316501
-0.0026606
-0.00220712
-0.00175126
-0.0013737
-0.00130254
-0.00121408
-0.00112671
-0.00141761
-0.00178127
-0.00214039
-0.00240253
-0.00257307
-0.0027486
-0.00285977
-0.0027191
-0.00259279
-0.00246581
-0.0019848
-0.00143576
-0.000891163
-0.000455156
-0.0001217
0.000217142
0.000521493
0.000692277
0.000870361
0.00104784
0.00113056
0.00119486
0.00126012
0.00134479
0.00144781
0.00154969
0.00164238
0.0016532
0.00166857
0.00168368
0.00186895
0.00208706
0.0023031
0.00243712
0.00249371
0.00255454
0.0026215
0.00274581
0.00286681
0.00298785
0.00310205
0.00321482
0.00332754
0.0035319
0.00382269
0.00410838
0.00435111
0.00420989
0.00409
0.00396907
0.00400059
0.00406173
0.00412117
0.00432691
0.00467056
0.00500625
0.00527187
0.00491012
0.00458319
0.0042547
0.00448855
0.00483174
0.00516858
0.0052451
0.00507563
0.00491979
0.00479417
0.00494397
0.00507858
0.00521387
0.00536616
0.00552164
0.00567678
0.00564449
0.00543527
0.00523588
0.00505679
0.00506212
0.00505744
0.00505331
0.00502813
0.00499886
0.00496985
0.0048959
0.00477954
0.0046656
0.004549
0.00440886
0.00427013
0.00413147
0.00417201
0.00424758
0.00432118
0.00424642
0.0040314
0.00382416
0.00364505
0.00371944
0.00378014
0.00384151
0.0037091
0.00353882
0.00337075
0.00325098
0.00317697
0.00310058
0.00303729
0.00308923
0.00313496
0.00318098
0.00291016
0.00257737
0.00224824
0.00206372
0.00201609
0.00196123
0.00190697
0.00185409
0.0018012
0.00174837
0.00175346
0.00176993
0.00178578
0.00165106
0.00137395
0.00110466
0.000843356
0.000654914
0.000462823
0.000271127
0.000148694
3.99985e-05
-6.93069e-05
-4.35072e-05
0.000110037
0.000256697
0.000388093
0.00038098
0.000381154
0.000380945
0.000121152
-0.000189616
-0.000497385
-0.000748584
-0.000946108
-0.00114623
-0.00134586
-0.00154392
-0.00174186
-0.00193959
-0.00155607
-0.0010581
-0.00056662
-0.000526847
-0.000914876
-0.00128022
-0.00163397
-0.00187643
-0.00212443
-0.00237189
-0.00241636
-0.00242067
-0.00242705
-0.0024271
-0.00242127
-0.00241574
-0.00236939
-0.00195805
-0.00156602
-0.0011734
-0.00143895
-0.00183459
-0.0022231
-0.00249021
-0.002642
-0.00279958
-0.00296642
-0.00322001
-0.00346887
-0.00371772
-0.00373823
-0.00371345
-0.00369103
-0.00333138
-0.00265244
-0.00199057
-0.00143699
-0.00185427
-0.00222141
-0.00259074
-0.00293602
-0.00327629
-0.00361647
-0.00387817
-0.00406551
-0.00425646
-0.00442956
-0.00444628
-0.00447095
-0.00449519
-0.00415919
-0.00375183
-0.00334852
-0.00311078
-0.00303015
-0.00294164
-0.00286917
-0.00293593
-0.00299556
-0.0030555
-0.00315587
-0.00326421
-0.00337203
-0.00346619
-0.00354737
-0.00362912
-0.00370383
-0.00371654
-0.00373236
-0.00374801
-0.00339605
-0.0029711
-0.00255024
-0.00213387
-0.00172194
-0.00131021
-0.000935163
-0.000885065
-0.000818714
-0.000753244
-0.000949054
-0.00119686
-0.00144181
-0.00169024
-0.0019418
-0.00219296
-0.00241364
-0.00236357
-0.00232707
-0.00228993
-0.0222007
-0.0460817
-0.0560073
0.00101289
-0.00123879
-0.000539382
-4.38004e-05
-4.58182e-05
-2.31147e-05
-1.66119e-06
-6.91962e-05
-0.000154496
-0.000238831
-0.000486522
-0.000889186
-0.00128378
-0.00163991
-0.00165146
-0.00168003
-0.00170773
-0.00163728
-0.00154721
-0.00145821
-0.00122049
-0.000841672
-0.000470176
-0.000137492
-0.000152305
-0.000150011
-0.00014856
-0.000254284
-0.00038143
-0.0005074
-0.000420656
-0.000131884
0.000146701
0.000381263
0.000219707
7.76974e-05
-6.51291e-05
6.36918e-05
0.000246944
0.000427357
0.000513036
0.000508604
0.000508572
0.000517191
0.000605124
0.000689108
0.000773203
0.000976358
0.0012033
0.00142886
0.00160934
0.00174692
0.00188645
0.00199974
0.00188011
0.0017719
0.00166323
0.00170966
0.00178725
0.00186327
0.00191463
0.0019425
0.00197147
0.00202548
0.00230416
0.00257173
0.00283958
0.00288635
0.00288854
0.00289288
0.00296497
0.00310155
0.00323489
0.00336127
0.0034249
0.00349148
0.00355786
0.00361024
0.00365975
0.00370934
0.00374331
0.00376242
0.00378222
0.00379986
0.00379865
0.00379834
0.00379799
0.0039203
0.00406729
0.00421296
0.00427988
0.00427185
0.0042674
0.00425801
0.00420598
0.00415602
0.00410601
0.00421959
0.00436615
0.00451101
0.00458309
0.00458587
0.00459193
0.00459383
0.00456
0.00452789
0.00449573
0.00437535
0.00423719
0.00410001
0.00392888
0.00372552
0.00352386
0.00332525
0.00315311
0.00297989
0.00280688
0.00305612
0.00339075
0.00372104
0.00378145
0.00358481
0.00340042
0.0032442
0.00334382
0.00343134
0.00351935
0.00338243
0.0032
0.00301986
0.00305438
0.00329335
0.00352253
0.00371745
0.00360334
0.00350376
0.00340359
0.00333067
0.00326332
0.00319578
0.00306155
0.00286381
0.00266922
0.00252743
0.00285813
0.00316657
0.00347576
0.00262593
0.00154112
0.000468209
-7.39405e-05
-0.000110098
-0.000169648
-0.00018786
0.000153663
0.000478239
0.000803298
0.000691335
0.000490527
0.000294005
0.000286346
0.00045878
0.000622755
0.000762646
0.0006847
0.000616852
0.000548601
1.15547e-06
-0.000643529
-0.00128315
-0.00166343
-0.00179639
-0.00194058
-0.00202788
-0.00161188
-0.0012193
-0.000826021
-0.000801481
-0.000852142
-0.000899317
-0.00106887
-0.00135489
-0.00163533
-0.00186867
-0.00168022
-0.00151117
-0.0013414
-0.00135404
-0.00140391
-0.00145203
-0.00168143
-0.00208352
-0.0024774
-0.00284156
-0.00293933
-0.00304911
-0.00315823
-0.00311887
-0.00304918
-0.00298093
-0.00292637
-0.0028849
-0.00284289
-0.00282136
-0.00298271
-0.00313565
-0.00328884
-0.00343749
-0.00358512
-0.00373267
-0.00384199
-0.00391486
-0.0039893
-0.00406836
-0.0041898
-0.00430922
-0.00442863
-0.00454467
-0.00465993
-0.00477513
-0.0048145
-0.00478154
-0.00475186
-0.00472862
-0.0047642
-0.00479712
-0.00483012
-0.00484248
-0.00485061
-0.00485891
-0.00485061
-0.00482649
-0.00480309
-0.00478664
-0.00483255
-0.00487563
-0.0049188
-0.00493709
-0.00495027
-0.00496367
-0.00500755
-0.00508053
-0.00515215
-0.00522171
-0.00527282
-0.0053247
-0.0053765
-0.00541644
-0.00545391
-0.00549145
-0.00551272
-0.00551845
-0.00552486
-0.00552765
-0.00549829
-0.00547038
-0.00544242
-0.00544447
-0.00545267
-0.0054606
-0.00548977
-0.00553921
-0.00558772
-0.00563758
-0.00569959
-0.00576102
-0.00582241
-0.0058358
-0.00583931
-0.00584324
-0.00587417
-0.00593089
-0.00598643
-0.00603764
-0.00605002
-0.00606408
-0.00607806
-0.00608035
-0.00608024
-0.00608024
-0.00608726
-0.006101
-0.00611443
-0.00612884
-0.00615198
-0.00617472
-0.00619746
-0.00623813
-0.00628248
-0.00632663
-0.00633675
-0.00631436
-0.00629341
-0.0062763
-0.00629406
-0.0063103
-0.00632658
-0.00632076
-0.00631039
-0.00630022
-0.00628635
-0.00626894
-0.0062517
-0.00623875
-0.00626414
-0.00628785
-0.00631161
-0.00632487
-0.00633596
-0.00634713
-0.00638028
-0.00643445
-0.00648765
-0.00653124
-0.00648871
-0.00644991
-0.00641099
-0.00636481
-0.00631716
-0.00626962
-0.00629607
-0.00639326
-0.00648733
-0.00656499
-0.00649517
-0.00643173
-0.00636808
-0.00644568
-0.00655246
-0.0066579
-0.0067044
-0.00669452
-0.00668705
-0.00667468
-0.00661931
-0.00656582
-0.0065123
-0.00643091
-0.0063438
-0.00625702
-0.00611208
-0.00591155
-0.00571357
-0.00548989
-0.00503582
-0.00459193
-0.00414798
-0.00417897
-0.00430836
-0.00443346
-0.00435525
-0.00408243
-0.00381808
-0.0035384
-0.0031228
-0.00271331
-0.00230391
-0.00198711
-0.00168971
-0.00139175
-0.00100049
-0.000519971
-4.36256e-05
0.000339165
-0.000114031
-0.000531617
-0.00095035
-0.000495956
0.000139399
0.000766605
0.001256
0.00161321
0.00197568
0.00228213
0.00209147
0.00192184
0.00175146
0.00201936
0.00237813
0.0027328
0.00300369
0.00319423
0.00338797
0.00357024
0.00365235
0.00373856
0.00382454
0.00408151
0.00437388
0.00466454
0.00478128
0.00473151
0.00468872
0.00464403
0.00458466
0.00452596
0.00446727
0.00429473
0.0040986
0.00390361
0.00388392
0.00403208
0.00417315
0.00427965
0.00407496
0.00388333
0.00369132
0.00371732
0.00378871
0.00385816
0.00392533
0.00399023
0.00405518
0.00408335
0.00378273
0.00349592
0.00320878
0.00303386
0.00288243
0.00273016
0.00264517
0.00262458
0.00260135
0.00261719
0.00298179
0.00333176
0.00368204
0.00359396
0.00341448
0.0032389
0.00318359
0.00324365
0.00329892
0.00332212
0.00305674
0.00280338
0.00254975
0.00235284
0.0021679
0.00198263
0.00184179
0.0017435
0.00164356
0.00154173
0.00142167
0.00130245
0.00118329
0.00171398
0.00238016
0.00304028
0.00293196
0.00208715
0.00127296
0.000575678
0.000931167
0.00124362
0.00155757
0.0015978
0.00158078
0.00156609
0.00171956
0.00203429
0.00234223
0.00259034
0.00230221
0.002036
0.00176912
0.00156713
0.00137883
0.00119014
0.00105493
0.000970979
0.000885026
0.000770128
0.000394744
3.01524e-05
-0.00033458
-3.85656e-05
0.000395677
0.000824013
0.0008674
0.000541531
0.000230753
-1.55917e-06
0.000472281
0.000917415
0.00136334
0.00126185
0.00104566
0.000834245
0.000620147
0.00040367
0.000187462
-2.81743e-05
-0.000239974
-0.000451758
-0.000663374
-0.00030288
0.000177427
0.00065257
0.000670537
0.000249888
-0.000152951
-0.000489385
-0.000227293
1.07729e-05
0.000249605
-2.16927e-05
-0.000399927
-0.000773611
-0.000975599
-0.00101273
-0.00105637
-0.00109397
-0.00108003
-0.00106814
-0.00105619
-0.0010884
-0.00112988
-0.00117097
-0.00112239
-0.000987802
-0.000856716
-0.000766849
-0.00104656
-0.00131145
-0.00157672
-0.00170502
-0.00180444
-0.00190492
-0.00186236
-0.00168259
-0.00150837
-0.00134389
-0.00126758
-0.00118786
-0.00110833
-0.00145847
-0.0018988
-0.00233526
-0.00234525
-0.00194585
-0.00156283
-0.00120285
-0.00105262
-0.00089429
-0.000736403
-0.000998951
-0.00134989
-0.00169709
-0.00196412
-0.00215405
-0.00234685
-0.00253052
-0.00263473
-0.00274196
-0.00284898
-0.00287749
-0.00288943
-0.002902
-0.00285592
-0.00275357
-0.00265348
-0.00256828
-0.00261654
-0.00265958
-0.00270279
-0.00272995
-0.00275372
-0.00277759
-0.00280335
-0.00283092
-0.00285839
-0.00289427
-0.00300561
-0.00311393
-0.00322229
-0.00325928
-0.0032812
-0.00330368
-0.0033377
-0.00338281
-0.00342746
-0.00345445
-0.00332348
-0.0031987
-0.00307377
-0.00313205
-0.00322899
-0.00332436
-0.00338598
-0.00341512
-0.0034455
-0.00347741
-0.00352376
-0.00356952
-0.00361527
-0.0035763
-0.00351944
-0.00346332
-0.00346556
-0.00352389
-0.00358003
-0.00363709
-0.00370196
-0.00376648
-0.00383097
-0.0038676
-0.00389831
-0.00392923
-0.00394446
-0.00394461
-0.00394535
-0.00394387
-0.00392277
-0.00390244
-0.0038821
-0.0039061
-0.00393947
-0.00397246
-0.00395343
-0.00388441
-0.00381734
-0.00375729
-0.00376045
-0.0037612
-0.00376205
-0.00381625
-0.00388172
-0.00394671
-0.00400063
-0.00404388
-0.0040875
-0.00411974
-0.00405044
-0.00398503
-0.00391952
-0.00397505
-0.0040562
-0.00413631
-0.00412242
-0.00401813
-0.00391733
-0.00383342
-0.00390142
-0.00396363
-0.00402602
-0.0039523
-0.00384976
-0.00374839
-0.00381787
-0.00405164
-0.00427905
-0.00447605
-0.00439981
-0.00433388
-0.00426762
-0.00397309
-0.00363029
-0.00328955
-0.00292606
-0.00254077
-0.00215658
-0.00179946
-0.00168287
-0.00155736
-0.00143228
-0.00146588
-0.00153315
-0.00159911
-0.00129944
-0.000648126
-1.04217e-05
0.000606826
0.00104005
0.00147981
0.001919
0.00220169
0.00245095
0.00270128
0.00287096
0.00296311
0.00305808
0.00320306
0.0037976
0.00437499
0.0049526
0.00503592
0.0050141
0.0049962
0.00503891
0.00514008
0.005239
0.005335
0.00540461
0.00547515
0.0055456
0.00552997
0.00549603
0.00546279
0.0053969
0.00529963
0.00520358
0.00508625
0.00477808
0.00447716
0.0041762
0.00411922
0.00411423
0.00410732
0.00405079
0.00394646
0.00384395
0.00376141
0.00385769
0.00394733
0.00403715
0.00405394
0.00405517
0.00405698
0.00397515
0.00381287
0.00365366
0.00347599
0.00313293
0.00279618
0.00245944
0.00250853
0.00263983
0.00276804
0.00280782
0.00276239
0.0027201
0.00268434
0.00270788
0.00272923
0.00275065
0.00244352
0.00206647
0.00169225
0.00156684
0.00168103
0.00178643
0.00187522
0.00181295
0.00175622
0.00169932
0.00181318
0.00196343
0.00211224
0.0022406
0.0023492
0.00245843
0.00249537
0.00188531
0.00129911
0.000712475
0.000669868
0.000743473
0.000812825
0.000851466
0.000860385
0.00087037
0.000886466
0.000957715
0.00102692
0.00109616
0.000897144
0.000640913
0.000386926
0.000507996
0.000990301
0.00145926
0.00185008
0.00153909
0.00125354
0.000967287
0.000745675
0.000537999
0.000329973
0.000130547
-6.06069e-05
-0.000251921
-0.000416548
-0.000343211
-0.000278446
-0.000213421
-1.53385e-05
0.000211109
0.000436381
0.000560825
0.000537774
0.000520007
0.000497412
0.000433152
0.000370425
0.000307687
0.000129083
-7.42331e-05
-0.000276524
-0.000226994
0.000190971
0.000595526
0.000898074
0.000284599
-0.000295876
-0.000877111
-0.000664728
-0.000282453
9.35193e-05
0.000185546
-0.000138121
-0.000446818
-0.000724138
-0.000717276
-0.000720485
-0.000723336
-0.000426277
-6.50879e-05
0.000293577
0.000317973
-0.000146813
-0.000593984
-0.000976168
-0.000772934
-0.000590508
-0.000407476
-0.000494635
-0.00063969
-0.000782603
-0.000749184
-0.000457634
-0.000175379
3.51142e-05
-0.000398808
-0.000809757
-0.00122123
-0.00138004
-0.00148455
-0.0015909
-0.00158651
-0.00142018
-0.00125965
-0.0011121
-0.00108182
-0.00104745
-0.00101325
-0.000951872
-0.000884689
-0.000817757
-0.000662236
-0.000377026
-9.65511e-05
0.00011081
-0.000336937
-0.00076149
-0.00118656
-0.00107452
-0.000847152
-0.000623966
-0.000526897
-0.000614594
-0.000695793
-0.000750035
-0.000561129
-0.000380818
-0.000200333
-0.000126671
-7.60101e-05
-2.45846e-05
-0.000155785
-0.000554302
-0.000943261
-0.00126486
-0.000981985
-0.000720274
-0.000458011
-0.000560363
-0.000741083
-0.000918963
-0.00103148
-0.00104821
-0.00106824
-0.00104401
-0.000624308
-0.000218568
0.000187374
2.96625e-05
-0.00024927
-0.000523825
-0.000748249
-0.000899134
-0.00105245
-0.0011335
-0.000568533
-2.62062e-05
0.000516527
0.000226795
-0.000242038
-0.000704388
-0.0010178
-0.00111293
-0.0012155
-0.00124674
-0.000641675
-5.88704e-05
0.000524298
0.000744972
0.000887435
0.00103248
0.000913724
0.000408795
-8.25624e-05
-0.000528298
-0.000563679
-0.000613074
-0.000661957
-0.000543918
-0.000389951
-0.000237318
-0.000153622
-0.000170911
-0.000184742
-0.000196613
-0.00018994
-0.000183904
-0.00017785
-0.000146293
-0.000109251
-7.24208e-05
-4.21612e-05
-2.1524e-05
-5.73642e-07
3.65995e-06
-0.000141717
-0.000281912
-0.000422188
-0.000417535
-0.00038161
-0.000346771
-0.000298737
-0.000231417
-0.000164797
-0.000121611
-0.000288303
-0.000447776
-0.000607384
-0.000602948
-0.000563094
-0.000524466
-0.000489028
-0.000458313
-0.00042746
-0.000377494
-0.000156026
5.95036e-05
0.000275088
0.000107543
-0.000142685
-0.000389957
-0.000610857
-0.000793052
-0.000976427
-0.00107794
-0.000447097
0.000158688
0.000764908
0.00104435
0.00125302
0.00146393
0.00166343
0.0018464
0.0020298
0.00213458
0.00153587
0.000961153
0.000386013
0.000227257
0.000158623
8.70186e-05
0.00019762
0.00057505
0.000943302
0.00124161
0.00091219
0.000603966
0.000295239
0.000222066
0.000199891
0.00017603
0.000351269
0.000818193
0.00127508
0.000562873
-0.0106286
-0.0214636
-0.0323034
-0.0431357
0.00188705
0.000614577
0.000864414
0.0010371
0.00121223
0.00137056
0.00137994
0.00139426
0.0014084
0.0013938
0.00137298
0.00135238
0.00124857
0.000953487
0.000664929
0.000376346
0.000244985
0.000125952
6.59044e-06
-5.67837e-05
-8.47133e-05
-0.000113795
-0.000130025
-0.000116823
-0.000104602
-9.23555e-05
0.000255738
0.000629833
0.00100283
0.000924507
0.000560471
0.000206082
-7.80693e-05
-0.000200316
-0.000327807
-0.000455043
-0.000382275
-0.00029392
-0.000206136
-9.98799e-05
1.80358e-05
0.000135491
0.000176838
4.32688e-05
-8.4478e-05
-0.000212332
-0.000271317
-0.00032488
-0.000378585
-0.000357857
-0.000289998
-0.000223726
-0.000169301
-0.000142181
-0.000114185
-8.62369e-05
-0.000197357
-0.000319309
-0.000440828
-0.00028466
4.73689e-05
0.000373448
0.000512472
0.000221229
-5.58098e-05
-0.000333131
-7.4745e-05
0.000225522
0.000524232
0.000673204
0.00072725
0.000784347
0.00076396
0.000565685
0.000373314
0.000180876
-0.00014162
-0.000474148
-0.000806135
-0.000623412
-0.000114588
0.000383342
0.000598173
0.000161607
-0.000253595
-0.00066922
-0.000713457
-0.000728451
-0.000744381
-0.000717386
-0.000663215
-0.000609956
-0.000517596
-0.00033534
-0.000156101
2.31187e-05
-0.000150567
-0.000351955
-0.00055232
-0.00051602
-0.000329702
-0.000148332
-9.71773e-05
-0.000345703
-0.000584432
-0.000823323
-0.000691066
-0.000529609
-0.000369193
-0.000236863
-0.000122389
-7.41583e-06
4.13346e-05
-6.20843e-05
-0.00016056
-0.00025913
-0.000717698
-0.00120444
-0.00168997
-0.00149333
-0.000864196
-0.000249293
-9.93424e-07
-0.000596412
-0.00116449
-0.00173309
-0.00162243
-0.00145811
-0.00129561
-0.00119696
-0.00113884
-0.00107948
-0.00107021
-0.00117604
-0.00127814
-0.0013803
-0.000975751
-0.000531308
-8.84163e-05
-0.000297296
-0.000919548
-0.00152827
-0.00186717
-0.00158496
-0.00132264
-0.00105985
-0.000981091
-0.000916963
-0.000852412
-0.000859374
-0.000911691
-0.000962537
-0.00110821
-0.00147194
-0.00182854
-0.00218514
-0.00181929
-0.00139629
-0.000975357
-0.00101248
-0.00134024
-0.00165862
-0.00191013
-0.0020074
-0.00210946
-0.00221132
-0.00217069
-0.00211876
-0.00206722
-0.00156559
-0.000778473
-8.36716e-07
0.000417758
1.03286e-05
-0.000370869
-0.000752652
-0.00120063
-0.00165362
-0.00210617
-0.00236208
-0.00249312
-0.002628
-0.00261752
-0.00227301
-0.00193919
-0.00160525
-0.00170558
-0.00184047
-0.00197419
-0.00184665
-0.00155329
-0.0012653
-0.00121998
-0.00173313
-0.0022285
-0.00272412
-0.00279387
-0.00282961
-0.00286639
-0.00272952
-0.00248246
-0.00223899
-0.00209101
-0.00216279
-0.00222769
-0.00229275
-0.00260161
-0.00292978
-0.00325714
-0.00326536
-0.00307092
-0.00288291
-0.00273737
-0.00268988
-0.00263936
-0.00258898
-0.0026388
-0.00269661
-0.00275413
-0.00282855
-0.00291366
-0.00299839
-0.00304759
-0.00301506
-0.00298509
-0.00295505
-0.00305163
-0.0031583
-0.0032646
-0.00323089
-0.00310826
-0.00298845
-0.00292815
-0.00300489
-0.00307735
-0.0031499
-0.00325193
-0.00335298
-0.00345401
-0.00342913
-0.00332428
-0.00322196
-0.00318195
-0.0032854
-0.00338437
-0.00348342
-0.0035978
-0.00371335
-0.00382879
-0.00380172
-0.00368412
-0.00356937
-0.00352849
-0.00365771
-0.00378164
-0.00390566
-0.00394867
-0.00398514
-0.0040218
-0.00406455
-0.00411117
-0.00415764
-0.00418557
-0.00417084
-0.00415742
-0.00414397
-0.00395099
-0.00374366
-0.00353689
-0.00348124
-0.00352165
-0.00355911
-0.00362158
-0.00374146
-0.00385951
-0.00397754
-0.00401493
-0.0040458
-0.00407684
-0.00411174
-0.00414908
-0.00418632
-0.00422023
-0.00424648
-0.00427294
-0.00429938
-0.00429817
-0.00429779
-0.00429739
-0.00431191
-0.0043359
-0.00435959
-0.00438172
-0.00440022
