0
0.0180237
0.0166252
0.0168435
0.0169272
0.0163181
0.0156892
0.0150631
0.0149758
0.0153817
0.0157462
0.0160659
0.0161988
0.0163469
0.0164934
0.0161691
0.0158318
0.015496
0.0149863
0.0143172
0.0136624
0.0131241
0.0130433
0.0129253
0.0128105
0.0129039
0.0130033
0.0131021
0.0133283
0.0136714
0.0140044
0.0142126
0.0139309
0.0136893
0.0134448
0.0129869
0.0125233
0.0120608
0.0116553
0.0113019
0.010945
0.010688
0.0108196
0.0109198
0.0110223
0.0109725
0.0109181
0.0108642
0.0105182
0.00990427
0.00931274
0.00878237
0.0084958
0.00819024
0.00788668
0.00764468
0.00740495
0.00716543
0.00686584
0.00651111
0.00616132
0.00589004
0.00592607
0.00593772
0.00595128
0.00602066
0.00609174
0.00616257
0.00606486
0.00581227
0.00557227
0.0053598
0.00525794
0.00514755
0.005038
0.00465545
0.00426458
0.00387497
0.00366095
0.00360848
0.00354348
0.00351314
0.00361441
0.00370526
0.00379678
0.00366912
0.0035344
0.00340043
0.00325506
0.00309925
0.00294449
0.00279646
0.00267441
0.00255054
0.002427
0.00267093
0.00292692
0.00318158
0.00325221
0.00315329
0.00306757
0.0029544
0.00273739
0.00252869
0.00231966
0.00212703
0.00193521
0.00174363
0.00161988
0.00155865
0.00149273
0.00140417
0.00122507
0.00105314
0.000880934
0.000842717
0.000809221
0.000775418
0.000614695
0.000336939
6.84693e-05
-0.000206261
-0.000503941
-0.000799436
-0.00109465
-0.00103341
-0.000959617
-0.00088688
-0.000892864
-0.000971547
-0.00104465
-0.00112853
-0.00125333
-0.00137488
-0.00149649
-0.00173141
-0.00197011
-0.00220816
-0.00227541
-0.00218496
-0.0021064
-0.00204968
-0.00208173
-0.00210713
-0.00213298
-0.00236857
-0.00261152
-0.00285357
-0.00293069
-0.00285541
-0.00279153
-0.00274933
-0.00279525
-0.00283458
-0.00287434
-0.00305544
-0.00324155
-0.00342702
-0.00356845
-0.00366914
-0.00377267
-0.00387896
-0.00399735
-0.00411468
-0.00423192
-0.00439018
-0.00454979
-0.00470906
-0.00480099
-0.00483061
-0.00486473
-0.00488522
-0.00485366
-0.00482594
-0.00479798
-0.00489014
-0.00498676
-0.00508292
-0.0051454
-0.00517669
-0.0052102
-0.00525403
-0.00533915
-0.00542116
-0.00550328
-0.00546816
-0.00542855
-0.00538933
-0.00541832
-0.00551051
-0.00559801
-0.00567571
-0.00571394
-0.00575496
-0.00579571
-0.00597747
-0.00616454
-0.00635095
-0.00644053
-0.00644035
-0.00644659
-0.00647658
-0.00660167
-0.0067198
-0.00683826
-0.0068871
-0.00693312
-0.00697927
-0.0069842
-0.00695094
-0.00692043
-0.00686528
-0.0067141
-0.00656993
-0.00642546
-0.00637498
-0.00632835
-0.00628151
-0.00634519
-0.00651134
-0.00667004
-0.00681924
-0.00692968
-0.00704269
-0.00715536
-0.00725343
-0.00735078
-0.00744805
-0.00750758
-0.00753209
-0.00755901
-0.00759843
-0.00768772
-0.0077734
-0.00785921
-0.00785562
-0.00784835
-0.00784135
-0.00779743
-0.00771925
-0.00764356
-0.00760986
-0.00774142
-0.00786133
-0.00798189
-0.00791733
-0.00784513
-0.00777356
-0.0077334
-0.00772247
-0.00770954
-0.0076763
-0.00756269
-0.00745477
-0.00734661
-0.00730157
-0.00725924
-0.00721679
-0.00729019
-0.00747124
-0.00764468
-0.00771095
-0.007355
-0.0070284
-0.00670024
-0.00666545
-0.00664322
-0.00662015
-0.00654424
-0.00641912
-0.00629752
-0.00614123
-0.00584917
-0.00556673
-0.00528402
-0.00505626
-0.00483114
-0.00460614
-0.00464849
-0.00493957
-0.00521345
-0.00531202
-0.00471831
-0.00417208
-0.00362339
-0.00367857
-0.00384368
-0.00400117
-0.0040215
-0.00391364
-0.00381453
-0.00371716
-0.00362854
-0.00353946
-0.00345052
-0.00329297
-0.00312305
-0.00295418
-0.00276018
-0.00254285
-0.00232736
-0.00209456
-0.0017934
-0.00149719
-0.00120104
-0.00100075
-0.000818204
-0.000634725
-0.000538964
-0.000524871
-0.000505388
-0.000441637
-0.000202408
2.49063e-05
0.000252707
0.00080449
0.0014152
0.00202122
0.00239818
0.0025613
0.00273828
0.00291493
0.00309466
0.00327394
0.00345302
0.00370332
0.00396647
0.00422844
0.00445543
0.00464973
0.00484592
0.00509119
0.0055307
0.00595696
0.00638353
0.00654583
0.00665923
0.00677567
0.00685335
0.00689504
0.00693902
0.00701379
0.00721039
0.00739884
0.00758757
0.0075284
0.00742347
0.00732164
0.00742822
0.00772955
0.00801793
0.00824121
0.00820635
0.00818816
0.00816892
0.00851733
0.0089335
0.00934477
0.00955648
0.00958147
0.00961841
0.00962864
0.00953709
0.00945216
0.00936693
0.0093944
0.00944276
0.00948973
0.00969327
0.010043
0.010383
0.0106431
0.010588
0.010553
0.0105167
0.0103044
0.0100594
0.00981684
0.00984328
0.0101213
0.0103831
0.0105598
0.0103988
0.0102593
0.0101187
0.0100544
0.0100043
0.00995341
0.00995226
0.00999756
0.0100399
0.0100632
0.0100111
0.00996373
0.00991616
0.00953778
0.00909793
0.00866248
0.00856958
0.00879745
0.00900498
0.00911298
0.00882516
0.00856239
0.00829839
0.0078076
0.00727479
0.00674525
0.00642159
0.00629081
0.00614822
0.00602237
0.00595893
0.0058917
0.00582479
0.0058809
0.00596005
0.00603767
0.00588587
0.00551914
0.00516613
0.00488566
0.00489269
0.00488199
0.0048724
0.00453288
0.00413165
0.0037347
0.00327098
0.00274495
0.00222339
0.00184141
0.00200786
0.00214053
0.0022751
0.0019473
0.00153272
0.00112394
0.000849436
0.000701116
0.000545283
0.000390348
0.000236545
8.28611e-05
-7.06435e-05
-0.00017339
-0.000266457
-0.000359998
-0.00055545
-0.000846474
-0.00113135
-0.00138633
-0.00152317
-0.00166699
-0.00181021
-0.00201413
-0.00222934
-0.0024436
-0.00252608
-0.00248488
-0.00245118
-0.00245021
-0.00257975
-0.00270128
-0.00282315
-0.00280534
-0.00276107
-0.00271844
-0.00270029
-0.00270521
-0.00270874
-0.00276969
-0.0030564
-0.00332926
-0.00360263
-0.00359904
-0.00354286
-0.00348989
-0.00361467
-0.00390649
-0.00418803
-0.00441627
-0.0044333
-0.00446286
-0.00449164
-0.00441477
-0.00431786
-0.00422225
-0.00417963
-0.00418686
-0.00419112
-0.00418021
-0.00410886
-0.00404115
-0.00397331
-0.0042171
-0.00452007
-0.00481919
-0.00501289
-0.00510734
-0.00520751
-0.00530417
-0.00538869
-0.00547382
-0.00555882
-0.0053801
-0.00515118
-0.00492547
-0.00486572
-0.00496212
-0.00504927
-0.00510571
-0.0050393
-0.00498014
-0.00492063
-0.00498273
-0.00506803
-0.00515189
-0.00516253
-0.00510426
-0.00505006
-0.00502438
-0.00511177
-0.0051925
-0.00527352
-0.00526944
-0.00524907
-0.00522966
-0.00524793
-0.00530167
-0.0053533
-0.00537271
-0.00526491
-0.00516456
-0.0050639
-0.0050489
-0.00505035
-0.00505084
-0.00511504
-0.0052391
-0.00535957
-0.00545502
-0.00545147
-0.00545361
-0.00545542
-0.00546432
-0.00547456
-0.00548472
-0.00556335
-0.0057064
-0.00584562
-0.00597695
-0.00607684
-0.00617841
-0.00627977
-0.00613921
-0.00595217
-0.00576798
-0.00565797
-0.00561794
-0.00557397
-0.00550849
-0.00535718
-0.00521091
-0.00506452
-0.00509319
-0.0051556
-0.00521603
-0.00524394
-0.00524111
-0.00524003
-0.00525012
-0.00530468
-0.00535667
-0.00540875
-0.00529828
-0.00515648
-0.00501661
-0.00497308
-0.00502043
-0.00506262
-0.00509585
-0.00509278
-0.00509174
-0.00509059
-0.00501751
-0.00493057
-0.00484449
-0.00485188
-0.0049474
-0.00503789
-0.00511735
-0.00509653
-0.00508133
-0.00506583
-0.00495312
-0.00482166
-0.00469139
-0.00465887
-0.00471858
-0.0047731
-0.00482231
-0.00482195
-0.00482434
-0.00482657
-0.0046663
-0.00447459
-0.00428484
-0.00415422
-0.00407948
-0.00400173
-0.0039404
-0.00402355
-0.00409865
-0.0041741
-0.00425346
-0.00433352
-0.00441345
-0.00436584
-0.0041979
-0.00403675
-0.00390319
-0.00401815
-0.00411935
-0.00422119
-0.00412097
-0.00398149
-0.0038443
-0.0038653
-0.00403571
-0.00419777
-0.00434392
-0.00434515
-0.00435429
-0.00436298
-0.00372567
-0.00296281
-0.00220762
-0.00214301
-0.00273072
-0.00328233
-0.00379296
-0.0039244
-0.00407628
-0.00422688
-0.00368361
-0.00300518
-0.0023348
-0.0020284
-0.00206615
-0.00208525
-0.00210475
-0.00211892
-0.00213337
-0.00214778
-0.0021844
-0.00222533
-0.00226599
-0.00222128
-0.00209592
-0.00197503
-0.00184469
-0.00163099
-0.001422
-0.00121298
-0.00103798
-0.000869795
-0.000701421
-0.000612201
-0.000597763
-0.000579342
-0.000558019
-0.000508678
-0.000460887
-0.000413063
-0.00034202
-0.000266475
-0.00019125
-0.000130563
-8.36341e-05
-3.60232e-05
-1.23568e-06
-8.03707e-05
-0.000153372
-0.000226621
0.000107906
0.000522323
0.000932067
0.00111251
0.0010759
0.00105081
0.00104108
0.00117398
0.00129921
0.00142471
0.00167031
0.00193937
0.00220691
0.00243444
0.00262407
0.0028155
0.00302302
0.00337696
0.00372284
0.00406877
0.00401475
0.00388193
0.00375338
0.00370532
0.00373363
0.00375791
0.00379784
0.00397603
0.0041468
0.00431779
0.00438224
0.00442562
0.00447005
0.00445232
0.00437583
0.00430247
0.00425088
0.00439483
0.00452846
0.00466249
0.00472961
0.00478345
0.00483793
0.00492043
0.00502948
0.00513704
0.00521432
0.00502097
0.00484183
0.00466213
0.00467809
0.00473276
0.00478538
0.00471731
0.00453485
0.00435847
0.00421122
0.00432587
0.00442691
0.00452855
0.00465872
0.00479446
0.00492977
0.00493827
0.00482665
0.0047213
0.00461883
0.00454409
0.00446801
0.00439208
0.00432861
0.00426768
0.00420667
0.0041857
0.00420265
0.00421765
0.00422444
0.00415707
0.00409355
0.0040299
0.00416494
0.00433938
0.00451163
0.00447414
0.00423776
0.00401171
0.00382771
0.00402257
0.00419804
0.0043743
0.00456754
0.00476401
0.00496012
0.00503329
0.00498989
0.00495243
0.00491551
0.00488584
0.00485584
0.00482588
0.0048729
0.00493521
0.00499669
0.00491514
0.00469792
0.00448773
0.00433001
0.00464305
0.00493215
0.00522216
0.00504399
0.00477256
0.00450608
0.00443064
0.00453666
0.00463351
0.00469816
0.0044716
0.00425979
0.00404747
-0.0161909
-0.0404149
-0.0507191
0.00567799
0.00289869
0.00306625
0.00307605
0.00299421
0.002917
0.00283964
0.00267935
0.00250259
0.00232683
0.00237541
0.00263696
0.0028877
0.00307311
0.00267127
0.00229885
0.00192535
0.002006
0.00217752
0.00234439
0.00231294
0.00209302
0.0018826
0.00166871
0.00142639
0.0011857
0.000945169
0.000999112
0.00111206
0.00122201
0.00115133
0.000909017
0.000675352
0.000450993
0.000311877
0.000168724
2.59093e-05
2.94763e-06
4.06845e-06
4.01171e-06
-4.76878e-05
-0.000148492
-0.000246802
-0.000343678
-0.000427394
-0.000511671
-0.000595838
-0.000694084
-0.000795088
-0.000895859
-0.000935675
-0.000917574
-0.000902302
-0.00088833
-0.000887107
-0.000885267
-0.00088346
-0.000981439
-0.00109943
-0.00121634
-0.00126239
-0.00124108
-0.00122304
-0.00121943
-0.00134625
-0.00146666
-0.00158727
-0.00166685
-0.00173812
-0.00180972
-0.00180935
-0.00174059
-0.00167518
-0.00161807
-0.00163604
-0.0016504
-0.00166491
-0.00176661
-0.00188582
-0.00200407
-0.00205211
-0.00203334
-0.00201778
-0.00201451
-0.00212234
-0.00222476
-0.00232734
-0.00222616
-0.0020839
-0.00194374
-0.00194595
-0.00208364
-0.00221474
-0.00233131
-0.00231601
-0.00230699
-0.00229768
-0.00226766
-0.00223348
-0.00219952
-0.00221633
-0.00228142
-0.00234416
-0.0023984
-0.00237605
-0.00235734
-0.00233847
-0.00233568
-0.00233614
-0.00233644
-0.00237492
-0.00244972
-0.00252272
-0.00259913
-0.00270569
-0.00281073
-0.00291574
-0.00296932
-0.00301244
-0.00305601
-0.00310298
-0.00315319
-0.00320321
-0.00324552
-0.00321928
-0.00319627
-0.00317313
-0.00323518
-0.00331446
-0.00339286
-0.0033854
-0.00329616
-0.00321083
-0.00313334
-0.00312701
-0.00311736
-0.00310787
-0.00311082
-0.0031163
-0.00312165
-0.00309609
-0.00304109
-0.00298751
-0.00293361
-0.00287702
-0.00282061
-0.00276424
-0.00285416
-0.00297376
-0.00309187
-0.00313246
-0.00309916
-0.00306931
-0.00301525
-0.00274585
-0.00248665
-0.00222721
-0.00212479
-0.00205439
-0.00198258
-0.00188282
-0.00175637
-0.00163127
-0.00149941
-0.00130668
-0.00111692
-0.000927208
-0.000941634
-0.000997635
-0.00105167
-0.00100904
-0.000874203
-0.000743722
-0.000595797
-0.000292607
3.19304e-06
0.00029906
0.000178594
-2.66841e-05
-0.000227897
-7.04661e-05
0.000428918
0.000912231
0.00133361
0.00119765
0.00108724
0.000975754
0.00136142
0.00184829
0.00233011
0.00285648
0.0034251
0.00399128
0.00445752
0.00403249
0.00364829
0.00326259
0.00311369
0.00301326
0.00291072
0.00285388
0.00284052
0.0028252
0.00280048
0.00269073
0.00258493
0.00247905
0.00243127
0.00239541
0.00235904
0.00220989
0.00195318
0.00170154
0.00147994
0.00152743
0.00156278
0.00159864
0.00142961
0.00121875
0.00100995
0.000887623
0.00084785
0.00080441
0.000763211
0.000740277
0.000716545
0.000692871
0.000789614
0.000910971
0.00103112
0.00100217
0.000830934
0.000666201
0.000524738
0.000592988
0.000651827
0.000711033
0.000651387
0.000567404
0.000484579
0.000464537
0.000504454
0.000541672
0.000576133
0.000585112
0.000595214
0.000605257
0.000953935
0.00137192
0.00178646
0.00187658
0.00165694
0.00145119
0.00126567
0.00126527
0.0012567
0.00124849
0.00083463
0.000337668
-0.00015519
-0.000334829
-0.000215287
-0.000109031
-1.39543e-05
-2.34679e-05
-2.83717e-05
-3.3474e-05
-0.000290045
-0.000598184
-0.000903788
-0.0011529
-0.00134795
-0.0015452
-0.00172687
-0.00177127
-0.00182164
-0.00187171
-0.00193341
-0.00199747
-0.00206137
-0.00209981
-0.00211392
-0.00212907
-0.00215983
-0.00233074
-0.0024954
-0.00266018
-0.00279312
-0.00291942
-0.00304589
-0.00307302
-0.00300525
-0.00294168
-0.0028999
-0.00305447
-0.00320038
-0.00334654
-0.00332429
-0.00326731
-0.00321188
-0.00320569
-0.0032466
-0.00328544
-0.00332669
-0.003389
-0.00345035
-0.00351169
-0.00353003
-0.00353949
-0.00354933
-0.00358054
-0.00363218
-0.0036829
-0.00372765
-0.0037189
-0.00371246
-0.00370592
-0.00366707
-0.00362157
-0.00357639
-0.00362034
-0.0037495
-0.00387489
-0.00397486
-0.00384672
-0.00372847
-0.0036099
-0.00355477
-0.0035128
-0.0034703
-0.00349768
-0.00359184
-0.00368307
-0.00377618
-0.00388575
-0.00399452
-0.00410324
-0.0041457
-0.00417441
-0.00420369
-0.00418985
-0.00413482
-0.00408158
-0.0040239
-0.00392673
-0.00383131
-0.0037359
-0.00382278
-0.00394737
-0.00407026
-0.00407334
-0.00396177
-0.00385515
-0.00376758
-0.0038518
-0.00392868
-0.00400581
-0.0039332
-0.00382958
-0.00372736
-0.00367018
-0.00365615
-0.00364031
-0.00362668
-0.00363212
-0.00363674
-0.0036414
-0.00363176
-0.00361916
-0.00360669
-0.00353874
-0.00341771
-0.00329902
-0.00320528
-0.00333509
-0.00345541
-0.00357602
-0.00347798
-0.00333458
-0.0031932
-0.00310696
-0.00307356
-0.00303799
-0.00301079
-0.00305754
-0.00310116
-0.00314488
-0.00310859
-0.00305569
-0.00300352
-0.00295277
-0.00290339
-0.00285399
-0.00282316
-0.00295826
-0.00308634
-0.0032146
-0.00311998
-0.00297904
-0.00284013
-0.00278704
-0.00281617
-0.00284186
-0.00288146
-0.00304446
-0.00320221
-0.00336005
-0.00329591
-0.00318557
-0.00307723
-0.00302406
-0.0030238
-0.00302134
-0.00302386
-0.00307005
-0.0031144
-0.00315879
-0.00331711
-0.00349908
-0.00367992
-0.00376823
-0.00376789
-0.0037712
-0.00376688
-0.00369573
-0.00362739
-0.00355899
-0.00358622
-0.00363339
-0.0036797
-0.0037108
-0.0037273
-0.00374438
-0.00376298
-0.00379542
-0.00382727
-0.00385912
-0.00386417
-0.00386362
-0.0038633
-0.00391102
-0.00400475
-0.00409653
-0.00418403
-0.00423313
-0.00428376
-0.00433429
-0.00421888
-0.00406886
-0.00392038
-0.00389565
-0.00398957
-0.00407858
-0.00415052
-0.00406837
-0.00399254
-0.00391652
-0.00397137
-0.00405355
-0.00413456
-0.00414398
-0.00408474
-0.00402833
-0.00394285
-0.0035978
-0.00326352
-0.00292908
-0.00280355
-0.00272181
-0.00263838
-0.00261806
-0.00265816
-0.00269579
-0.00266046
-0.00197099
-0.00130843
-0.000645315
-0.000956357
-0.00147126
-0.00197756
-0.00177385
-0.000889158
-3.2528e-05
0.000711674
0.000444403
0.000217918
-1.00205e-05
0.000337493
0.000805418
0.00126815
0.00190672
0.00271368
0.00351325
0.00426036
0.00454007
0.00483822
0.0051354
0.00553206
0.00594934
0.00636547
0.00652337
0.00643359
0.00635375
0.00628057
0.00627013
0.0062572
0.00624437
0.00609564
0.00591847
0.00574257
0.00573761
0.00589666
0.00604907
0.00618925
0.00621849
0.0062521
0.00628551
0.00629298
0.00629499
0.00629721
0.00631507
0.00634791
0.00638015
0.00640422
0.00635526
0.00630923
0.00626311
0.0060755
0.00585825
0.00564234
0.00554801
0.00557039
0.00558816
0.0055909
0.00545746
0.00532948
0.00520139
0.00520676
0.00524021
0.00527253
0.00526683
0.00522461
0.00518385
0.00513403
0.00500335
0.00487594
0.00474851
0.00482233
0.00493848
0.00505288
0.00524368
0.00550772
0.00576869
0.00598663
0.00581966
0.00566783
0.00551554
0.00533786
0.00515493
0.00497235
0.00492323
0.00500222
0.00507617
0.00514024
0.00511454
0.00509235
0.00507004
0.00494891
0.004807
0.004666
0.0045369
0.00441926
0.00430127
0.00421026
0.00436003
0.00450036
0.00464095
0.00443818
0.00416307
0.00389097
0.00392938
0.00426605
0.00459094
0.00483988
0.00440636
0.0039995
0.00359193
0.00361255
0.0037236
0.00383107
0.00396354
0.00411988
0.00427517
0.00440351
0.0042909
0.00418764
0.0040841
0.00396669
0.00384642
0.00372635
0.00360873
0.00349349
0.00337824
0.00327282
0.00325472
0.0032333
0.00321201
0.00333258
0.00348308
0.00363231
0.00351799
0.00315042
0.00279279
0.0024648
0.00240356
0.0023322
0.00226127
0.00242958
0.00264842
0.00286517
0.00308467
0.00330673
0.00352852
0.00367967
0.00319934
0.00274335
0.00228678
0.00223723
0.00227389
0.00230727
0.00237868
0.00248652
0.0025929
0.00266804
0.00246347
0.00226963
0.00207554
0.0019815
0.00190872
0.00183519
0.0019489
0.00224254
0.00252917
0.00275823
0.00247089
0.00220323
0.00193503
0.00191085
0.00193842
0.00196402
0.00194281
0.00187651
0.00181195
0.00175276
0.0017418
0.00172904
0.00171636
0.0016864
0.00165279
0.00161935
0.00177162
0.00210246
0.00242636
0.00269457
0.00246351
0.0022513
0.00203854
0.00195466
0.00189818
0.00184071
0.00189402
0.00205381
0.0022095
0.0023672
0.00254234
0.00271671
0.00289097
0.00283939
0.00273985
0.00264216
0.00247319
0.00223573
0.002001
0.00180232
0.0019261
0.00203781
0.00214989
0.00230415
0.0024673
0.00263
0.00274595
0.00281691
0.00288949
0.00294211
0.00281683
0.00269822
0.00257946
0.00239357
0.00219351
0.00199411
0.00203355
0.00230277
0.00256331
0.00275718
0.00235235
0.00196988
0.00158688
0.00158991
0.00167512
0.00175725
0.00168505
0.00146425
0.00124908
0.00108096
0.00133499
0.00157334
0.00181209
0.00190475
0.00196624
0.00202882
0.00197662
0.00181399
0.00165552
0.0014953
0.00131982
0.00114503
0.000970338
0.00119553
0.00150584
0.00181281
0.00185719
0.00164872
0.00144963
0.00129869
0.00158111
0.00184753
0.00211434
0.00194289
0.00167806
0.00141683
0.00146198
0.00180218
0.0021314
0.00239154
0.00203106
0.00169338
0.00135512
0.00125208
0.00119928
0.00114471
0.00114278
0.00119148
0.0012383
0.00127038
0.00117001
0.00107452
0.000978912
0.0012069
0.00150389
0.00179816
0.00195819
0.00198888
0.00202422
0.00205149
0.00200823
0.00196754
0.00192678
0.00188781
0.00184923
0.00181067
0.00164249
0.0013495
0.0010612
0.000835349
0.00116885
0.00148202
0.00179569
0.00152504
0.00112959
0.000738894
0.000546785
0.000546095
0.000538544
0.000540669
0.000627227
0.000710701
0.000794225
0.00063909
0.000432973
0.000228826
0.00014436
0.000235019
0.00031936
0.000403
0.000478819
0.000554863
0.000630845
0.000482627
0.000286488
9.21958e-05
1.89952e-05
0.000123
0.000220625
0.000313556
0.000362943
0.000413844
0.000464654
0.00045986
0.000443156
0.000426886
0.00044138
0.000500907
0.000558795
0.000597471
0.00046381
0.000336348
0.000208757
6.93729e-05
-7.2466e-05
-0.000214118
-0.000162863
0.000170655
0.000493964
0.000748791
0.000388562
5.02965e-05
-0.000288505
-0.000292624
-0.000224965
-0.000159884
-0.000103337
-5.93953e-05
-1.50403e-05
2.10559e-05
-1.64743e-05
-5.13885e-05
-8.637e-05
-0.000122127
-0.000158031
-0.000193905
-0.000179559
-9.17178e-05
-6.51685e-06
7.78666e-05
0.000154569
0.000231488
0.000308345
2.88933e-05
-0.00032692
-0.000679811
-0.000843588
-0.000730513
-0.000627197
-0.000527108
-0.000458422
-0.000388687
-0.000319038
-9.26212e-05
0.000167357
0.000425984
0.000382155
-0.000104425
-0.00057524
-0.000998673
-0.000995188
-0.00100657
-0.00101742
-0.000993634
-0.000962413
-0.000931472
-0.000985656
-0.00116447
-0.00133883
-0.00149514
-0.0014892
-0.00148889
-0.00148838
-0.00151561
-0.00154879
-0.00158175
-0.00160713
-0.00162143
-0.0016361
-0.00164677
-0.00162173
-0.00159794
-0.00157413
-0.00158422
-0.00160161
-0.00161873
-0.00167999
-0.00180586
-0.00192943
-0.00202593
-0.00187989
-0.00174231
-0.00160454
-0.00168484
-0.00181206
-0.00193757
-0.00205339
-0.00215496
-0.00225694
-0.00233761
-0.00222789
-0.00212479
-0.00202152
-0.00194828
-0.00188153
-0.00181461
-0.0018221
-0.00193853
-0.00205115
-0.00216693
-0.00231053
-0.00245307
-0.00259556
-0.00246498
-0.0022756
-0.00208837
-0.00200192
-0.00206316
-0.00211932
-0.00214005
-0.00184199
-0.001555
-0.00126783
-0.00143037
-0.00168981
-0.00194578
-0.00206711
-0.00199113
-0.00192192
-0.00184367
-0.00168605
-0.00153123
-0.00137643
-0.00153068
-0.00175155
-0.00197002
-0.00214428
-0.00225376
-0.00236536
-0.0024647
-0.00245537
-0.00244972
-0.00244395
-0.00244309
-0.00244329
-0.00244345
-0.00246862
-0.00253043
-0.00259096
-0.00264505
-0.0026413
-0.00263952
-0.00263766
-0.00270726
-0.00279226
-0.00287668
-0.00289515
-0.002817
-0.00274216
-0.00268215
-0.00275566
-0.00282463
-0.00289371
-0.00288669
-0.00286322
-0.00284032
-0.00281959
-0.00280205
-0.00278441
-0.00277858
-0.00287845
-0.0029747
-0.00307102
-0.00301198
-0.00291937
-0.00282795
-0.00276422
-0.0027411
-0.00271663
-0.00268108
-0.00254566
-0.00241366
-0.00228164
-0.00201934
-0.00172898
-0.00143976
-0.00125462
-0.00122198
-0.00118427
-0.00211687
-0.0117445
-0.0210763
-0.0304116
-0.0397407
0.00177918
0.000454863
0.000709052
0.00114046
0.0015657
0.001966
0.00214321
0.00232771
0.00251184
0.00257418
0.0026101
0.00264687
0.00268861
0.00274187
0.00279471
0.00284753
0.00278992
0.00272374
0.00265789
0.0026684
0.00272726
0.00278448
0.00278903
0.00267241
0.00255986
0.00244726
0.0024737
0.00251098
0.00254787
0.0024961
0.00238818
0.00228219
0.00222944
0.00229916
0.0023648
0.00243053
0.00241203
0.00238695
0.0023621
0.00234562
0.00233445
0.00232311
0.00227309
0.00213411
0.00199814
0.00186216
0.00170638
0.00154913
0.00139204
0.00150405
0.00178646
0.00206311
0.00218173
0.00193676
0.00170385
0.00147068
0.00137364
0.00128732
0.00120071
0.0013289
0.00159312
0.00185273
0.00200211
0.00189788
0.00180198
0.00170587
0.00174829
0.00180157
0.00185445
0.00186001
0.00183558
0.00181214
0.00170089
0.00138777
0.0010814
0.000775018
0.00061596
0.000468569
0.000320895
0.000467418
0.00080031
0.00112695
0.00134774
0.00132492
0.00131
0.00129483
0.00112227
0.000937414
0.00075308
0.000824392
0.00105771
0.00128564
0.00137709
0.00115446
0.000942105
0.000729555
0.000831203
0.000957543
0.00108301
0.00101167
0.000815586
0.000623645
0.000521734
0.000627014
0.000725565
0.000824268
0.00093708
0.00105094
0.00116469
0.00107409
0.00085395
0.000638108
0.000569968
0.000841664
0.00110229
0.00136311
0.00115938
0.00091907
0.000680087
0.000813577
0.00118323
0.00154509
0.00174486
0.00157155
0.00141026
0.00124869
0.000966889
0.000675736
0.000385068
0.000327134
0.00041681
0.000501724
0.00055278
0.000525679
0.000501084
0.000476425
0.000787881
0.00112578
0.00146262
0.00134719
0.00094491
0.000552004
0.000383495
0.000731504
0.00106289
0.0013946
0.00118859
0.000940058
0.000693033
0.000630528
0.000685118
0.000735965
0.000734463
0.000612311
0.000494054
0.000375749
0.000688905
0.00103614
0.00138207
0.00128147
0.000897563
0.000522839
0.000273743
0.000314001
0.000345105
0.000376479
0.000314991
0.000246158
0.000177599
0.000214444
0.00031817
0.000419726
0.000491208
0.000493431
0.00049783
0.000502158
0.000566609
0.000635808
0.000704814
0.000628215
0.000459218
0.000293227
0.000213725
0.000333281
0.000446523
0.000559891
0.000304709
2.0299e-05
-0.000263017
-0.000323684
-0.000242988
-0.000166764
-0.000174741
-0.000376706
-0.000572483
-0.000768331
-0.000831583
-0.000884222
-0.000937159
-0.00076824
-0.000458519
-0.000153381
2.35123e-05
-9.47418e-05
-0.000203728
-0.000312934
-0.000409854
-0.00050574
-0.000601598
-0.000708707
-0.000822939
-0.000936878
-0.00102614
-0.00105868
-0.00109296
-0.00112717
-0.000985421
-0.000829678
-0.000674465
-0.000699176
-0.000838155
-0.000973506
-0.00108961
-0.00116128
-0.00123428
-0.00130719
-0.00135006
-0.00139049
-0.00143098
-0.00146807
-0.00150299
-0.00153795
-0.00151927
-0.00137717
-0.00123897
-0.00110074
-0.00126887
-0.00142744
-0.00158622
-0.00174003
-0.00189066
-0.00204129
-0.00214292
-0.00213189
-0.00212433
-0.00211667
-0.00215747
-0.00220213
-0.00224664
-0.00229895
-0.0023562
-0.00241326
-0.00239069
-0.00218489
-0.00198483
-0.00178472
-0.00204063
-0.00233306
-0.00262419
-0.00278543
-0.00286407
-0.00294519
-0.00296416
-0.00284031
-0.0027209
-0.00260143
-0.00267875
-0.00277186
-0.00286443
-0.00291199
-0.00293092
-0.00295072
-0.00295764
-0.002935
-0.00291327
-0.00289153
-0.00292572
-0.00296441
-0.00300293
-0.00306633
-0.00314555
-0.00322423
-0.00329735
-0.0033577
-0.0034184
-0.00347905
-0.0035235
-0.00356842
-0.00361329
-0.00362755
-0.00362234
-0.00361772
-0.00363185
-0.00368916
