0
0.0307134
0.0276915
0.0274789
0.0270332
0.0258769
0.0247002
0.0235272
0.0236776
0.0250392
0.0262984
0.0272102
0.026735
0.0263749
0.0260059
0.0260818
0.0261702
0.0262574
0.025758
0.0247213
0.0237304
0.0229304
0.0228878
0.0227834
0.0226842
0.0224855
0.0222843
0.0220836
0.021853
0.021595
0.0213398
0.0211595
0.0212726
0.0213617
0.0214526
0.0207278
0.0199796
0.0192346
0.0188261
0.0187265
0.0186021
0.0185434
0.0187333
0.0189028
0.0190738
0.0199194
0.0207844
0.0216466
0.0221735
0.0223925
0.0226359
0.0224956
0.0208624
0.0193509
0.0178321
0.0177682
0.0177498
0.0177278
0.0176638
0.0175609
0.0174614
0.0171123
0.0157865
0.0145402
0.0132895
0.0144537
0.0156931
0.0169247
0.0171237
0.0163734
0.015699
0.0152538
0.015727
0.0161274
0.0165329
0.0151316
0.0136737
0.0122225
0.0115972
0.0117318
0.0118068
0.0119819
0.012531
0.01305
0.0135705
0.0127855
0.0119584
0.0111358
0.0107643
0.0108083
0.01082
0.0107004
0.0100564
0.00945392
0.00884917
0.00910881
0.0093972
0.00968292
0.0104028
0.0115221
0.0126089
0.0132657
0.0122322
0.01133
0.0104191
0.0101141
0.0098302
0.0095451
0.00942397
0.00945381
0.00947207
0.00971864
0.0108565
0.0119248
0.0129967
0.0127678
0.0124939
0.0122238
0.0117162
0.01099
0.0102814
0.00942345
0.00798212
0.00658705
0.0051906
0.00526038
0.00538201
0.00549956
0.00527238
0.00472687
0.00420612
0.00415238
0.00593462
0.00757646
0.00922636
0.00754061
0.00573705
0.00394501
0.00284927
0.00239714
0.00189766
0.00156651
0.00187905
0.0021432
0.00241055
0.00193357
0.00143003
0.00092921
0.000584902
0.000385358
0.000175387
-2.67729e-05
-0.000202315
-0.000379565
-0.000556427
-0.00032364
-7.59496e-05
0.000170278
1.07833e-05
-0.00052379
-0.00103
-0.00147832
-0.00169351
-0.00192548
-0.00215589
-0.00246869
-0.00278418
-0.00309901
-0.00318709
-0.00306544
-0.00295928
-0.00290872
-0.00308035
-0.00323555
-0.00339172
-0.00351038
-0.00362745
-0.00374447
-0.00393034
-0.0041799
-0.00442449
-0.0046467
-0.00478075
-0.00492097
-0.00506055
-0.0053278
-0.00559964
-0.00587076
-0.00606959
-0.00620144
-0.00633791
-0.00650872
-0.00681614
-0.00711331
-0.00741078
-0.00756262
-0.00770856
-0.00785471
-0.0081223
-0.00850242
-0.00887396
-0.00921313
-0.00942445
-0.00964457
-0.00986376
-0.0100367
-0.0102077
-0.0103785
-0.0104745
-0.0105011
-0.0105326
-0.0105731
-0.0106508
-0.0107257
-0.0108007
-0.0108414
-0.0108807
-0.0109201
-0.0110766
-0.0113418
-0.011599
-0.0118056
-0.0118126
-0.0118336
-0.0118536
-0.0119081
-0.011964
-0.0120198
-0.0120648
-0.0120998
-0.0121355
-0.012172
-0.0122117
-0.0122512
-0.0122906
-0.0124043
-0.0125208
-0.0126371
-0.0127088
-0.0127392
-0.0127724
-0.0128012
-0.0128135
-0.0128268
-0.0128401
-0.0128839
-0.0129289
-0.0129738
-0.0130383
-0.013121
-0.0132024
-0.0132512
-0.0131719
-0.0131016
-0.0130307
-0.0130109
-0.0129932
-0.0129754
-0.0129679
-0.0129699
-0.0129712
-0.0129896
-0.0130748
-0.0131554
-0.0132361
-0.0132329
-0.0132261
-0.0132195
-0.0131965
-0.0131581
-0.0131209
-0.0130782
-0.0130146
-0.0129525
-0.0128903
-0.0128513
-0.0128134
-0.0127754
-0.012858
-0.0130527
-0.0132396
-0.0133683
-0.0132672
-0.0131818
-0.0130954
-0.0131362
-0.0132001
-0.0132623
-0.0132848
-0.0132703
-0.0132583
-0.0132557
-0.0132903
-0.0133225
-0.0133547
-0.0133506
-0.01334
-0.0133297
-0.0132882
-0.0132174
-0.0131486
-0.0130951
-0.0131017
-0.0131043
-0.0131072
-0.0131844
-0.0132751
-0.0133648
-0.0133309
-0.0131818
-0.0130404
-0.01274
-0.0118158
-0.010934
-0.0100506
-0.0094419
-0.00888416
-0.00832379
-0.00850594
-0.00938008
-0.0102075
-0.0104791
-0.00855672
-0.00678091
-0.00499782
-0.00471519
-0.00470878
-0.00468429
-0.00456383
-0.0043527
-0.00414777
-0.00381219
-0.00296384
-0.00215005
-0.00133507
-0.00068185
-5.90817e-05
0.000564857
0.00126968
0.00205004
0.00282448
0.00354573
0.00405933
0.00458573
0.00511061
0.00557949
0.00603753
0.00649569
0.00700512
0.00756242
0.00811592
0.00884484
0.0102647
0.0116382
0.0130129
0.0129091
0.0125316
0.0121722
0.0123713
0.0130931
0.0137805
0.0143717
0.0145789
0.0148103
0.0150399
0.015449
0.015891
0.0163303
0.0166262
0.0167879
0.016958
0.0171487
0.0174231
0.0176919
0.0179607
0.0180686
0.0181464
0.0182261
0.0180981
0.0177761
0.0174669
0.0173221
0.017826
0.0182882
0.0187526
0.0188934
0.0189739
0.0190581
0.0191524
0.0192565
0.0193598
0.0193943
0.0191582
0.0189395
0.0187199
0.0183509
0.0179543
0.0175599
0.0175205
0.0178134
0.0180851
0.0181928
0.0176515
0.0171514
0.0166492
0.0167757
0.0170196
0.017256
0.0171599
0.0167521
0.0163643
0.0159802
0.0156146
0.0152483
0.0148825
0.0150694
0.0153598
0.0156434
0.0157145
0.0155863
0.0154705
0.0154371
0.0157306
0.0160037
0.0162776
0.0158663
0.0153264
0.0147952
0.0142706
0.0137527
0.013235
0.012917
0.0133827
0.0137999
0.0142195
0.0141972
0.0140917
0.0139915
0.0137698
0.0134347
0.013107
0.0127522
0.0122913
0.0118375
0.0113838
0.0112788
0.0112396
0.0111966
0.0110067
0.0106789
0.0103599
0.0100982
0.0100635
0.010015
0.00996741
0.00924788
0.0084019
0.00756458
0.00774577
0.00888275
0.00996079
0.0107188
0.0102066
0.00977142
0.00933214
0.00914021
0.00899528
0.0088477
0.00867502
0.00847863
0.0082839
0.00796235
0.00714126
0.006351
0.00555985
0.00538485
0.00532699
0.00526221
0.00490717
0.00427927
0.00366835
0.00326391
0.00367421
0.00403561
0.00439949
0.00494482
0.00552423
0.00610094
0.0055973
0.00407905
0.00262263
0.00158592
0.0022112
0.00273757
0.00326916
0.0025277
0.00154434
0.000576397
-5.49122e-05
-0.000369088
-0.000701548
-0.00100869
-0.00122161
-0.00143982
-0.00165746
-0.00173261
-0.00178048
-0.00182989
-0.00199269
-0.00226216
-0.00252507
-0.0027651
-0.00291439
-0.0030688
-0.00322273
-0.00342433
-0.00363485
-0.00384462
-0.00406212
-0.00428685
-0.00451089
-0.00472887
-0.00492355
-0.00511935
-0.00531487
-0.00570919
-0.00614127
-0.00657066
-0.00686994
-0.00704671
-0.00723035
-0.00739761
-0.00750255
-0.00761097
-0.00771906
-0.00787882
-0.00804836
-0.00821715
-0.00838317
-0.00854654
-0.00870988
-0.00886185
-0.0089696
-0.00907977
-0.00918967
-0.00929685
-0.0094034
-0.00950987
-0.00961449
-0.00971736
-0.00982022
-0.00991288
-0.00996572
-0.0100208
-0.0100756
-0.0100768
-0.0100675
-0.0100588
-0.0100838
-0.0101404
-0.0101951
-0.0102445
-0.0102726
-0.0103019
-0.0103311
-0.0103213
-0.010304
-0.0102871
-0.0103722
-0.0105534
-0.010729
-0.010862
-0.0108268
-0.0108011
-0.0107749
-0.0107086
-0.0106347
-0.0105612
-0.0105594
-0.0106251
-0.010687
-0.0107409
-0.0107632
-0.0107873
-0.0108112
-0.010878
-0.010953
-0.0110275
-0.0110595
-0.0110515
-0.0110458
-0.0110403
-0.0110378
-0.0110352
-0.0110325
-0.0110232
-0.0110125
-0.0110019
-0.0110004
-0.0110074
-0.011014
-0.0110176
-0.0109945
-0.0109728
-0.0109512
-0.0109711
-0.0109992
-0.0110268
-0.0110392
-0.0110373
-0.0110362
-0.0110459
-0.011153
-0.0112546
-0.0113564
-0.011275
-0.0111582
-0.0110434
-0.0110015
-0.0110285
-0.0110516
-0.0110801
-0.0111539
-0.0112252
-0.0112965
-0.0112562
-0.0111942
-0.0111334
-0.0110936
-0.0110736
-0.0110526
-0.0110331
-0.0110265
-0.0110192
-0.0110119
-0.010961
-0.0109017
-0.0108429
-0.0108154
-0.0108174
-0.0108178
-0.0108198
-0.0108352
-0.0108499
-0.0108646
-0.0109239
-0.0109919
-0.0110594
-0.0110589
-0.010994
-0.0109328
-0.0108796
-0.0108995
-0.0109154
-0.0109315
-0.0109829
-0.0110412
-0.011099
-0.0110949
-0.0110322
-0.0109727
-0.0109145
-0.0108695
-0.0108238
-0.0107782
-0.0107677
-0.0107641
-0.0107601
-0.0107649
-0.0107777
-0.0107901
-0.0108083
-0.0108776
-0.0109442
-0.0110108
-0.0110101
-0.0109962
-0.010983
-0.0109253
-0.0108255
-0.010728
-0.0106415
-0.0106534
-0.01066
-0.0106668
-0.0106839
-0.0107031
-0.0107221
-0.0107469
-0.0107773
-0.0108073
-0.0108242
-0.0107231
-0.0106283
-0.0105333
-0.0101672
-0.009748
-0.00933206
-0.0092505
-0.00948534
-0.00970328
-0.00982312
-0.00905966
-0.00834341
-0.00762544
-0.00791364
-0.00839995
-0.00887536
-0.0087191
-0.0079647
-0.00724241
-0.00657525
-0.00641018
-0.00621903
-0.00602945
-0.00580833
-0.00558119
-0.00535459
-0.00528578
-0.00536631
-0.00543898
-0.00549992
-0.00545289
-0.00541153
-0.00536992
-0.00508153
-0.00474458
-0.00441049
-0.00364468
-0.00247034
-0.00131839
-0.000346251
-0.000983001
-0.00153586
-0.00209248
-0.00165358
-0.001018
-0.000393227
-1.72249e-05
0.000122662
0.000274575
0.000480369
0.00117483
0.00184342
0.00251266
0.0033619
0.00424618
0.00512775
0.00573369
0.00607843
0.00643622
0.00674643
0.00664015
0.0065553
0.00646944
0.00715378
0.00799045
0.00881849
0.00911953
0.00892084
0.00874786
0.0086126
0.00882516
0.00901978
0.00921511
0.00928684
0.00933396
0.00938228
0.0095455
0.00981766
0.010084
0.0103334
0.0104308
0.0105358
0.0106402
0.0105924
0.0105144
0.0104379
0.0104465
0.0105359
0.0106212
0.0106978
0.0106962
0.0106985
0.0107006
0.010743
0.0107935
0.0108435
0.0108852
0.010919
0.0109532
0.0109379
0.0104798
0.0100444
0.00960835
0.00981313
0.0101456
0.0104714
0.0106102
0.0105715
0.0105417
0.0105109
0.0104754
0.0104402
0.010405
-0.0129125
-0.0408637
-0.0525963
0.0130255
0.00934708
0.00912011
0.00879329
0.00911542
0.00940499
0.0096959
0.00972658
0.0097052
0.00968642
0.00955991
0.00933127
0.00910792
0.00889267
0.00875055
0.00860496
0.00845968
0.00854677
0.00868035
0.0088115
0.00875274
0.00851359
0.00828357
0.00805021
0.0077893
0.00753
0.00727088
0.00709182
0.00692895
0.00676544
0.00656852
0.00633983
0.00611293
0.00590029
0.00581433
0.00572224
0.00563055
0.00561124
0.00560648
0.00560101
0.00559132
0.00557758
0.00556405
0.00556393
0.0056838
0.0057977
0.00591179
0.00586295
0.00578141
0.00570154
0.00556498
0.00537464
0.0051871
0.00502724
0.00511485
0.00519038
0.00526643
0.00525432
0.0052245
0.00519556
0.00511795
0.00499413
0.00487266
0.00477423
0.00488198
0.00497968
0.00507776
0.00522247
0.00537647
0.00552987
0.00550241
0.00530303
0.0051121
0.00495763
0.0051315
0.00528945
0.005448
0.00536918
0.00524255
0.00511833
0.00504318
0.0050148
0.00498421
0.00495931
0.0049842
0.00500669
0.00502928
0.00480189
0.00452419
0.00424915
0.00397355
0.00369753
0.0034218
0.00317905
0.00322945
0.00326587
0.00330291
0.00343893
0.00359488
0.00374972
0.00360069
0.00316258
0.00273857
0.0023655
0.00245092
0.00251455
0.00257916
0.00239722
0.00216553
0.0019364
0.00176851
0.00165901
0.00154686
0.001389
0.000820287
0.00027146
-0.000277787
-0.000608601
-0.000894929
-0.00118308
-0.00144985
-0.00169636
-0.00194358
-0.00219147
-0.00244745
-0.00270281
-0.00295796
-0.00320266
-0.00344507
-0.00368736
-0.0039071
-0.00410538
-0.00430448
-0.0044996
-0.00466098
-0.00482379
-0.00498638
-0.00505502
-0.00510454
-0.0051549
-0.0052564
-0.00540662
-0.00555444
-0.0056958
-0.00577952
-0.00586584
-0.00595196
-0.00610888
-0.00628009
-0.00645047
-0.006569
-0.00663811
-0.00670945
-0.00677245
-0.0067622
-0.00675534
-0.00674834
-0.00678277
-0.00682562
-0.00686804
-0.00691381
-0.00696275
-0.0070115
-0.00705982
-0.00710457
-0.00714945
-0.00719427
-0.00725244
-0.00731328
-0.00737394
-0.00740048
-0.00739452
-0.00739005
-0.00739496
-0.0074844
-0.00756988
-0.00765546
-0.00766773
-0.00766505
-0.00766305
-0.00764017
-0.00759742
-0.00755561
-0.00752847
-0.00763273
-0.00773089
-0.00782924
-0.00788663
-0.00793563
-0.00798496
-0.00801468
-0.00802573
-0.00803763
-0.00805833
-0.00815832
-0.00825462
-0.008351
-0.00835053
-0.00833028
-0.00831095
-0.00832514
-0.00837132
-0.00841602
-0.00845486
-0.00844106
-0.00842966
-0.00841815
-0.00848437
-0.00856644
-0.00864772
-0.00871572
-0.00877102
-0.00882685
-0.00887856
-0.00889406
-0.00891117
-0.00892819
-0.00896046
-0.00899583
-0.00903102
-0.00906955
-0.00911125
-0.00915278
-0.00918912
-0.0091793
-0.00917156
-0.00916373
-0.00922859
-0.0093083
-0.00938727
-0.00942222
-0.00941513
-0.00940993
-0.00940195
-0.00936972
-0.00933861
-0.00930748
-0.00937248
-0.00945716
-0.00954089
-0.00955258
-0.0094955
-0.00944153
-0.00939539
-0.00942018
-0.0094418
-0.00946354
-0.00947558
-0.00948562
-0.00949574
-0.00949651
-0.00948837
-0.00948063
-0.00947461
-0.00948408
-0.00949286
-0.00950167
-0.00956291
-0.00963488
-0.00970632
-0.00973442
-0.00972111
-0.00970964
-0.009685
-0.00954311
-0.00940651
-0.00926979
-0.00901491
-0.0087359
-0.00845818
-0.00819713
-0.00795204
-0.00770646
-0.0074225
-0.00679296
-0.00617911
-0.00556511
-0.00461534
-0.00359705
-0.00258264
-0.00143666
-0.000165206
0.00109966
0.00215502
0.00134121
0.000609618
-0.000124918
-0.000183701
-0.000103192
-2.88163e-05
0.000552092
0.00161657
0.0026591
0.00353167
0.00288143
0.00229788
0.00171194
0.00141479
0.00117738
0.000937592
0.00102674
0.00143005
0.0018194
0.00215702
0.00202877
0.00192077
0.00181198
0.00252118
0.00339882
0.00426844
0.0045698
0.00432781
0.00410945
0.00391856
0.00398121
0.00403289
0.004085
0.00543936
0.007062
0.00867173
0.008875
0.00773348
0.00665065
0.00579668
0.00700681
0.00812743
0.00925092
0.0094462
0.00944937
0.00946075
0.00933316
0.00907307
0.00881887
0.00852488
0.0078752
0.00724126
0.00660719
0.00618145
0.00579912
0.00541527
0.00533077
0.00553243
0.00572175
0.00592376
0.00623604
0.00654337
0.00685065
0.00634238
0.00566542
0.0049962
0.00501723
0.00569869
0.0063516
0.00686516
0.00612463
0.0054378
0.00474927
0.00542267
0.00637811
0.00732083
0.007339
0.00647227
0.00564361
0.00491879
0.00513252
0.00530651
0.00548204
0.00538583
0.00523329
0.00508325
0.00496147
0.00486684
0.00477114
0.00467018
0.00452107
0.00437411
0.00422718
0.00429078
0.00439807
0.00450345
0.00487938
0.0055141
0.00613746
0.00660649
0.00569352
0.00483907
0.00398289
0.00409112
0.00439981
0.00469989
0.00456616
0.00401691
0.00348542
0.00296156
0.00250905
0.00205394
0.00159932
0.00244336
0.00355717
0.00465884
0.00475997
0.00390282
0.00308614
0.00232685
0.00209102
0.00183369
0.00157746
0.00182432
0.00217583
0.00252272
0.00252117
0.00218583
0.00186456
0.0016252
0.00212236
0.00258872
0.00305596
0.00202325
0.000678489
-0.000652306
-0.00146737
-0.00178799
-0.0021287
-0.00244917
-0.00259822
-0.00275418
-0.00290974
-0.00303731
-0.00315895
-0.00328074
-0.00340476
-0.00353093
-0.0036569
-0.00378629
-0.00394696
-0.00410623
-0.00426542
-0.00441754
-0.00456809
-0.00471858
-0.00483358
-0.00491458
-0.00499691
-0.00507257
-0.00508967
-0.00510913
-0.00512848
-0.00520213
-0.00528709
-0.00537151
-0.00550243
-0.00567787
-0.00585135
-0.00601117
-0.00604901
-0.00609177
-0.0061343
-0.00616401
-0.00619103
-0.00621813
-0.00622986
-0.00622687
-0.00622447
-0.00623075
-0.00631501
-0.00639605
-0.00647715
-0.00650432
-0.00652018
-0.00653648
-0.00660587
-0.00672617
-0.00684432
-0.00694195
-0.00685586
-0.00677724
-0.00669838
-0.00668301
-0.00668094
-0.00667834
-0.00670413
-0.00675712
-0.00680897
-0.00685675
-0.00686789
-0.00688049
-0.00689302
-0.00693761
-0.00698889
-0.00703986
-0.00700756
-0.00689542
-0.00678656
-0.00668762
-0.006678
-0.00666482
-0.00665179
-0.00661845
-0.00658086
-0.00654347
-0.00655355
-0.00660915
-0.00666289
-0.00670815
-0.00667714
-0.00664919
-0.00662113
-0.00672131
-0.00684835
-0.00697422
-0.00701046
-0.0069607
-0.0069144
-0.00684249
-0.00654224
-0.00625128
-0.00596018
-0.00563956
-0.00531292
-0.00498678
-0.00470654
-0.00447038
-0.00423265
-0.00388536
-0.00255473
-0.00126397
2.73405e-05
-0.000282291
-0.000928368
-0.00156067
-0.00160914
-0.0010969
-0.000607139
-0.000173533
-0.000247743
-0.000301926
-0.000356853
-0.000421233
-0.000487571
-0.000553781
-1.3495e-05
0.00110878
0.00220736
0.00314934
0.00268728
0.00228059
0.00187204
0.00208252
0.00242321
0.00275854
0.00351411
0.00467278
0.0058148
0.0067672
0.00602244
0.00534448
0.00466445
0.00514942
0.00587959
0.00659964
0.00668086
0.00614846
0.00564034
0.00515661
0.00489654
0.00462797
0.00435995
0.00522656
0.00633196
0.00742724
0.00807404
0.00828988
0.00852226
0.00877651
0.00923389
0.00968305
0.0101322
0.00905327
0.0076525
0.00626526
0.0058123
0.00625697
0.00666664
0.00707303
0.00744042
0.00780904
0.00817732
0.00770082
0.00704618
0.00639891
0.00632038
0.00678834
0.00723493
0.0076184
0.00743186
0.00726737
0.00710216
0.00767694
0.00840777
0.00913205
0.00970339
0.0101276
0.0105571
0.0108387
0.00980054
0.00881366
0.00782558
0.00809909
0.00863924
0.00916879
0.00912455
0.00852868
0.00795432
0.00742587
0.0073126
0.00718358
0.00705526
0.0076058
0.00829971
0.00898762
0.00940337
0.00955739
0.00972124
0.00977512
0.00884829
0.00795942
0.00706978
0.00689385
0.00686917
0.00683877
0.0066758
0.00638522
0.00609969
0.00591438
0.00662684
0.00730479
0.00798353
0.0075124
0.00679785
0.00609303
0.00574898
0.00575202
0.00574197
0.00576382
0.00606706
0.00635945
0.00665204
0.00619384
0.00557669
0.00496598
0.00453574
0.00427921
0.00401635
0.00379831
0.00397811
0.00414283
0.00430799
0.00426561
0.00417921
0.00409453
0.00399679
0.00388655
0.00377686
0.00365431
0.00341596
0.00318213
0.0029483
0.00308531
0.00330099
0.00351357
0.00357622
0.0034946
0.00341842
0.00335531
0.00341065
0.00346153
0.00351253
0.00333687
0.00311315
0.00289138
0.00267581
0.00246626
0.00225665
0.00204101
0.00177023
0.00150169
0.00123326
0.00110986
0.00101736
0.000923786
0.000845367
0.000781485
0.000717113
0.00064823
0.000538389
0.000430145
0.000321921
0.000222739
0.000125536
2.83316e-05
-1.73591e-05
-1.34946e-05
-1.14616e-05
3.61377e-05
0.000491373
0.000931247
0.00137136
0.00132987
0.00118586
0.00104574
0.000620401
-7.91956e-05
-0.000768195
-0.001403
-0.00155283
-0.00172037
-0.00188713
-0.00198529
-0.00206878
-0.00215275
-0.00226931
-0.00241724
-0.00256392
-0.0027029
-0.00277336
-0.00284628
-0.00291905
-0.0029962
-0.00307424
-0.0031522
-0.00326005
-0.00339666
-0.00353213
-0.00365238
-0.00363672
-0.00362602
-0.00361515
-0.0037456
-0.00390612
-0.00406542
-0.00417726
-0.00424335
-0.00431106
-0.00437646
-0.00442205
-0.00446832
-0.00451453
-0.00459151
-0.00467501
-0.00475822
-0.00479049
-0.00477373
-0.00475875
-0.00476497
-0.0049616
-0.0051512
-0.00534092
-0.00530166
-0.00521352
-0.00512721
-0.00512028
-0.00518984
-0.0052566
-0.0053245
-0.00540212
-0.00547933
-0.0055565
-0.00555849
-0.0055444
-0.00553091
-0.00554723
-0.00559227
-0.00563625
-0.00567558
-0.00567322
-0.00567235
-0.00567143
-0.00574973
-0.00584493
-0.00593944
-0.00596968
-0.00593798
-0.00590853
-0.00588826
-0.00595092
-0.00601055
-0.00607026
-0.00613851
-0.00620856
-0.0062785
-0.0063259
-0.00634035
-0.00635597
-0.0063645
-0.00631002
-0.00625782
-0.00620557
-0.00620995
-0.00622645
-0.0062425
-0.00625275
-0.00625447
-0.0062565
-0.00620644
-0.00568983
-0.00519017
-0.00469026
-0.0047144
-0.00485078
-0.00498308
-0.00461213
-0.00350463
-0.00242402
-0.00150286
-0.00201281
-0.00247172
-0.0029321
-0.00248967
-0.00185397
-0.00122556
-0.000670465
-0.000222825
0.000228295
0.000578142
2.41535e-05
-0.00049754
-0.00102001
-0.000385662
0.000496446
0.0013692
0.00197628
0.00219436
0.00242599
0.00259554
0.0022144
0.0018529
0.00149097
0.00154914
0.00169744
0.00184246
0.00247665
0.00382667
0.00515063
0.0063363
0.00628188
0.00627096
0.00625853
0.00612114
0.00595698
0.00579386
0.00578828
0.00601327
0.00623004
0.00636783
0.00579645
0.00525023
0.00470352
0.00512972
0.00576472
0.00639199
0.00682285
0.006966
0.00711907
0.00728119
0.00752835
0.00777238
0.00801635
0.00791205
0.00773293
0.00755654
0.00746476
0.00749694
0.00752478
0.00750553
0.00706303
0.00663552
0.00620779
0.00555257
0.00484876
0.00414711
0.00391851
0.00438239
0.00482199
0.00518142
0.00481722
0.00447829
0.00413873
0.00460577
0.00524617
0.00588013
0.00617846
0.0059852
0.00580903
0.00565338
0.00568604
0.00571218
0.00573853
0.00494368
0.00397241
0.00300787
0.00242642
0.00240599
0.0023663
0.00229325
0.00191514
0.00154777
0.00118027
0.00143139
0.00181566
0.00219509
0.00228261
0.00194247
0.00161722
0.0012868
0.000912915
0.000540774
0.000168829
0.000625883
0.00126141
0.0018904
0.00219093
0.00201025
0.00184612
0.00173199
0.00207015
0.00239267
0.00271549
0.00231672
0.00176251
0.00121398
0.000825846
0.000672769
0.000511802
0.00042849
0.00103785
0.00162327
0.0022091
0.00175199
0.00107006
0.000396214
-0.000178985
-0.000609495
-0.00104462
-0.00143329
-0.00140937
-0.00139944
-0.00138904
-0.000968042
-0.000458595
4.7517e-05
0.00013439
-0.000392929
-0.000899142
-0.001387
-0.00170665
-0.00203175
-0.00235646
-0.00253338
-0.00267828
-0.00282416
-0.00295174
-0.0030526
-0.00315428
-0.00325465
-0.00334398
-0.00343363
-0.0035232
-0.00358125
-0.00363245
-0.00368385
-0.00373912
-0.00380009
-0.00386084
-0.00392348
-0.00400339
-0.00408267
-0.00416191
-0.00420289
-0.00423557
-0.00426851
-0.0043205
-0.00440045
-0.00447941
-0.00455247
-0.00457282
-0.00459491
-0.00461693
-0.00464072
-0.00466488
-0.00468902
-0.00471063
-0.00472854
-0.00474657
-0.00570078
-0.0150461
-0.0241058
-0.033169
-0.042226
-0.00363971
-0.00493284
-0.00488925
-0.00487497
-0.00485973
-0.00484776
-0.00486465
-0.00488058
-0.00489653
-0.00495561
-0.00502401
-0.00509205
-0.0051297
-0.00509753
-0.00506769
-0.00503779
-0.00515693
-0.00528761
-0.00541783
-0.00542535
-0.00535522
-0.00528769
-0.00524899
-0.00527669
-0.00530219
-0.00532774
-0.00535943
-0.00539159
-0.00542371
-0.00544922
-0.00547054
-0.00549198
-0.00551755
-0.00555264
-0.00558739
-0.00562213
-0.0055234
-0.00541429
-0.0053056
-0.00528712
-0.00532579
-0.00536255
-0.00540537
-0.005462
-0.00551814
-0.00557426
-0.00566057
-0.00574919
-0.00583767
-0.0058535
-0.0058233
-0.00579463
-0.00577973
-0.0057966
-0.00581241
-0.00582825
-0.00579025
-0.00574805
-0.00570601
-0.00572272
-0.00577665
-0.00582933
-0.00585074
-0.00580022
-0.00575207
-0.00570388
-0.00573609
-0.00577459
-0.00581287
-0.005805
-0.0057679
-0.00573178
-0.00573151
-0.00581372
-0.00589319
-0.00597271
-0.00568811
-0.00537507
-0.00506315
-0.00485336
-0.00470835
-0.00456133
-0.00449695
-0.00462231
-0.00474144
-0.00486071
-0.00486333
-0.00485677
-0.00485052
-0.00493531
-0.0050778
-0.00521833
-0.00529231
-0.00521324
-0.00513916
-0.00506496
-0.00503273
-0.00500383
-0.00497483
-0.00501555
-0.00510043
-0.00518383
-0.00508788
-0.00457943
-0.00408456
-0.00358958
-0.00359546
-0.00364084
-0.00368492
-0.00361053
-0.00346102
-0.00331402
-0.00314148
-0.00291026
-0.00268106
-0.00245195
-0.00218511
-0.00191545
-0.00164604
-0.000719931
0.000622355
0.00195047
0.00280151
0.00255534
0.00234439
0.00213244
0.00211587
0.00211476
0.00211315
0.00252102
0.00318845
0.00384717
0.00451915
0.00522153
0.00592249
0.00662305
0.00704868
0.00745229
0.00785636
0.00792888
0.00779113
0.00766015
0.00757225
0.00758385
0.00759228
0.0076008
0.00762174
0.00764364
0.00766551
0.00763549
0.00757257
0.00751073
0.00745978
0.00743389
0.00740723
0.00738061
0.00733865
0.00729551
0.00725242
0.00728002
0.00735247
0.00742345
0.00745171
0.00738164
0.00731472
0.00724774
0.00694082
0.006615
0.00628999
0.00628125
0.00647324
0.00665878
0.00667584
0.00630498
0.00594655
0.00558796
0.00565753
0.00576115
0.00586363
0.00575829
0.00552106
0.00528811
0.00517657
0.00534445
0.00550348
0.00566267
0.00529656
0.00488879
0.00448257
0.00444532
0.00464231
0.00483185
0.00493507
0.00483928
0.00474977
0.00466011
0.00445306
0.00423675
0.00402086
0.0038068
0.00359395
0.00338119
0.00324641
0.00329084
0.00332966
0.00336863
0.00330002
0.00322285
0.00314599
0.00289725
0.00253943
0.00218522
0.0019495
0.00198637
0.00201475
0.00204337
0.00206179
0.00207938
0.00209699
0.00220141
0.00236094
0.00251865
0.00252319
0.00217522
0.00183839
0.00150142
0.00156869
0.00166829
0.00176683
0.00163097
0.00134625
0.00106629
0.00092113
0.00108624
0.00124168
0.00139732
0.00112809
0.000872128
0.000615914
0.00050299
0.000481108
0.000456435
0.000348687
4.95402e-05
-0.000243533
-0.000536613
-0.000583641
-0.000610894
-0.000638737
-0.000607336
-0.000538313
-0.000470487
-0.000518383
-0.000832621
-0.0011385
-0.00144444
-0.00150547
-0.00154679
-0.00158868
-0.00156928
-0.00151094
-0.00145383
-0.00141802
-0.00143128
-0.00144303
-0.00145481
-0.00170366
-0.00197144
-0.00223847
-0.00232605
-0.00229954
-0.00227653
-0.00228001
-0.00234469
-0.00240746
-0.00247025
-0.0026154
-0.00276709
-0.0029185
-0.00289326
-0.00275574
-0.00262172
-0.00258583
-0.00277593
-0.00295905
-0.00314227
-0.0031429
-0.00314907
-0.00315507
-0.00319486
-0.00325612
-0.00331669
-0.00336679
-0.00339278
