0
0.0179895
0.0164955
0.0166236
0.0166168
0.0164669
0.0163121
0.0161579
0.0162185
0.0164758
0.0167164
0.0168434
0.0165215
0.0162371
0.0159501
0.0156673
0.015385
0.0151032
0.0147762
0.0144081
0.014044
0.0137645
0.0138157
0.0138399
0.0138662
0.0142284
0.0145999
0.01497
0.0150954
0.0149965
0.0149159
0.0147026
0.013975
0.0132903
0.0126032
0.0125155
0.0124459
0.0123749
0.0124707
0.0127195
0.0129556
0.0131342
0.0130848
0.0130539
0.0130215
0.0130644
0.0131094
0.0131543
0.0130579
0.012832
0.0126167
0.0124814
0.0126614
0.0128159
0.0129722
0.0128702
0.0127604
0.0126513
0.0122782
0.0116627
0.0110673
0.0105977
0.0106242
0.0106113
0.0106015
0.0106606
0.0107219
0.0107828
0.0107098
0.0105137
0.0103276
0.0102512
0.0106065
0.0109273
0.0112503
0.0108906
0.0105092
0.01013
0.0103298
0.0110619
0.0117512
0.0122385
0.0119238
0.0116722
0.011416
0.0113695
0.01133
0.0112899
0.0111342
0.010872
0.0106185
0.0104815
0.010803
0.0110885
0.0113764
0.0115141
0.0116467
0.0117794
0.0120333
0.0123987
0.012755
0.0130537
0.0131255
0.0132145
0.0133022
0.0134052
0.0135087
0.013612
0.013593
0.0134613
0.0133385
0.0132055
0.0130346
0.0128669
0.0126993
0.0131745
0.0136714
0.014166
0.0143865
0.0143543
0.0143413
0.0143085
0.0142039
0.0141048
0.0140055
0.0136832
0.0133534
0.0130246
0.012949
0.0131068
0.0132468
0.013322
0.013138
0.0129737
0.0128082
0.0126534
0.0124992
0.0123452
0.0120872
0.0117331
0.0113866
0.011089
0.0109832
0.0108633
0.0107447
0.0102573
0.00975707
0.00925856
0.00928655
0.00980099
0.0102786
0.0105649
0.0100922
0.00967619
0.00925663
0.0083359
0.00739774
0.00646225
0.00586091
0.00556861
0.00525401
0.00496867
0.00479019
0.00460412
0.00441888
0.00415564
0.00388981
0.00362455
0.00339968
0.0032122
0.00302225
0.00282039
0.00257021
0.00232392
0.00207771
0.00201975
0.00196905
0.00191791
0.0017759
0.00154978
0.00133008
0.00113701
0.0010493
0.000954088
0.000859559
0.000643553
0.000423124
0.000203333
2.60958e-05
-0.000111696
-0.000252128
-0.000366897
-0.000382335
-0.000404882
-0.000426886
-0.000645608
-0.000871767
-0.00109707
-0.00122823
-0.00127213
-0.0013222
-0.00139728
-0.00157249
-0.00174031
-0.00190842
-0.00203379
-0.0021573
-0.00228078
-0.0023071
-0.00224338
-0.00218613
-0.00215642
-0.0022364
-0.00230851
-0.00238107
-0.00239902
-0.00241475
-0.00243062
-0.00255038
-0.00276651
-0.00297555
-0.00314939
-0.00318396
-0.00322828
-0.00327184
-0.00332153
-0.00337141
-0.0034212
-0.00347283
-0.00352616
-0.0035793
-0.00361629
-0.00359002
-0.0035682
-0.0035461
-0.00361684
-0.00369133
-0.00376544
-0.00377118
-0.00371341
-0.00366013
-0.00363521
-0.00372268
-0.00380224
-0.00388224
-0.00392495
-0.00396607
-0.00400724
-0.00402603
-0.00402405
-0.0040235
-0.00397189
-0.00372019
-0.0034826
-0.00324437
-0.0032606
-0.00328754
-0.00331372
-0.00337362
-0.00346482
-0.00355375
-0.00363152
-0.00366517
-0.00370179
-0.00373816
-0.00386555
-0.00399666
-0.00412735
-0.00413928
-0.00404076
-0.00394989
-0.00387139
-0.00384322
-0.00381166
-0.00378038
-0.00379301
-0.00380752
-0.00382188
-0.0038488
-0.00388741
-0.00392517
-0.00395673
-0.00396384
-0.00397258
-0.00398121
-0.00394441
-0.00389937
-0.00385494
-0.00389708
-0.00401985
-0.00413704
-0.00422095
-0.00417307
-0.00413408
-0.00409455
-0.00413037
-0.0041799
-0.00422846
-0.00422644
-0.00417726
-0.00413129
-0.00411013
-0.00418713
-0.00425749
-0.00432821
-0.00442808
-0.0045332
-0.00463783
-0.00462179
-0.00449328
-0.00437238
-0.00426746
-0.00422684
-0.00418202
-0.00413753
-0.004076
-0.00401141
-0.00394711
-0.00398567
-0.00412015
-0.00424815
-0.00431293
-0.00412806
-0.00395982
-0.00379071
-0.00354445
-0.00328423
-0.00302526
-0.00238578
-0.00139149
-0.000421703
0.00030144
5.24592e-05
-0.000132784
-0.000321941
0.000143099
0.00072826
0.00130484
0.00164973
0.00177786
0.0019199
0.00212906
0.00260621
0.00306539
0.00352513
0.00377019
0.00397535
0.00418283
0.00454355
0.00504749
0.00554154
0.00594486
0.00599084
0.00605978
0.00612715
0.00641775
0.00674939
0.00707797
0.00729741
0.00741471
0.00753842
0.0077071
0.00805478
0.00839056
0.00872667
0.00900452
0.00927128
0.00953842
0.00979939
0.0100546
0.0103099
0.0105052
0.0104655
0.0104408
0.0104152
0.0105246
0.010659
0.0107917
0.0107227
0.010465
0.0102196
0.0100594
0.010236
0.0103912
0.0105475
0.0104355
0.0102736
0.010115
0.00998028
0.00986806
0.00975456
0.00969076
0.0098217
0.00994025
0.0100594
0.00981078
0.00949363
0.00918118
0.00905371
0.00909961
0.00913461
0.00909615
0.00876607
0.0084546
0.00814236
0.0079178
0.00770987
0.00750115
0.00723245
0.00690753
0.00658651
0.00627822
0.00601977
0.00575855
0.00549782
0.00516472
0.00481835
0.00447322
0.00435039
0.00443577
0.0045082
0.00449195
0.0041239
0.00377797
0.00343111
0.00320119
0.00299345
0.0027846
0.00259283
0.00241699
0.00224038
0.00206658
0.00190295
0.0017389
0.00157508
0.00141467
0.00125505
0.00109559
0.000958502
0.000842406
0.000725173
0.000619275
0.000557281
0.00049269
0.000428336
0.00031524
0.000193048
7.15577e-05
-6.36189e-05
-0.000211584
-0.000358595
-0.000491741
-0.000570622
-0.00065269
-0.000734467
-0.000854893
-0.000982517
-0.00110955
-0.00121911
-0.00131223
-0.00140623
-0.00148248
-0.00148939
-0.00150045
-0.00151126
-0.00147723
-0.00143473
-0.0013928
-0.0014517
-0.00160526
-0.00175297
-0.00190098
-0.00204931
-0.00219744
-0.00234541
-0.00244783
-0.00254151
-0.0026356
-0.00267538
-0.00266419
-0.00265606
-0.00267264
-0.00278722
-0.00289585
-0.00300469
-0.00300114
-0.0029762
-0.00295256
-0.00300069
-0.00311627
-0.00322772
-0.00330901
-0.00327096
-0.00324001
-0.00320867
-0.00334969
-0.00352344
-0.00369505
-0.0038407
-0.00396186
-0.00408431
-0.00419712
-0.0042727
-0.00435038
-0.00442784
-0.00432386
-0.00418532
-0.00404896
-0.00406079
-0.00421198
-0.00435485
-0.00446756
-0.00446009
-0.00445964
-0.00445878
-0.00457672
-0.00471729
-0.00485637
-0.00489572
-0.00484122
-0.00479224
-0.00478328
-0.00493304
-0.00507341
-0.00521416
-0.00520943
-0.00517684
-0.0051459
-0.00513332
-0.00513809
-0.00514185
-0.00513848
-0.00510684
-0.00507687
-0.00504684
-0.00509858
-0.00516598
-0.00523239
-0.0052613
-0.00525487
-0.00525048
-0.00524295
-0.00522349
-0.00520473
-0.00518596
-0.00524182
-0.00531198
-0.00538125
-0.00539501
-0.00535648
-0.00532099
-0.00531312
-0.00541462
-0.00550976
-0.00560516
-0.00565461
-0.00569517
-0.00573618
-0.00574524
-0.00572423
-0.00570495
-0.00569138
-0.00570061
-0.00570853
-0.00571651
-0.00565747
-0.00558554
-0.00551442
-0.00550333
-0.00554881
-0.00559104
-0.00562682
-0.00563656
-0.00564776
-0.00565887
-0.00557199
-0.00546625
-0.00536169
-0.00531428
-0.00532077
-0.00532423
-0.00531592
-0.00526059
-0.00520795
-0.00515523
-0.0050619
-0.0049608
-0.00486024
-0.00485175
-0.00493007
-0.00500346
-0.00506746
-0.00504584
-0.00502903
-0.00501196
-0.00503949
-0.00507565
-0.00511128
-0.00509642
-0.00503392
-0.00497414
-0.00492418
-0.0049629
-0.00499666
-0.00503065
-0.00500953
-0.00497772
-0.00494654
-0.00484341
-0.00467247
-0.00450546
-0.00435078
-0.00430675
-0.00425666
-0.00420696
-0.00402239
-0.00381174
-0.00360276
-0.00346346
-0.00338998
-0.00331297
-0.00322918
-0.00308232
-0.00293908
-0.0027958
-0.00246007
-0.00208712
-0.00171661
-0.00151139
-0.00146229
-0.00140471
-0.00134466
-0.00125788
-0.00117265
-0.00108744
-0.000746019
-0.000354886
3.31142e-05
0.000360443
0.000630328
0.000903041
0.00117173
0.00140821
0.00164618
0.00188381
0.00217377
0.0024737
0.00277277
0.00298494
0.00311502
0.00324939
0.00339363
0.00362945
0.00386007
0.00409071
0.00428844
0.00447957
0.00467084
0.00479163
0.00484584
0.00490357
0.0049614
0.00502236
0.00508308
0.00514375
0.00527065
0.00541043
0.00554936
0.0056679
0.00576711
0.00586724
0.00596204
0.00601045
0.00606128
0.00611193
0.00602031
0.00590084
0.00578298
0.00577187
0.00586174
0.00594614
0.00602168
0.00601608
0.00601479
0.00601328
0.00603492
0.0060611
0.00608702
0.00602367
0.00587592
0.00573279
0.00559473
0.00550297
0.00540887
0.00531498
0.00528259
0.00526233
0.00524146
0.00515351
0.0050021
0.00485418
0.00472666
0.00478186
0.0048274
0.00487341
0.00474372
0.00457951
0.00441728
0.00440558
0.00453638
0.00465959
0.00474668
0.00450825
0.00428708
0.00406524
0.00396394
0.00388649
0.00380789
0.0035972
0.00326146
0.00293257
0.00263198
0.00258476
0.00252441
0.00246481
0.00236997
0.00226825
0.00216699
0.00207956
0.00200526
0.00193035
0.0018583
0.00181087
0.00176222
0.00171369
0.00172283
0.00174338
0.00176332
0.00173514
0.00166138
0.00159004
0.0015117
0.0013714
0.00123443
0.00109744
0.000980521
0.000867678
0.000754742
0.000740296
0.000819129
0.000893097
0.000946509
0.000814438
0.000691999
0.000569193
0.000462651
0.000359415
0.000256116
9.06777e-05
-0.000133635
-0.000354716
-0.000541825
-0.000425442
-0.000324638
-0.000223144
-0.000222952
-0.000242886
-0.000261777
-0.000260231
-0.000239265
-0.000219306
-0.000207094
-0.000264465
-0.000318251
-0.000372164
-0.000310634
-0.000226178
-0.000142967
-0.000147304
-0.000234696
-0.000317805
-0.000394887
-0.00041679
-0.000441454
-0.000465954
-0.000505092
-0.000547116
-0.000588953
-0.000643422
-0.00070986
-0.000775629
-0.000841729
-0.000911008
-0.000980057
-0.00104905
-0.00106572
-0.00107194
-0.00107868
-0.00110809
-0.00115904
-0.00120885
-0.00125792
-0.00130025
-0.00134288
-0.00138544
-0.0201906
-0.0427301
-0.0522027
0.000812144
-0.00184763
-0.00173487
-0.00175894
-0.00176591
-0.00177372
-0.00178148
-0.00179885
-0.00181814
-0.00183732
-0.00192249
-0.00207028
-0.00221482
-0.00233615
-0.00224956
-0.00217334
-0.00209668
-0.00206322
-0.00203843
-0.00201323
-0.00204864
-0.00214155
-0.00223155
-0.00232069
-0.00240166
-0.00248294
-0.00256414
-0.00258688
-0.00259789
-0.00260946
-0.0026107
-0.00260214
-0.00259408
-0.00259266
-0.00265082
-0.002706
-0.00276128
-0.00283784
-0.00291861
-0.0029991
-0.00304595
-0.00306084
-0.00307727
-0.00309116
-0.00308307
-0.00307605
-0.003069
-0.00305369
-0.00303674
-0.00301988
-0.00305544
-0.00314079
-0.00322364
-0.00329387
-0.00325065
-0.00321298
-0.00317508
-0.0032194
-0.00328023
-0.00334021
-0.00336295
-0.00335028
-0.00333932
-0.00332417
-0.00327211
-0.00322188
-0.00317161
-0.00312373
-0.00307636
-0.00302901
-0.00302064
-0.00304929
-0.00307615
-0.00309849
-0.00307992
-0.00306333
-0.00304666
-0.00306722
-0.00309527
-0.00312293
-0.00311492
-0.00307299
-0.00303271
-0.00299908
-0.00302533
-0.00304869
-0.00307217
-0.00309215
-0.0031114
-0.00313068
-0.00317204
-0.00323442
-0.00329574
-0.0033408
-0.00324048
-0.00314717
-0.00305361
-0.00301082
-0.00297833
-0.00294538
-0.00294715
-0.00298193
-0.00301511
-0.00304041
-0.00299473
-0.00295245
-0.00291005
-0.00288947
-0.00287332
-0.00285698
-0.00277077
-0.00261808
-0.00246866
-0.0023139
-0.00211161
-0.00191175
-0.00171196
-0.00178387
-0.00191079
-0.00203499
-0.00195204
-0.00167181
-0.00140111
-0.00113747
-0.00093894
-0.000737547
-0.000536477
-0.000592198
-0.00069997
-0.000805204
-0.000886823
-0.000945843
-0.00100587
-0.00102153
-0.000641183
-0.000279667
8.23891e-05
0.000214656
0.000300177
0.000387796
0.000479364
0.000574789
0.000669947
0.000767444
0.000886472
0.00100439
0.00112225
0.00116463
0.00119164
0.00121934
0.00133037
0.00152078
0.00170734
0.00189814
0.00212671
0.00235333
0.00257982
0.00260232
0.00258329
0.0025662
0.00263949
0.00279897
0.00295434
0.00310117
0.00317111
0.00324452
0.00331771
0.00344212
0.00357686
0.00371101
0.00369578
0.00353821
0.00338731
0.00327745
0.00353652
0.00377845
0.00402094
0.00426763
0.004515
0.00476212
0.00490572
0.00495066
0.00500007
0.0050357
0.00495021
0.00487033
0.00479026
0.00498307
0.00523144
0.00547706
0.00547657
0.00524138
0.00501707
0.0048087
0.00474579
0.00467634
0.00460725
0.00446564
0.00430932
0.0041538
0.00413729
0.00425333
0.00436327
0.00445935
0.0044297
0.00440576
0.00438158
0.00424252
0.00408005
0.00391878
0.00372492
0.00350002
0.00327673
0.00307059
0.00301712
0.00295683
0.00289689
0.00288821
0.00289002
0.00289136
0.00283394
0.00272045
0.00260957
0.00251613
0.00257892
0.00263467
0.00269067
0.00245701
0.00216415
0.00187419
0.0017741
0.00185529
0.0019283
0.00197535
0.0017872
0.0016097
0.00143189
0.00154905
0.00172663
0.00190137
0.00180255
0.00144259
0.00109454
0.000754739
0.000490953
0.000224027
-4.25237e-05
-7.01926e-05
-4.87867e-05
-2.95742e-05
-5.09568e-05
-0.000111181
-0.000169633
-0.000247328
-0.000496979
-0.000738811
-0.000980775
-0.00109194
-0.00117615
-0.00126148
-0.00136806
-0.00149497
-0.00162088
-0.00174312
-0.00183301
-0.00192423
-0.00201532
-0.00214683
-0.00228656
-0.00242581
-0.00254538
-0.00264613
-0.00274762
-0.00283537
-0.00280106
-0.00277214
-0.002743
-0.00279241
-0.00285796
-0.00292274
-0.00294986
-0.00294096
-0.00293364
-0.00293563
-0.00302153
-0.00310368
-0.00318593
-0.0032174
-0.00323839
-0.00325981
-0.00325909
-0.00323723
-0.00321632
-0.00320862
-0.00331945
-0.00342504
-0.00353076
-0.00357434
-0.00360507
-0.00363632
-0.00366512
-0.00369158
-0.00371812
-0.00374748
-0.00380226
-0.00385589
-0.00390953
-0.00390657
-0.00389192
-0.0038778
-0.00391715
-0.00400761
-0.0040958
-0.00417346
-0.00415657
-0.00414377
-0.0041308
-0.0040188
-0.00388639
-0.00375498
-0.00378671
-0.00397441
-0.00415526
-0.0043025
-0.00414751
-0.0040056
-0.00386325
-0.00390585
-0.00398667
-0.00406579
-0.00414556
-0.00422588
-0.00430612
-0.00437632
-0.00435722
-0.00434195
-0.00432652
-0.00437212
-0.00443031
-0.00448792
-0.00451202
-0.00450407
-0.00449748
-0.00448812
-0.0044544
-0.00442175
-0.00438907
-0.00438628
-0.00438968
-0.00439282
-0.00435597
-0.00428088
-0.00420747
-0.00414307
-0.00415944
-0.00417237
-0.00418544
-0.00418722
-0.00418666
-0.00418619
-0.00417515
-0.00415399
-0.00413327
-0.00412106
-0.00418499
-0.00424566
-0.00430641
-0.00427831
-0.00423178
-0.00418606
-0.00413546
-0.00408021
-0.00402521
-0.00397275
-0.00394275
-0.00391183
-0.00388098
-0.00386947
-0.00386198
-0.00385433
-0.00381661
-0.00375011
-0.00368487
-0.00363033
-0.00367163
-0.00370889
-0.00374629
-0.00377353
-0.00379864
-0.00382382
-0.00379951
-0.00372783
-0.00365819
-0.00360281
-0.00367553
-0.00374285
-0.00381035
-0.00380016
-0.00377381
-0.00374816
-0.0037357
-0.00373588
-0.00373555
-0.00373825
-0.003768
-0.0037966
-0.00382522
-0.00383776
-0.00384694
-0.00385626
-0.00385383
-0.00384018
-0.00382701
-0.00381216
-0.00378242
-0.00375332
-0.00372422
-0.00375312
-0.0037941
-0.00383455
-0.00386466
-0.00388483
-0.0039054
-0.00392052
-0.00388714
-0.00385577
-0.00382435
-0.00380093
-0.00377918
-0.00375738
-0.00375461
-0.00377007
-0.00378477
-0.00380003
-0.00382019
-0.00384013
-0.00386006
-0.00386113
-0.00385827
-0.00385557
-0.0038625
-0.00387866
-0.00389442
-0.00390554
-0.00387507
-0.00384632
-0.00381753
-0.00386973
-0.00393882
-0.00400717
-0.00406964
-0.00412645
-0.00418344
-0.00422948
-0.00417788
-0.0041303
-0.00408259
-0.00407033
-0.00406549
-0.00406036
-0.00405171
-0.0040397
-0.00402784
-0.00400907
-0.00392853
-0.00385055
-0.00377253
-0.00372004
-0.00367293
-0.00362564
-0.00358562
-0.00355257
-0.00351926
-0.00348186
-0.00340749
-0.00333466
-0.00326184
-0.00316566
-0.00306464
-0.0029639
-0.00290495
-0.00288606
-0.00286558
-0.0028248
-0.00260156
-0.00238581
-0.00216994
-0.0019251
-0.00167433
-0.00142399
-0.000978677
-0.000346434
0.000277827
0.000877582
0.001259
0.00164883
0.00203801
0.00225175
0.00242854
0.00260667
0.00281059
0.00303931
0.00326686
0.00348015
0.00356678
0.00365838
0.00374971
0.00384773
0.00394709
0.00404631
0.0041083
0.00413457
0.00416223
0.00418546
0.00416966
0.00415542
0.00414113
0.00414798
0.00415926
0.00417036
0.00431913
0.00459996
0.00487535
0.00511964
0.00508523
0.00506185
0.00503805
0.00498656
0.00492927
0.00487225
0.00479583
0.0047008
0.00460658
0.00451677
0.00446607
0.00441388
0.00436178
0.00427353
0.00417772
0.00408228
0.00403797
0.00404274
0.00404558
0.00405113
0.00408019
0.00410832
0.00413646
0.00427464
0.00443591
0.00459615
0.00469232
0.00472696
0.00476397
0.00478134
0.00462385
0.0044733
0.00432261
0.00424008
0.00417197
0.00410335
0.0040845
0.00411341
0.00414044
0.00415948
0.00410646
0.00405628
0.00400603
0.00402832
0.00406589
0.00410283
0.00411865
0.00411416
0.00411046
0.00410038
0.00403346
0.00396879
0.00390409
0.00376722
0.00361521
0.00346389
0.00329735
0.0031162
0.00293575
0.00278187
0.00286506
0.00293905
0.00301333
0.0029988
0.00296552
0.00293299
0.0029332
0.00296488
0.00299533
0.00300982
0.00288116
0.0027581
0.00263493
0.0025956
0.00257402
0.00255178
0.00252313
0.00248832
0.00245377
0.00244918
0.00271293
0.00296621
0.0032197
0.00296403
0.00260084
0.00224203
0.00217639
0.00239256
0.00259781
0.00276269
0.0025635
0.00237834
0.00219279
0.00224935
0.00235712
0.00246286
0.0024724
0.00238943
0.00231004
0.00222859
0.00212952
0.0020312
0.00193292
0.00200768
0.00211904
0.00222893
0.00218268
0.00198634
0.00179583
0.00162048
0.00158178
0.00153793
0.00149431
0.00138747
0.00126729
0.00114772
0.00122051
0.00147822
0.00172876
0.00196108
0.00202928
0.00210362
0.00217767
0.00187
0.00148155
0.00109644
0.000918752
0.000940575
0.000954881
0.000970758
0.000998256
0.0010253
0.00105233
0.000901058
0.000712028
0.000524555
0.000480575
0.000574609
0.000663403
0.000744439
0.000754736
0.000767673
0.000780501
0.00102533
0.00131928
0.00161117
0.00171725
0.00164459
0.00157864
0.00153806
0.00172656
0.00190638
0.00208638
0.00205859
0.00198665
0.00191641
0.00171209
0.00137889
0.00105072
0.000751539
0.000711718
0.000662296
0.000613268
0.000587648
0.000567025
0.000546231
0.000534494
0.000531462
0.000528109
0.000531941
0.000600014
0.00066566
0.000731348
0.000716326
0.000684141
0.000652614
0.000557482
0.000401189
0.000247269
0.000111334
0.000136418
0.000155549
0.000174884
0.00040046
0.000669822
0.000937374
0.000903674
0.000580067
0.000267357
-1.18716e-05
1.06369e-05
2.20478e-05
3.38577e-05
0.00015151
0.000291651
0.000430864
0.000587291
0.00076025
0.000932477
0.00106997
0.00089706
0.000735633
0.000573903
0.000406985
0.000239049
7.12728e-05
7.9116e-05
0.00025598
0.000426546
0.000587362
0.000659748
0.000735306
0.000810692
0.00066171
0.000464948
0.000270068
0.000401995
0.00084855
0.00128334
0.00163622
0.00125393
0.000898616
0.000542581
0.000677839
0.000917881
0.00115395
0.00133893
0.00147459
0.00161193
0.00168809
0.00121734
0.000766723
0.000315705
0.0001377
1.80972e-05
-0.00010353
-8.12926e-05
7.93851e-05
0.000234949
0.000382435
0.000456778
0.000533706
0.000610485
0.000752735
0.000908897
0.00106445
0.00120694
0.00133685
0.00146712
0.00158363
0.00157779
0.00157634
0.00157474
0.00151917
0.0014521
0.00138548
0.00128773
0.00116001
0.00103345
0.00089656
0.000666706
0.000440345
0.000214021
0.000346098
0.000554791
0.000760595
0.000819485
0.000663354
0.000515013
0.000385325
0.000424423
0.000457472
0.000490713
0.000673262
0.000887681
0.00110081
0.00122414
0.00121608
0.0012127
0.00117142
0.000792067
0.000425002
5.77608e-05
2.82207e-05
7.10378e-05
0.000111256
0.000168389
0.000250149
0.000330978
0.00039105
0.000265295
0.00014621
2.69744e-05
0.000130616
0.000281975
0.000431539
0.000495502
0.000434152
0.000377274
0.00032959
0.000365398
0.000398234
0.000431151
0.000316334
0.000169894
2.46714e-05
-8.21655e-05
-0.00013281
-0.000185397
-0.000220173
-9.62525e-05
2.1999e-05
0.000140367
9.03561e-05
4.23897e-06
-8.05494e-05
-9.40362e-05
-3.1206e-06
8.40679e-05
0.0001675
0.000216579
0.000266828
0.000317001
0.000211802
7.32953e-05
-6.39483e-05
-2.51572e-05
0.000271331
0.000558602
0.000809771
0.000736125
0.000673875
0.000611272
0.000353137
5.31251e-05
-0.000245217
-0.000390775
-0.000312686
-0.000242444
-0.000191398
-0.000314448
-0.000431352
-0.000548388
-0.000369495
-0.000127079
0.000112959
0.00016682
-5.19353e-05
-0.000261072
-0.000449572
-0.000451287
-0.00045948
-0.000467442
-0.00049723
-0.000531695
-0.000565974
-0.000558696
-0.000490576
-0.000424607
-0.000337751
-6.40128e-05
0.000203077
0.000470211
0.000265759
-4.00775e-05
-0.000342203
-0.000468604
-0.000337601
-0.000215566
-0.000106466
-0.00011541
-0.000120282
-0.00012529
-0.000345617
-0.000612197
-0.000877002
-0.00108707
-0.00121698
-0.00134955
-0.00143781
-0.00113042
-0.000836827
-0.000542961
-0.000541384
-0.000602779
-0.000661973
-0.000795057
-0.00103626
-0.0012736
-0.00145644
-0.00115101
-0.000862495
-0.000573597
-0.000685293
-0.000883284
-0.00107819
-0.00124737
-0.00137877
-0.00151136
-0.00158045
-0.00108146
-0.000602185
-0.00012256
-0.00037645
-0.000788414
-0.00119472
-0.0014736
-0.00156568
-0.00166406
-0.00175319
-0.00176192
-0.00177338
-0.00178474
-0.0018829
-0.00199973
-0.00211585
-0.00216183
-0.00210508
-0.00205184
-0.00201177
-0.00209047
-0.00216508
-0.00223979
-0.00226005
-0.00226855
-0.00227744
-0.00228316
-0.00228424
-0.00228548
-0.00229367
-0.00236424
-0.00243265
-0.00250108
-0.00252335
-0.00253563
-0.00254824
-0.00256794
-0.00259805
-0.00262779
-0.00265192
-0.00262574
-0.00260128
-0.00257677
-0.00258529
-0.00260093
-0.00261633
-0.00264617
-0.00269718
-0.00274744
-0.0028044
-0.00292146
-0.00303643
-0.00315139
-0.00318384
-0.00319843
-0.00321361
-0.00322491
-0.00323055
-0.00323637
-0.00324624
-0.00329243
-0.00333737
-0.00338232
-0.00336014
-0.00332343
-0.00328724
-0.00323929
-0.00317413
-0.00310959
-0.00398674
-0.0133042
-0.0223344
-0.0313682
-0.0403958
-0.00182598
-0.00312891
-0.00307612
-0.00302449
-0.00297285
-0.0029155
-0.00280678
-0.00269983
-0.00259289
-0.00258428
-0.00259697
-0.00260895
-0.00258305
-0.00247004
-0.00236
-0.00224992
-0.00236246
-0.00249228
-0.00262144
-0.00257263
-0.00241116
-0.00225353
-0.00216985
-0.00225638
-0.00233723
-0.00241821
-0.00242678
-0.00242969
-0.00243279
-0.00238136
-0.00229544
-0.0022107
-0.00216886
-0.00222566
-0.00227917
-0.00233276
-0.00215832
-0.00196617
-0.00177473
-0.00155831
-0.00132614
-0.00109464
-0.000944118
-0.000979613
-0.00100899
-0.00103854
-0.00128427
-0.00154677
-0.00180855
-0.00198746
-0.00211383
-0.00224183
-0.00229379
-0.00217116
-0.00205431
-0.00193735
-0.00169695
-0.00144702
-0.00119757
-0.00106334
-0.00100214
-0.0009386
-0.000882366
-0.000842702
-0.000802524
-0.000762388
-0.000902263
-0.00105618
-0.00120954
-0.0011742
-0.00101932
-0.000868417
-0.000770458
-0.000794405
-0.000814378
-0.000834467
-0.000862191
-0.000890499
-0.00091877
-0.00091402
-0.000888347
-0.000863368
-0.000802034
-0.00065713
-0.000515024
-0.000372919
-0.000188101
-2.91555e-08
0.000187816
0.000213996
0.000137715
6.47922e-05
2.23778e-05
5.03133e-05
7.59613e-05
0.000101667
0.000459535
0.000843366
0.00122611
0.00122276
0.000974665
0.000734606
0.000621259
0.000799719
0.000968681
0.00113784
0.0012319
0.00131999
0.00140821
0.00150045
0.00159523
0.00168987
0.00174029
0.00168908
0.00164116
0.00159317
0.00146438
0.00132928
0.00119446
0.00115747
0.00118252
0.00120557
0.00124425
0.00131875
0.00139207
0.00146537
0.00157727
0.00169217
0.00180689
0.00185833
0.00186963
0.00188219
0.00188363
0.00185956
0.00183631
0.00181306
0.00156003
0.00128895
0.00101861
0.000891216
0.000854527
0.000814979
0.000798046
0.000832888
0.000866065
0.000899274
0.000751699
0.000589873
0.000428602
0.000423588
0.00051771
0.000608632
0.00064121
0.000539423
0.000441952
0.000344407
0.000424451
0.000518549
0.000612143
0.000577588
0.000461726
0.000348505
0.000260254
0.000229545
0.00019704
0.000164612
0.000115815
6.57451e-05
1.57466e-05
5.68297e-05
0.000155701
0.000252692
0.000260229
6.19193e-05
-0.000129792
-0.000321591
-0.000364384
-0.000395294
-0.000426557
-0.00050403
-0.00061082
-0.000716623
-0.00077825
-0.00073826
-0.00070148
-0.000664623
-0.000670335
-0.000679437
-0.000688427
-0.000691155
-0.000689905
-0.00068878
-0.00068573
-0.000678255
-0.000670924
-0.000663593
-0.000755719
-0.00085573
-0.000955433
-0.00106132
-0.00117111
-0.00128071
-0.00136092
-0.00137358
-0.00138833
-0.00140301
-0.00148773
-0.001578
-0.00166805
-0.00166699
-0.00160808
-0.00155101
-0.0015394
-0.00163248
-0.00172225
-0.00181207
-0.00181549
-0.001812
-0.00180873
-0.00183364
-0.00187645
-0.00191867
-0.00195859
-0.00199318
-0.00202792
-0.00206263
-0.00216835
-0.00227969
-0.0023908
-0.00239112
-0.00232108
-0.00225325
-0.00222358
-0.00228181
-0.0023373
-0.00239283
-0.00248201
-0.00257009
-0.00265816
-0.0026834
-0.00266873
-0.00265529
-0.00267128
-0.00275506
-0.0028367
-0.00291836
-0.00294693
-0.00297123
-0.00299565
-0.00301781
-0.00303854
-0.0030593
-0.00308364
-0.00311624
-0.00314857
-0.00318089
-0.00321662
-0.00325262
-0.00328858
-0.0033301
-0.00337513
-0.00342002
-0.00344638
-0.00343013
-0.00341518
-0.00340021
-0.00340236
-0.00340588
-0.00340936
-0.00342672
-0.00345289
-0.00347878
-0.00351976
-0.00359548
-0.00367009
-0.00374468
-0.00369007
-0.00362507
-0.00356043
-0.00354729
-0.0035669
-0.0035855
-0.00360993
-0.0036477
-0.00368505
-0.00372239
-0.00370851
-0.0036962
-0.00368384
-0.00372977
-0.00381275
-0.00389456
-0.00393198
-0.00386725
