0
0.0258861
0.0238623
0.0241618
0.0242679
0.0241464
0.0240169
0.0238884
0.024246
0.0250486
0.0258131
0.0261975
0.0250866
0.0241008
0.0231063
0.0231333
0.0231895
0.0232431
0.0233317
0.0234519
0.0235694
0.0236536
0.0236076
0.0235722
0.023536
0.023265
0.0229874
0.0227108
0.0227734
0.0231468
0.0234942
0.0237999
0.0239354
0.0240844
0.024232
0.0238111
0.0233738
0.0229385
0.0226805
0.0225852
0.0224769
0.0223586
0.0221964
0.022038
0.0218796
0.0218764
0.021878
0.0218792
0.0219086
0.0219639
0.0220171
0.0218751
0.0209686
0.0201245
0.0192768
0.0197307
0.0202244
0.0207142
0.0205988
0.0199273
0.019301
0.0187591
0.0185591
0.0183323
0.018108
0.0179087
0.0177105
0.0175125
0.0172915
0.0170493
0.0168092
0.0165755
0.0163664
0.0161557
0.0159455
0.0163869
0.0168489
0.0173085
0.0174197
0.0172102
0.0170261
0.0169993
0.0175956
0.0181424
0.0186922
0.0181187
0.0175088
0.0169027
0.0163805
0.0159358
0.0154857
0.0153762
0.0165971
0.0177132
0.0188357
0.018133
0.0173699
0.0166126
0.0165384
0.0170935
0.0175995
0.0179048
0.0174114
0.0169801
0.0165447
0.016029
0.0155112
0.0149944
0.0147086
0.0146359
0.014547
0.0146694
0.0156143
0.0164951
0.0173795
0.0167573
0.0160834
0.0154144
0.0148687
0.014437
0.0139973
0.013709
0.0140092
0.0142645
0.0145229
0.0133505
0.0121291
0.0109132
0.0103761
0.0104657
0.0105081
0.0104888
0.0102139
0.00995862
0.00970224
0.00930471
0.00890262
0.00850146
0.00817255
0.00791038
0.00764363
0.00785397
0.00993243
0.0118687
0.0138127
0.0132219
0.0125392
0.0118644
0.0114028
0.0111388
0.0108605
0.0109346
0.0123846
0.0137308
0.0150827
0.0130295
0.0108526
0.00868806
0.00728065
0.00657389
0.00581666
0.00549219
0.00684691
0.00807645
0.00931337
0.00845126
0.00751129
0.00657838
0.00570767
0.00489497
0.00407923
0.00339575
0.00322664
0.00302032
0.002817
0.00467937
0.00661826
0.00854877
0.00925286
0.00882152
0.00847309
0.0078791
0.00634422
0.00487959
0.003412
0.00280054
0.002223
0.00164384
0.00119053
0.000853607
0.000508799
0.000173333
-0.000129233
-0.000433727
-0.000737646
-0.00100598
-0.00127257
-0.0015389
-0.00184064
-0.00217515
-0.00250685
-0.00283827
-0.00316924
-0.00349977
-0.00382986
-0.00424618
-0.0046654
-0.00508381
-0.00540199
-0.0056272
-0.00585869
-0.00608554
-0.00629694
-0.00650914
-0.00672098
-0.00687779
-0.00703218
-0.00718652
-0.00742657
-0.0077461
-0.00805959
-0.00835515
-0.00857994
-0.0088094
-0.00903821
-0.00914493
-0.00924653
-0.00934835
-0.00937855
-0.00934231
-0.00931076
-0.00931281
-0.00944795
-0.00957361
-0.00969975
-0.00972786
-0.0097519
-0.00977619
-0.00985361
-0.00998036
-0.0101035
-0.0102007
-0.0101953
-0.010197
-0.0101982
-0.0103128
-0.010432
-0.0105507
-0.0105855
-0.0105423
-0.0105046
-0.0104983
-0.0106167
-0.0107264
-0.0108365
-0.0108249
-0.0108082
-0.0107918
-0.0107774
-0.0107647
-0.010752
-0.0107003
-0.0104955
-0.0103014
-0.0101068
-0.0101527
-0.0102089
-0.0102643
-0.0102824
-0.0102659
-0.0102518
-0.0101824
-0.00989609
-0.00962491
-0.00935307
-0.00888995
-0.00841913
-0.00794947
-0.00742263
-0.00684266
-0.00626707
-0.00575751
-0.00550619
-0.0052378
-0.00497093
-0.00465341
-0.00432702
-0.00400166
-0.00398418
-0.00425335
-0.00450292
-0.00468402
-0.00459186
-0.00451813
-0.00444326
-0.00321378
-0.00177461
-0.000351374
0.000308392
0.000256087
0.000251322
0.000197201
-3.82246e-05
-0.000261274
-0.000484849
-0.000494805
-0.000465645
-0.000439119
-0.000343127
-0.000182584
-2.6529e-05
0.000340807
0.00153789
0.00267854
0.00382142
0.0040705
0.00415533
0.00425087
0.00440847
0.00462461
0.00483661
0.00494245
0.00463079
0.00434695
0.00406166
0.00366144
0.00324045
0.00282138
0.00273392
0.00295586
0.00315728
0.00371929
0.00569407
0.00757413
0.0094579
0.00958572
0.00938965
0.00921491
0.00899173
0.00872473
0.00846092
0.00832025
0.00866349
0.00897493
0.00928802
0.0094064
0.0094887
0.00957323
0.00956843
0.0094804
0.00939785
0.00942742
0.0098989
0.0103413
0.010785
0.0107767
0.0106846
0.010598
0.0108399
0.0113889
0.0119175
0.012287
0.0120276
0.0118088
0.0115877
0.0119904
0.0125086
0.0130186
0.0131411
0.0129009
0.0126841
0.0125973
0.013027
0.0134233
0.0138213
0.0135472
0.0131484
0.0127579
0.0125998
0.0126595
0.0127052
0.0127172
0.0125931
0.0124778
0.0123621
0.0122025
0.0120348
0.0118678
0.0119119
0.0121534
0.0123821
0.01256
0.0125354
0.0125235
0.0125109
0.0115345
0.010379
0.00923616
0.00924596
0.0103349
0.0113551
0.0120493
0.0114477
0.0109276
0.0104031
0.0100399
0.00970723
0.00937304
0.00932486
0.0095443
0.00974684
0.00970349
0.00868936
0.00773667
0.00678136
0.00599507
0.00524118
0.00448623
0.00538976
0.00784621
0.0102038
0.011796
0.0103614
0.0091151
0.00785872
0.00665887
0.0054706
0.00428307
0.0035074
0.00311757
0.00270455
0.00243342
0.00271347
0.00295942
0.00320715
0.00237998
0.00135107
0.00033574
-0.00060703
-0.00148097
-0.00235804
-0.0031488
-0.00360385
-0.00407877
-0.00455191
-0.00487323
-0.00516556
-0.00545929
-0.00567904
-0.0058295
-0.00598397
-0.00613418
-0.00626915
-0.00640487
-0.00654038
-0.00679944
-0.00708162
-0.00736207
-0.0075116
-0.00753824
-0.00757226
-0.00763424
-0.00780819
-0.0079752
-0.00814243
-0.0082163
-0.00827241
-0.00832953
-0.0084074
-0.00850482
-0.00860095
-0.00869501
-0.00878093
-0.00886724
-0.00895342
-0.0090679
-0.00918765
-0.00930694
-0.00934846
-0.00931696
-0.00928984
-0.00926368
-0.00924224
-0.00922054
-0.00919889
-0.00927179
-0.00936262
-0.00945228
-0.00949343
-0.00948896
-0.0094872
-0.00950856
-0.00962162
-0.00972913
-0.00983684
-0.00986007
-0.00986718
-0.00987523
-0.00989571
-0.00992792
-0.0099594
-0.00998616
-0.00999427
-0.0100035
-0.0100126
-0.00998228
-0.00994446
-0.00990712
-0.0099585
-0.0100933
-0.010223
-0.0103184
-0.0102776
-0.0102448
-0.0102116
-0.0101056
-0.0099858
-0.00986695
-0.00985049
-0.00993033
-0.0100045
-0.0100613
-0.0100487
-0.0100402
-0.0100315
-0.0100353
-0.0100416
-0.0100477
-0.0100512
-0.0100522
-0.0100533
-0.0100428
-0.00998669
-0.00993325
-0.00987972
-0.00998431
-0.0101192
-0.0102521
-0.0103371
-0.0103768
-0.010419
-0.0104652
-0.0105275
-0.0105887
-0.01065
-0.0106976
-0.0107425
-0.0107876
-0.0107754
-0.0107093
-0.0106463
-0.0105903
-0.0105623
-0.0105327
-0.0105032
-0.0104207
-0.010328
-0.010236
-0.0102001
-0.010217
-0.0102309
-0.0102284
-0.010161
-0.0100973
-0.0100335
-0.0100246
-0.0100263
-0.0100274
-0.010014
-0.00998678
-0.00996042
-0.00993816
-0.00993214
-0.00992522
-0.00991836
-0.00981859
-0.00970095
-0.00958444
-0.00950124
-0.00944948
-0.009396
-0.00933506
-0.00924411
-0.00915495
-0.00906579
-0.00903705
-0.00902002
-0.00900236
-0.00908201
-0.00925332
-0.00941933
-0.00955452
-0.00941312
-0.00928732
-0.00916078
-0.00831998
-0.00734137
-0.00637153
-0.0059211
-0.00596083
-0.00597328
-0.00594876
-0.00558022
-0.00523118
-0.00488143
-0.00526141
-0.00578277
-0.00629574
-0.00662165
-0.00677069
-0.00692933
-0.00705884
-0.00693408
-0.00682348
-0.00671222
-0.00558601
-0.00426329
-0.00295285
-0.00218197
-0.00192079
-0.00163188
-0.0013712
-0.0013465
-0.00130888
-0.00127202
-0.00090306
-0.00046972
-4.03774e-05
0.000248515
0.000404649
0.000567866
0.000756526
0.00117753
0.00158541
0.00199355
0.00233386
0.00266066
0.00298783
0.00329354
0.003579
0.00386525
0.00416935
0.00463588
0.0050931
0.00555032
0.00568251
0.00575106
0.00582299
0.0061752
0.00679227
0.00739435
0.00793763
0.0079531
0.00799703
0.00803938
0.00854702
0.00914528
0.00973803
0.0100687
0.0101515
0.0102475
0.0103747
0.010787
0.0111836
0.0115807
0.0115379
0.011409
0.0112848
0.0112182
0.0112063
0.0111915
0.0111718
0.011107
0.0110447
0.0109823
0.0107403
0.0104631
0.0101882
0.0101721
0.0104008
0.0106162
0.0108252
0.0109726
0.0111231
0.0112732
0.0111712
0.0110196
0.0108709
0.0108684
0.0110045
0.0111331
0.0112657
0.0114322
0.0115966
0.011761
0.0116323
0.0114459
0.0112628
0.0111902
0.0112222
0.0112487
0.0112819
0.011373
0.0114609
0.011549
0.0113697
0.0111378
0.0109089
0.0109472
0.0112384
0.011516
0.0117248
0.0113147
0.0109374
0.0105588
0.0106034
0.0107315
0.0108552
0.0110184
0.0112187
0.0114169
0.0115407
0.0110001
0.0104946
0.00998777
0.00984299
0.00976987
0.00969312
0.00925085
0.00846241
0.00769272
0.00692591
0.00618718
0.00544777
0.00470916
0.00473926
0.00492152
0.00509574
0.00526593
0.00543191
0.00559794
0.00569095
0.00513241
0.00460797
0.00408232
0.00377664
0.00351479
0.00325095
0.00344977
0.0040867
0.00470051
0.00520563
0.00473309
0.0043111
0.00388696
0.00335796
0.00280852
0.00226069
0.00190954
0.00174483
0.00157077
0.00139666
0.00121639
0.00103662
0.000857012
0.000675108
0.000492889
0.000310872
0.000249155
0.000301456
0.000347917
0.000576656
0.00243335
0.00420565
0.00598043
0.00520507
0.00392281
0.0026675
0.00179577
0.00128902
0.000764346
0.00036136
0.00103436
0.00165241
0.00227261
0.00297757
0.00369892
0.00441871
0.00407629
0.0027266
0.00142888
0.00018934
-0.000516753
-0.0012489
-0.00197901
-0.00235853
-0.00266778
-0.00298024
-0.00228786
-0.000642569
0.000953429
0.00234654
0.00191554
0.00157603
0.0012323
-0.0178112
-0.0405763
-0.0505362
0.000754211
-0.00246824
-0.00297541
-0.00359245
-0.00398171
-0.00438189
-0.00478114
-0.00498153
-0.00514198
-0.00530425
-0.00546883
-0.00563569
-0.00580227
-0.0058445
-0.00477546
-0.00376242
-0.00274761
-0.00263296
-0.00269864
-0.00275536
-0.00299721
-0.00341433
-0.00382241
-0.00424243
-0.00476847
-0.00528877
-0.00580885
-0.00606158
-0.00626051
-0.00646189
-0.00659919
-0.00667577
-0.00675525
-0.00683922
-0.00696532
-0.00708923
-0.00721313
-0.00730846
-0.00739798
-0.00748769
-0.00750551
-0.00745504
-0.00740795
-0.00737051
-0.00742043
-0.00746604
-0.00751182
-0.00758704
-0.00766813
-0.00774885
-0.0077639
-0.00771654
-0.00767226
-0.00763569
-0.00766903
-0.00769895
-0.007729
-0.00775902
-0.00778902
-0.00781898
-0.00782138
-0.00779758
-0.00777508
-0.00776783
-0.00789752
-0.00802047
-0.00814364
-0.00817555
-0.00818905
-0.00820342
-0.00820684
-0.0081999
-0.00819347
-0.00818773
-0.00818844
-0.00818884
-0.00818925
-0.00821525
-0.00824638
-0.00827723
-0.008285
-0.00827081
-0.00825768
-0.00824666
-0.00825483
-0.00826208
-0.00826936
-0.0082535
-0.00823297
-0.00821268
-0.00816672
-0.00809636
-0.00802723
-0.00797578
-0.00808255
-0.0081817
-0.00828112
-0.00834934
-0.0084112
-0.00847331
-0.00849945
-0.00849139
-0.00848496
-0.00847385
-0.00842158
-0.00837131
-0.00832099
-0.00833377
-0.0083593
-0.0083842
-0.00841075
-0.00843884
-0.00846684
-0.00849162
-0.00848788
-0.00848548
-0.00848303
-0.00853077
-0.00858866
-0.00864601
-0.00862844
-0.00853956
-0.00845412
-0.00837643
-0.00836904
-0.00835836
-0.00834784
-0.00839751
-0.00845935
-0.00852056
-0.00854154
-0.00852419
-0.00850865
-0.00849243
-0.00847083
-0.00844951
-0.00842819
-0.00844757
-0.00847521
-0.00850244
-0.00852371
-0.00853928
-0.0085551
-0.00857308
-0.0086105
-0.00864699
-0.00868348
-0.0087267
-0.00877124
-0.00881569
-0.0087728
-0.00864676
-0.00852468
-0.00835308
-0.00773904
-0.00714602
-0.00655258
-0.00595186
-0.00535008
-0.00474891
-0.00433722
-0.00410605
-0.00386678
-0.00359022
-0.00297487
-0.00237568
-0.00177629
-0.000794047
0.000265512
0.00132055
0.00214658
0.00275423
0.00337134
0.00396941
0.00440542
0.00484845
0.00529076
0.00727378
0.0095696
0.011849
0.0131887
0.013632
0.0141159
0.0145729
0.0148094
0.0150558
0.0153015
0.0152433
0.0151231
0.0150059
0.0148668
0.0147072
0.0145487
0.0143926
0.0142569
0.0141204
0.0139841
0.0135455
0.0130455
0.0125487
0.0126426
0.0132997
0.0139307
0.0145344
0.0148882
0.015253
0.015617
0.0148731
0.0139031
0.0129441
0.0122177
0.0117134
0.0111996
0.0107336
0.0106884
0.0106242
0.010561
0.0103311
0.0100673
0.00980519
0.00992344
0.0104045
0.0108689
0.0112054
0.0103938
0.00963435
0.00887323
0.00877234
0.00880681
0.0088352
0.00930162
0.0101857
0.0110503
0.0117031
0.0104591
0.00930073
0.00813959
0.00824087
0.00860102
0.00894934
0.00911255
0.00909863
0.00909259
0.00903639
0.00853431
0.00805246
0.00757014
0.00765805
0.00786299
0.00806256
0.00765208
0.00665913
0.00569283
0.00487086
0.00534445
0.00576037
0.00617848
0.00569492
0.00502638
0.00436658
0.00389345
0.0035989
0.00329674
0.00296087
0.00231814
0.00168947
0.00106074
0.00034732
-0.000383057
-0.00111205
-0.00162075
-0.00191907
-0.00222635
-0.00252106
-0.00270888
-0.00290122
-0.0030932
-0.00322773
-0.00335034
-0.00347337
-0.00362585
-0.00380649
-0.00398574
-0.00416454
-0.00434002
-0.00451549
-0.00469081
-0.00481105
-0.00491986
-0.00502908
-0.00516335
-0.00532157
-0.00547862
-0.00562476
-0.00567389
-0.00572719
-0.00578026
-0.00590481
-0.00604403
-0.00618249
-0.00626136
-0.00628325
-0.0063076
-0.00634383
-0.00648762
-0.00662665
-0.00676575
-0.00681259
-0.00684033
-0.00686888
-0.00692861
-0.00701817
-0.00710636
-0.00719705
-0.00731011
-0.0074221
-0.00753405
-0.0076115
-0.00768176
-0.00775227
-0.00780705
-0.00784681
-0.00788718
-0.00793348
-0.00803334
-0.00813083
-0.00822833
-0.00825931
-0.0082765
-0.00829427
-0.0083167
-0.00834362
-0.00837033
-0.00833369
-0.00773003
-0.00715109
-0.00657159
-0.0067845
-0.00716133
-0.00753085
-0.00777754
-0.00790647
-0.0080403
-0.00816805
-0.00824418
-0.00832243
-0.00840054
-0.0084302
-0.0084498
-0.00846981
-0.00846697
-0.00844231
-0.00841859
-0.00831226
-0.0074665
-0.00665275
-0.00583834
-0.00515585
-0.00450114
-0.00384582
-0.00356687
-0.00364791
-0.00371368
-0.0038103
-0.00417766
-0.0045333
-0.00488913
-0.00438418
-0.00370086
-0.00302561
-0.00232133
-0.00158963
-0.000859699
-0.000174837
0.00011071
0.000412775
0.000713893
0.00140207
0.00217022
0.00293438
0.00294859
0.00224501
0.00157206
0.00105747
0.00196787
0.00281796
0.00366986
0.00346726
0.00304552
0.00263328
0.00293376
0.00391675
0.00487048
0.00577793
0.00626635
0.0067718
0.00727611
0.00652611
0.0055155
0.00451655
0.00438211
0.00507569
0.00573433
0.00646296
0.00780954
0.00912939
0.0104493
0.00951845
0.00811941
0.00674091
0.00665973
0.00782148
0.00893091
0.00979815
0.00848462
0.00726218
0.00603698
0.00533775
0.00474857
0.00415534
0.0035488
0.00292934
0.00231093
0.0017374
0.00156215
0.00137068
0.00118003
0.00122346
0.00131572
0.0014059
0.00185722
0.00265434
0.00343664
0.00396217
0.0021881
0.000509617
-0.00117141
-0.00122487
-0.000938482
-0.000666214
-0.000820675
-0.00138449
-0.00193114
-0.00232709
-0.00137074
-0.000470309
0.000431671
-0.000299438
-0.00137136
-0.00242855
-0.00245518
-0.00149384
-0.00057344
0.000433648
0.00220804
0.00394984
0.00569155
0.00518168
0.00420121
0.00324061
0.00293046
0.00324441
0.00353283
0.00372426
0.00303956
0.00239085
0.00174121
0.00263385
0.00384875
0.00504966
0.00525791
0.00451417
0.00380942
0.00319854
0.00343797
0.00364296
0.00384917
0.00243087
0.000673147
-0.00106951
-0.00133778
-0.000192058
0.000895954
0.00193726
0.00254648
0.00317255
0.00379743
0.00342885
0.0028522
0.00228436
0.00225335
0.00273741
0.00320048
0.00367567
0.00425473
0.00482917
0.00540335
0.00493866
0.00425631
0.00358318
0.00328579
0.00334908
0.00339796
0.00344028
0.00341913
0.00340053
0.00338183
0.00349425
0.00363413
0.0037728
0.00427137
0.00511508
0.00594441
0.00643659
0.00390929
0.00150368
-0.000904848
-0.00098216
-0.000569631
-0.000176814
0.000158689
0.000438431
0.000720155
0.00092189
0.000409705
-7.38912e-05
-0.000558234
-0.00011072
0.000532465
0.00116743
0.0013307
0.0010411
0.000769554
0.000419854
-0.000625134
-0.00164196
-0.00265909
-0.00306864
-0.00335009
-0.00363635
-0.0038474
-0.00398646
-0.00412823
-0.00427024
-0.00441618
-0.00456185
-0.00470742
-0.00477792
-0.00483257
-0.00488779
-0.00438558
-0.0033484
-0.00233292
-0.00138293
-0.00102087
-0.000636158
-0.000252625
0.000105136
0.000457245
0.0008093
0.00118033
0.00156957
0.00195779
0.00233578
0.00262415
0.00291578
0.00320705
0.00345575
0.00369532
0.00393505
0.0041886
0.00445541
0.0047215
0.00494493
0.00478766
0.00464525
0.00450237
0.00466629
0.00489485
0.00512074
0.00579255
0.00689244
0.00797495
0.00879534
0.00726853
0.00583341
0.00439587
0.00488304
0.00577639
0.0066534
0.00668712
0.00591033
0.00516531
0.0046058
0.00571444
0.00675814
0.00780354
0.00747541
0.00685721
0.00625062
0.00567413
0.00512701
0.00457918
0.00403159
0.00348254
0.00293397
0.00238579
0.00309047
0.00405971
0.0050181
0.00532677
0.00501086
0.00471903
0.00438871
0.00372007
0.00306484
0.00240959
0.00131802
0.000134737
-0.00104416
-0.00131571
-0.000715304
-0.000148507
0.000406984
0.000853165
0.00130316
0.00175266
0.00182464
0.00181662
0.00181164
0.00125584
0.000170838
-0.000893298
-0.00188676
-0.00224644
-0.00262983
-0.00301203
-0.00319511
-0.00333586
-0.00347811
-0.00360856
-0.00372774
-0.00384725
-0.00396555
-0.00407386
-0.00418247
-0.00429098
-0.00444598
-0.00461075
-0.00477503
-0.00492892
-0.00507282
-0.00521698
-0.00534919
-0.00537523
-0.00540523
-0.00543506
-0.0054667
-0.0054987
-0.00553066
-0.00558743
-0.00566807
-0.00574774
-0.00581722
-0.00579543
-0.00577707
-0.0057586
-0.00579542
-0.00584397
-0.00589205
-0.00595142
-0.00602164
-0.0060914
-0.00615671
-0.00618249
-0.00620972
-0.00623687
-0.00624054
-0.00623921
-0.00623806
-0.00629872
-0.00641881
-0.0065366
-0.00664419
-0.00666024
-0.00667967
-0.00669897
-0.00674614
-0.00679921
-0.00685202
-0.00686636
-0.00684367
-0.00682236
-0.0067129
-0.0058139
-0.00494477
-0.00407518
-0.00336578
-0.00269085
-0.00201514
-0.00154629
-0.0012764
-0.000999368
-0.00051157
0.0018685
0.00417708
0.00648658
0.00642458
0.00585771
0.00530983
0.00509896
0.00521301
0.00531503
0.00556821
0.0071722
0.00872542
0.0102794
0.00972281
0.00871696
0.00772832
0.0071424
0.00694463
0.00673278
0.00653049
0.00640795
0.00628258
0.0061574
0.00608992
0.00603479
0.00597924
0.00594604
0.00593435
0.00592187
0.00588243
0.00560102
0.00532863
0.00505611
0.00516444
0.00535394
0.00554034
0.00575596
0.0059996
0.00624203
0.00654987
0.00744473
0.00831762
0.00919068
0.00810522
0.00660233
0.00511566
0.00434901
0.00427608
0.00417807
0.00412848
0.004504
0.00486386
0.00522404
0.00479397
0.00419537
0.0036033
0.00313092
0.00277402
0.00241322
0.00205332
0.00169825
0.00134327
0.000988538
0.000784312
0.000612362
0.000439375
0.00032741
0.00027417
0.000218856
0.00011009
-0.000478594
-0.00104961
-0.00162085
-0.00193924
-0.00220339
-0.00246929
-0.00270715
-0.00291805
-0.00312977
-0.00332558
-0.00338033
-0.00344009
-0.00349962
-0.00360142
-0.0037122
-0.00382258
-0.00393084
-0.00403599
-0.00414119
-0.00424176
-0.00430155
-0.00436274
-0.00442385
-0.00439111
-0.00433831
-0.00428625
-0.00431084
-0.00444759
-0.00458026
-0.00470715
-0.00478179
-0.00485823
-0.00493455
-0.00498719
-0.00503473
-0.00508241
-0.00512595
-0.00516343
-0.00520111
-0.00524476
-0.0053423
-0.00543785
-0.00553341
-0.00556906
-0.00559184
-0.00561507
-0.00547056
-0.00508062
-0.00469963
-0.00419892
-0.00262613
-0.0010923
0.000441823
6.67728e-05
-0.000717545
-0.00148688
-0.00230175
-0.00318271
-0.00406073
-0.00486218
-0.00498155
-0.00512482
-0.00526715
-0.00541666
-0.00556762
-0.00571842
-0.0057757
-0.00569615
-0.00562145
-0.00556257
-0.00564663
-0.00572561
-0.00580472
-0.00591476
-0.00603138
-0.0061477
-0.00620477
-0.00617517
-0.00614862
-0.00613458
-0.00623351
-0.00632843
-0.00642342
-0.00644782
-0.00645703
-0.00646677
-0.00645465
-0.00641058
-0.00636764
-0.00634117
-0.00646228
-0.00657816
-0.00669415
-0.00666314
-0.00660054
-0.00653908
-0.00652279
-0.00657267
-0.00662021
-0.00666349
-0.00666809
-0.00667402
-0.00667991
-0.00590753
-0.00496816
-0.00403523
-0.00336091
-0.00306527
-0.00275673
-0.00235199
-0.0010795
0.000162125
0.00140396
0.00122976
0.000750906
0.000282903
0.000126858
0.000428015
0.000713198
0.00095946
0.000853532
0.000759808
0.000665729
0.00057401
0.000482843
0.000391719
0.000616303
0.00130318
0.00197371
0.00268555
0.00376637
0.00483378
0.00590092
0.00623424
0.00640928
0.00658964
0.00650445
0.00603072
0.00557061
0.00504904
0.00397832
0.00292712
0.00187597
0.00386687
0.00651252
0.00913398
0.0100325
0.00840724
0.00686919
0.0054907
0.00556065
0.00558117
0.00560335
0.00576678
0.0059606
0.00615326
0.00662221
0.00749587
0.00835518
0.00899893
0.00771119
0.00648996
0.0052673
0.00493408
0.00479297
0.00464543
0.00477186
0.00529926
0.00581272
0.00618839
0.00532771
0.00450948
0.00369037
0.00414423
0.00487272
0.00559143
0.00592357
0.00568914
0.00547401
0.00522286
0.00465359
0.00409545
0.0035373
0.00329225
0.00311496
0.0029355
0.00264578
0.00219434
0.00174864
0.00133763
0.00123681
0.00112563
0.00101487
0.00122005
0.00149342
0.00176432
0.00189728
0.00182809
0.00176574
0.00160805
0.000597616
-0.000383553
-0.00136505
-0.000754167
0.000200766
0.00114354
0.0012525
0.000139322
-0.000932241
-0.00192333
-0.00218631
-0.00247344
-0.00275958
-0.00276047
-0.00269964
-0.0026409
-0.00238694
-0.00184695
-0.00131686
-0.00179741
-0.0113364
-0.0205675
-0.0298026
-0.0390315
0.00281047
-0.000854197
-0.00175205
-0.000864605
-3.7061e-05
0.000666927
0.000249956
-0.000129533
-0.000510014
-0.000589468
-0.00060369
-0.000620065
-0.00040174
0.000355926
0.00109523
0.00183465
0.00143294
0.00094254
0.000455399
-0.000243699
-0.00107673
-0.00190479
-0.00219078
-0.00123097
-0.000312913
0.000605919
-0.000287679
-0.00132217
-0.00235134
-0.00223818
-0.00140175
-0.000589684
0.00011737
0.000581842
0.00105399
0.00152557
0.00252387
0.00356274
0.00459959
0.0042404
0.0029973
0.00178401
0.000697688
-9.55348e-05
-0.000897847
-0.00169934
-0.00212525
-0.00252153
-0.00291851
-0.00315988
-0.00330266
-0.00344857
-0.00359266
-0.00373292
-0.00387322
-0.00401342
-0.00409606
-0.00417414
-0.00425231
-0.00305741
-0.00105641
0.000917012
0.00221346
0.00195295
0.00174333
0.00153218
0.00100368
0.000450585
-0.000101352
0.000390638
0.00154388
0.00267489
0.00322482
0.0024379
0.0016949
0.00095095
0.00155819
0.00227124
0.00298039
0.00235431
0.000882247
-0.000561454
-0.00169625
-0.0021198
-0.0025661
-0.00301137
-0.0019924
-0.000858826
0.000270315
0.00106931
0.00165881
0.00225469
0.00289781
0.00365057
0.0043993
0.00514768
0.00482385
0.00441573
0.0040106
0.00364193
0.00329652
0.00295059
0.0027656
0.0029504
0.0031232
0.00329627
0.00318053
0.00304208
0.00290445
0.00283225
0.00280156
0.00276957
0.00321362
0.00475239
0.00625509
0.00775799
0.00756124
0.00723036
0.00690398
0.00546465
0.00332007
0.00119942
-0.000391338
-0.000763362
-0.00117409
-0.00158331
-0.00186278
-0.00213183
-0.00240103
-0.00252913
-0.00256772
-0.00260914
-0.00269871
-0.00289926
-0.00309614
-0.00329302
-0.0033634
-0.00342372
-0.00348433
-0.00355414
-0.00362977
-0.00370518
-0.00380114
-0.00394446
-0.00408618
-0.00422787
-0.00431897
-0.00440602
-0.00449314
-0.00454504
-0.0045746
-0.00460485
-0.00462919
-0.00463999
-0.00465121
-0.00466241
-0.00470846
-0.00475725
-0.00480592
-0.00488501
-0.00498338
-0.00508109
-0.00515835
-0.00518862
-0.00522036
-0.00525203
-0.00530353
-0.00535659
-0.00540956
-0.00546135
-0.00551238
-0.00556341
-0.0055981
-0.00559525
-0.00559358
-0.00559187
-0.00562188
-0.0056544
-0.00568681
-0.00574662
-0.00582378
-0.00590035
-0.00595404
-0.0059551
-0.00595781
-0.00596047
-0.00595983
-0.00595893
-0.00595805
-0.00596456
-0.00597576
-0.00598681
-0.00600823
-0.00605349
-0.00609798
-0.00614246
-0.00611752
-0.00608706
-0.0060568
-0.00611163
-0.0062205
-0.00632761
-0.00639025
-0.00635056
-0.00631409
-0.00627754
-0.00632579
-0.0063808
-0.00643556
-0.00644391
-0.00642281
-0.00640263
-0.00641166
-0.00648797
-0.00656213
-0.00663632
-0.00659326
-0.00654084
-0.00648874
-0.0064874
-0.00651831
-0.0065482
-0.00655649
-0.00651503
-0.00647515
-0.00643523
-0.00646769
-0.00650593
-0.00654396
-0.00659041
-0.00664219
-0.00669377
-0.0067223
-0.00669783
-0.00667501
-0.00665215
-0.00663628
-0.00662022
-0.00660416
-0.00661699
-0.00664817
-0.00667876
-0.00668379
-0.00662997
-0.00657801
-0.00652601
-0.0065129
-0.00650292
-0.00649285
-0.00651741
-0.00656398
-0.00660985
-0.00663334
-0.00660531
-0.00657888
-0.00655242
-0.00651609
-0.00647899
-0.00644194
-0.00643943
-0.00645887
-0.00647763
-0.00644735
-0.00630415
-0.00616449
-0.0060248
-0.00605137
-0.0060913
-0.00613079
-0.00606591
-0.00593469
-0.00580557
-0.00574465
-0.00584073
-0.00593197
-0.0060233
-0.00589033
-0.00573936
-0.00558903
-0.00550353
-0.00545927
-0.00541379
-0.00537472
-0.00535032
-0.00532549
-0.00530069
-0.00525694
-0.0052138
-0.00517067
-0.00523218
-0.0053602
-0.00548612
-0.00558332
-0.00561434
