0
0.0178271
0.016004
0.0158173
0.015495
0.0155533
0.0156209
0.0156876
0.0155387
0.0151922
0.0148627
0.0145804
0.0144866
0.0143775
0.0142698
0.0142782
0.01429
0.0143014
0.0142001
0.0139954
0.0137995
0.0136375
0.0136098
0.0135712
0.0135336
0.0134167
0.0132978
0.0131792
0.0131194
0.0131136
0.0131034
0.0130522
0.0128392
0.0126396
0.0124393
0.0125277
0.0126246
0.0127207
0.0126887
0.0125392
0.0123994
0.0122239
0.011911
0.0116096
0.0113079
0.0114253
0.0115554
0.0116843
0.0117765
0.0118349
0.0118959
0.0119004
0.0116848
0.0114872
0.0112884
0.0107959
0.0102949
0.00979545
0.0095596
0.00956593
0.00955302
0.00958156
0.0097662
0.00993819
0.0101109
0.00978642
0.00944654
0.00910842
0.00910105
0.00939773
0.00967
0.0098422
0.00961604
0.00942154
0.00922485
0.00919392
0.00916839
0.00914248
0.00917087
0.00924914
0.00932339
0.0094655
0.0098725
0.0102582
0.010645
0.0107479
0.0108414
0.0109354
0.0109532
0.010901
0.0108543
0.0107866
0.0106381
0.0104961
0.0103537
0.0106713
0.011004
0.0113349
0.0114352
0.0113231
0.0112274
0.0111563
0.0111857
0.0112075
0.0112297
0.0110726
0.0109095
0.0107471
0.010514
0.0102159
0.0099232
0.0097045
0.00977613
0.00982555
0.00987657
0.00949095
0.00909064
0.00869205
0.00873244
0.00917764
0.00959151
0.00982498
0.00934374
0.00891724
0.00848726
0.0083759
0.00827595
0.00817529
0.00793182
0.00755654
0.00719175
0.00681442
0.00638945
0.0059687
0.00554826
0.00519182
0.00483816
0.00448482
0.00423614
0.00408408
0.00392503
0.0037446
0.00347751
0.00321728
0.00295692
0.00309988
0.00325739
0.00341359
0.00329349
0.00291807
0.00256213
0.00220212
0.0018304
0.0014601
0.00109024
0.00130766
0.00154661
0.00178361
0.00171412
0.0013612
0.00102964
0.00074376
0.000641835
0.000526563
0.000412438
0.000181396
-5.37395e-05
-0.000288231
-0.000402191
-0.000404641
-0.000415226
-0.000426529
-0.000443064
-0.000459193
-0.000475329
-0.000567979
-0.000663432
-0.000758543
-0.000842998
-0.000917569
-0.000992747
-0.00108533
-0.00124668
-0.00140283
-0.00155913
-0.0017566
-0.00195541
-0.00215384
-0.00230722
-0.00241887
-0.00253336
-0.00264879
-0.00276922
-0.00288911
-0.00300886
-0.00306239
-0.00311324
-0.00316422
-0.00327992
-0.00345558
-0.00362672
-0.00377803
-0.003851
-0.00392945
-0.00400739
-0.00425443
-0.00450787
-0.00476049
-0.00492442
-0.00500607
-0.00509344
-0.00517341
-0.00522632
-0.00528107
-0.00533561
-0.00545392
-0.00557465
-0.00569503
-0.00579592
-0.00587868
-0.00596261
-0.00606383
-0.00623358
-0.00639828
-0.0065631
-0.0066746
-0.00678379
-0.00689299
-0.00696674
-0.0070076
-0.0070507
-0.00711984
-0.00729203
-0.00745679
-0.00762183
-0.00740736
-0.0071775
-0.00694903
-0.00692683
-0.00709624
-0.00725211
-0.00739356
-0.00747529
-0.00756104
-0.0076464
-0.0076595
-0.00766957
-0.00767984
-0.00776252
-0.00791249
-0.00805761
-0.00810262
-0.00775376
-0.00743249
-0.00710976
-0.00730596
-0.00752381
-0.00773988
-0.00790843
-0.00803269
-0.00815981
-0.00828366
-0.00839596
-0.0085089
-0.00862163
-0.008655
-0.00868494
-0.00871507
-0.00845054
-0.00791202
-0.00739287
-0.00700248
-0.007121
-0.00720481
-0.00729086
-0.00725564
-0.00721525
-0.00717526
-0.00719316
-0.00726495
-0.00733299
-0.0074071
-0.00750427
-0.00759975
-0.00769522
-0.0076446
-0.00756741
-0.00749211
-0.00748908
-0.00755345
-0.00761321
-0.00767081
-0.00771898
-0.00776771
-0.00781634
-0.00779981
-0.0077714
-0.00774381
-0.00773947
-0.00775684
-0.00777273
-0.0077823
-0.00776669
-0.00775278
-0.00773877
-0.007971
-0.00824809
-0.00852183
-0.00870098
-0.00879178
-0.00888832
-0.00897903
-0.00904879
-0.00911985
-0.00919072
-0.00846341
-0.00759032
-0.00672798
-0.00616552
-0.00588329
-0.00558299
-0.00534182
-0.0053271
-0.00529754
-0.00526898
-0.00519523
-0.00511326
-0.00503193
-0.00490803
-0.00474446
-0.0045837
-0.00437016
-0.00394929
-0.00354249
-0.0031353
-0.00262662
-0.00209971
-0.00157467
-0.0011024
-0.0006795
-0.000253942
0.000104101
0.000199072
0.000310968
0.000421624
0.000702971
0.00101557
0.00132575
0.00164058
0.00195959
0.00227792
0.00254344
0.00260239
0.00267457
0.0027458
0.00302
0.00333151
0.00364022
0.00379604
0.00380888
0.00383087
0.00384644
0.00383921
0.00383346
0.00382761
0.003879
0.00394097
0.00400219
0.00427789
0.00475395
0.00521664
0.00559019
0.00561151
0.00565521
0.00569742
0.00588708
0.00610396
0.00631885
0.00628875
0.00602951
0.0057851
0.00556799
0.00546106
0.00534732
0.00523414
0.00525743
0.00530614
0.00535319
0.00536499
0.0053437
0.00532453
0.00528168
0.00514619
0.00501669
0.00488697
0.00474808
0.00460761
0.00446741
0.00429798
0.00410122
0.00390641
0.00366699
0.00325187
0.00284823
0.00244438
0.00226179
0.0021208
0.0019774
0.00180229
0.00159735
0.00139452
0.0011876
0.000964331
0.000742353
0.000520571
0.000236315
-5.93971e-05
-0.000354035
-0.000534131
-0.000606904
-0.000686212
-0.000762347
-0.000827902
-0.000894028
-0.000960038
-0.001335
-0.00176772
-0.00219635
-0.00241716
-0.00244305
-0.00248086
-0.00253172
-0.00263699
-0.00273879
-0.00284069
-0.00297032
-0.00310505
-0.00323931
-0.00336234
-0.00347481
-0.00358778
-0.0036841
-0.0037154
-0.00375061
-0.00378555
-0.00385383
-0.00392835
-0.00400239
-0.00406443
-0.00411517
-0.00416653
-0.00423171
-0.00435161
-0.00446806
-0.00458457
-0.00479481
-0.0050226
-0.00524905
-0.00540403
-0.00549189
-0.00558369
-0.00566074
-0.00568101
-0.00570467
-0.0057281
-0.00572163
-0.00570949
-0.0056977
-0.00574223
-0.00583961
-0.00593371
-0.00600159
-0.0059658
-0.00593624
-0.00590635
-0.00589754
-0.00589274
-0.00588771
-0.00580414
-0.00564683
-0.0054941
-0.00536776
-0.00534585
-0.00531777
-0.00529008
-0.00529486
-0.00530581
-0.00531639
-0.00535659
-0.0054246
-0.00549088
-0.00554528
-0.00555269
-0.00556287
-0.00557288
-0.00560753
-0.00564685
-0.00568585
-0.00575426
-0.0058503
-0.00594459
-0.00602167
-0.00603089
-0.00604408
-0.00605702
-0.00598364
-0.00589384
-0.00580512
-0.00580248
-0.0058808
-0.0059543
-0.00601995
-0.00605383
-0.00608952
-0.00612507
-0.00616159
-0.00619825
-0.00623486
-0.00622116
-0.00616017
-0.00610199
-0.00611618
-0.00641583
-0.00669856
-0.00698195
-0.00701234
-0.00699422
-0.00697894
-0.00693457
-0.00686302
-0.00679313
-0.00659925
-0.00591719
-0.00526409
-0.00461007
-0.00439707
-0.00426891
-0.00413601
-0.00403928
-0.0039763
-0.00391146
-0.00386712
-0.0039029
-0.00393404
-0.00396542
-0.00429212
-0.00467534
-0.00505488
-0.00533019
-0.00550718
-0.00568959
-0.00573495
-0.00524225
-0.0047808
-0.0043181
-0.00379449
-0.00325958
-0.00272591
-0.00259269
-0.00283653
-0.00305866
-0.0032737
-0.00345661
-0.00364113
-0.00382535
-0.00404024
-0.00426087
-0.00448092
-0.0044548
-0.0041968
-0.0039522
-0.00362692
-0.00298595
-0.00236351
-0.00174072
-0.00141687
-0.00115107
-0.000882303
-0.000900332
-0.00118839
-0.00146095
-0.00169604
-0.00178092
-0.00187414
-0.00196678
-0.00190013
-0.0018027
-0.00170709
-0.00152249
-0.00125411
-0.000990719
-0.000686569
-1.8297e-05
0.000628922
0.00127659
0.00117396
0.000925934
0.000686274
0.000599809
0.000658234
0.000708544
0.000770685
0.000934972
0.00109341
0.001252
0.00141712
0.00158337
0.00174938
0.00222578
0.00299488
0.00374697
0.00441121
0.0042885
0.00420933
0.00412785
0.00425495
0.00442249
0.00458762
0.00452199
0.00423853
0.00396735
0.00371574
0.00364269
0.00355992
0.00347778
0.00343422
0.00339821
0.00336183
0.00350545
0.0038189
0.00412274
0.00441649
0.00461803
0.00482439
0.00503027
0.00485414
0.00460361
0.00435741
0.00419503
0.00411201
0.00402478
0.00391554
0.00360677
0.00330916
0.00301127
0.00278731
0.00257796
0.00236805
0.00251575
0.0030011
0.00346768
0.0038734
0.00372996
0.00361631
0.00350117
0.00325686
0.00298744
0.00271966
0.00234145
0.001859
0.00138267
0.000947022
0.000873892
0.00078138
0.000690008
0.00135519
0.00216815
0.00297232
0.00330701
0.00319764
0.00311212
0.00296345
0.0022608
0.00158847
0.000915241
0.000491022
0.00011601
-0.000261225
-0.00050368
-0.000618862
-0.000740692
-0.000780265
-8.86036e-05
0.00056349
0.00121699
0.00145304
0.00160685
0.00176486
0.00159133
0.00110454
0.000634849
0.000160045
-0.000356298
-0.000869902
-0.00138311
-0.00161307
-0.00178709
-0.00196387
-0.00188576
-0.00156673
-0.00126072
-0.000934234
-0.000428332
6.76095e-05
0.000563554
1.80161e-05
-0.00073241
-0.00147131
-0.00194963
-0.00218085
-0.00242476
-0.00265696
-0.00279241
-0.00293277
-0.00307273
-0.00299988
-0.00288508
-0.00277259
-0.00249467
-0.00206031
-0.00163456
-0.00129263
-0.00170075
-0.00206945
-0.00243981
-0.00282104
-0.00320413
-0.00358673
-0.00384709
-0.00399169
-0.00414214
-0.00426688
-0.00416568
-0.00407627
-0.00398634
-0.00341043
-0.00273875
-0.00207271
-0.00198039
-0.0024316
-0.00285433
-0.0032643
-0.00355047
-0.00384272
-0.00413435
-0.00430481
-0.00445112
-0.00459851
-0.00459769
-0.00445654
-0.00432273
-0.0041558
-0.00369494
-0.00324961
-0.00280394
-0.00285972
-0.00301498
-0.00316499
-0.00342093
-0.00377696
-0.00412751
-0.00445593
-0.00458674
-0.00472748
-0.00486757
-0.00486814
-0.00484098
-0.00481525
-0.00460227
-0.00421192
-0.00383097
-0.00347025
-0.00329163
-0.00310395
-0.00291693
-0.00320509
-0.00358761
-0.00396497
-0.00424416
-0.00443003
-0.00462043
-0.00480199
-0.00490813
-0.00501797
-0.00512751
-0.00507941
-0.00499993
-0.00492211
-0.00451036
-0.00378204
-0.00307035
-0.00244335
-0.00257552
-0.00266947
-0.00276524
-0.00311115
-0.00350672
-0.00389942
-0.00421806
-0.00446632
-0.00471785
-0.00494857
-0.00499663
-0.00505376
-0.00511039
-0.0252271
-0.0493364
-0.0590472
-7.10177e-05
-0.00266401
-0.00219127
-0.00191246
-0.00199314
-0.00205588
-0.00211946
-0.00234654
-0.00260618
-0.00286395
-0.00299076
-0.00299319
-0.00300178
-0.00298865
-0.002784
-0.00258902
-0.00239376
-0.00174977
-0.00101638
-0.000288135
-7.19265e-05
-0.00034202
-0.000587891
-0.000817744
-0.000895507
-0.000980675
-0.0010654
-0.00135734
-0.00169061
-0.00202152
-0.00220063
-0.00223548
-0.00227737
-0.00227165
-0.00184343
-0.00143631
-0.00102855
-0.000674572
-0.000331639
1.14983e-05
0.000161589
0.000128348
0.000104082
6.24801e-05
-0.000130455
-0.00031583
-0.000501393
-0.000715079
-0.000934264
-0.00115297
-0.00139955
-0.00167258
-0.00194407
-0.00215124
-0.00178451
-0.00144595
-0.00110636
-0.000625089
-0.000115652
0.00039193
0.000752621
0.000973644
0.0012012
0.00139675
0.00131059
0.0012381
0.00116502
0.00119135
0.00123768
0.001283
0.00131346
0.00132976
0.00134672
0.00138203
0.00158198
0.00177384
0.0019659
0.00225078
0.00255418
0.00285641
0.00302484
0.00306601
0.00311323
0.00315665
0.003169
0.00318283
0.00319656
0.00322302
0.00325203
0.00328089
0.0033387
0.00342403
0.00350797
0.00359938
0.00375767
0.00391262
0.00406759
0.00407154
0.00404495
0.00401985
0.00402296
0.00405298
0.00408169
0.00409159
0.00393279
0.00378213
0.00363122
0.00355268
0.00348884
0.00342436
0.00343176
0.00350752
0.00357998
0.00363891
0.00357587
0.00351863
0.00346118
0.00302731
0.00251749
0.00201172
0.0015838
0.00123015
0.000873355
0.000632371
0.0014237
0.00216588
0.00290967
0.00320191
0.00340237
0.00360693
0.00359403
0.00337433
0.00316449
0.00291141
0.00227393
0.00165498
0.00103574
0.000654438
0.000321707
-1.29754e-05
-0.000227777
-0.000328534
-0.000434502
-0.000423113
0.000635471
0.00164443
0.00265476
0.00305325
0.0033271
0.00360648
0.0035512
0.00317749
0.00281886
0.00241877
0.00165125
0.00090143
0.000151481
-0.000149872
-0.000359735
-0.000573626
-0.000782489
-0.000986747
-0.00119103
-0.00137274
-0.00135398
-0.00134446
-0.00133452
-0.000762853
-7.7154e-05
0.000602677
0.00110492
0.00143771
0.00177796
0.00207724
0.00201535
0.00197007
0.00192406
0.00183486
0.00173691
0.00163945
0.00141247
0.00106211
0.000717697
0.000354258
-0.000179534
-0.00070507
-0.0012305
-0.00144843
-0.00160344
-0.00176117
-0.00189546
-0.00200752
-0.0021205
-0.00218482
-0.00181485
-0.00146493
-0.00111441
-8.47953e-05
0.00108289
0.00224326
0.00281295
0.00281917
0.00285089
0.00287453
0.00283654
0.00280138
0.00276611
0.00279327
0.00283318
0.00287247
0.00295821
0.00308821
0.0032161
0.00333291
0.0033507
0.00337293
0.00339494
0.00337227
0.00334046
0.0033091
0.0032914
0.00328676
0.00328153
0.00331504
0.00369492
0.00405894
0.00442334
0.00453468
0.00459408
0.00465575
0.00473599
0.00483407
0.00493126
0.0050079
0.00490088
0.00480214
0.00470312
0.00440767
0.00407211
0.00373865
0.00366822
0.00384889
0.00401823
0.00416262
0.00408035
0.00400822
0.0039357
0.00379338
0.00363682
0.00348103
0.00345081
0.00354045
0.00362472
0.00370419
0.00373923
0.0037762
0.00381305
0.00373429
0.00363181
0.00353046
0.00331527
0.00299146
0.00267271
0.00230432
0.00149125
0.000698465
-9.45154e-05
0.000318404
0.000979144
0.00162842
0.00207269
0.00232073
0.00257715
0.00281838
0.00292874
0.00304474
0.00316039
0.00312211
0.00305217
0.00298366
0.00240714
0.00134552
0.000306012
-0.000656555
-0.000928937
-0.00123118
-0.00153186
-0.00171192
-0.00186699
-0.00202302
-0.00214702
-0.00224048
-0.00233519
-0.00233036
-0.00143574
-0.000580531
0.000275648
0.000525244
0.000649544
0.000779168
0.000405644
-0.000448352
-0.00128081
-0.0020512
-0.0022634
-0.00249955
-0.00273446
-0.00283204
-0.00290119
-0.0029715
-0.00308311
-0.00323424
-0.00338353
-0.00352346
-0.00357986
-0.00363981
-0.00369956
-0.00372902
-0.00375221
-0.00377564
-0.00379803
-0.00381944
-0.00384086
-0.00386936
-0.00396134
-0.00405052
-0.00413974
-0.00420293
-0.00426069
-0.00431863
-0.0043819
-0.00445025
-0.00451833
-0.00458153
-0.00460146
-0.00462322
-0.00464488
-0.00468411
-0.00472694
-0.00476958
-0.00480024
-0.00481943
-0.00483909
-0.00485788
-0.00486919
-0.0048808
-0.0048924
-0.00486795
-0.00483605
-0.0048045
-0.00480834
-0.00484603
-0.00488226
-0.00491287
-0.00489281
-0.00487492
-0.00485695
-0.0048103
-0.00475773
-0.00470545
-0.00471545
-0.00478505
-0.00485207
-0.00491962
-0.00499135
-0.00506284
-0.00513429
-0.0051822
-0.00522519
-0.00526835
-0.00529346
-0.00530131
-0.00530987
-0.00531143
-0.00525062
-0.00519247
-0.00513426
-0.00514725
-0.00517503
-0.00520217
-0.00517898
-0.00510761
-0.00503831
-0.00499438
-0.00517782
-0.0053516
-0.00552565
-0.00558516
-0.00562082
-0.00565744
-0.00566028
-0.00563083
-0.00560275
-0.00557455
-0.00554565
-0.0055168
-0.00548798
-0.00544909
-0.00540814
-0.00536731
-0.00537962
-0.00544281
-0.00550383
-0.0055485
-0.00544635
-0.00535037
-0.00525422
-0.00526355
-0.00529485
-0.00532522
-0.00533077
-0.00531253
-0.00529529
-0.00527685
-0.00524791
-0.00521942
-0.00519094
-0.00521946
-0.00525985
-0.00529972
-0.00520508
-0.00498162
-0.00476364
-0.00455428
-0.0044227
-0.00428804
-0.00415362
-0.0038849
-0.00358832
-0.00329312
-0.00292721
-0.00249363
-0.00206317
-0.00167975
-0.00171586
-0.00173477
-0.00175436
-0.00159842
-0.00140592
-0.00121507
-0.000566464
0.000520583
0.00158885
0.00257766
0.00285513
0.00316138
0.0034662
0.00369578
0.00390949
0.00412367
0.00423145
0.0042373
0.0042473
0.0042622
0.00432264
0.00438118
0.00443974
0.00451006
0.0045828
0.00465538
0.00469161
0.00469301
0.00469582
0.00471035
0.00483044
0.00494617
0.00506198
0.00515418
0.00524139
0.00532873
0.00536418
0.00534991
0.00533766
0.005322
0.00527653
0.0052323
0.00518806
0.00521995
0.00526776
0.00531489
0.00531989
0.00528447
0.00525069
0.00521836
0.00519933
0.00517977
0.00516025
0.00515046
0.00514272
0.00513491
0.00521019
0.00536516
0.00551682
0.00563298
0.00543109
0.00524207
0.00505269
0.00507057
0.00513192
0.00519149
0.00521496
0.00520374
0.00519391
0.00517846
0.00511307
0.00504973
0.00498636
0.00492689
0.00486828
0.00480968
0.00478879
0.00480407
0.00481789
0.00482797
0.00480403
0.00478145
0.00475884
0.00428597
0.00371876
0.00315574
0.00285405
0.00280321
0.0027425
0.00270215
0.00284031
0.00297132
0.0031025
0.00328712
0.00348287
0.00367804
0.0037281
0.00363894
0.00355533
0.00349361
0.00362937
0.00375726
0.00388536
0.00366471
0.00337081
0.00308002
0.00261022
0.00196878
0.00133457
0.000879016
0.0020222
0.00310187
0.00418317
0.00422176
0.00404077
0.0038685
0.00378832
0.00379687
0.00380195
0.00381226
0.00386833
0.00392257
0.00397683
0.00367569
0.00329982
0.00292716
0.00243436
0.00182635
0.00122329
0.000730944
0.00122815
0.0016865
0.00214602
0.00232363
0.0024417
0.002562
0.00234883
0.00181562
0.00129523
0.000844376
0.0010176
0.00116653
0.00131629
0.00122019
0.00107227
0.000926472
0.000760761
0.000576015
0.000392146
0.000302074
0.00105132
0.00176761
0.00248463
0.0026639
0.00272951
0.00279944
0.00282392
0.00280492
0.0027876
0.00277112
0.00276253
0.00275365
0.00274479
0.00266428
0.00256867
0.00247371
0.00241012
0.00237669
0.00234212
0.00232389
0.00245131
0.00257307
0.00269494
0.00280003
0.00290152
0.00300306
0.0030378
0.00300836
0.00298139
0.00294017
0.00277188
0.00260857
0.00244519
0.00267536
0.00298869
0.00329861
0.00343972
0.0034185
0.00340347
0.00337953
0.00327784
0.00317918
0.00308047
0.00297357
0.00286499
0.00275655
0.00267436
0.00261739
0.00255951
0.00251576
0.0025979
0.00267521
0.00275265
0.00260089
0.00240064
0.00220238
0.00182671
0.00128062
0.000741363
0.000226396
-7.19274e-05
-0.000378192
-0.000683927
-5.99296e-05
0.000760885
0.00157367
0.00167718
0.00109858
0.00054606
6.90138e-05
0.000273599
0.000452434
0.000632101
0.000616935
0.00056044
0.000505537
0.000426096
0.000323123
0.000221109
0.000126302
9.57802e-05
6.28761e-05
3.00857e-05
0.000189442
0.000389513
0.000587914
0.000502591
0.000144392
-0.000203359
-0.000487907
-0.000204818
5.69039e-05
0.000319226
0.000100094
-0.000221214
-0.000538481
-0.000423541
0.0001072
0.00062209
0.00104928
0.000688569
0.00035738
2.5342e-05
-0.000262341
-0.000540441
-0.00081869
-0.000902799
-0.000800183
-0.000704559
-0.000597227
-0.000386771
-0.000180286
2.6193e-05
2.28071e-05
-2.52296e-05
-7.15813e-05
-0.000170473
-0.000319844
-0.000467242
-0.000602101
-0.000624841
-0.000651696
-0.00067838
-0.000424678
-0.000111419
0.000199418
0.000201303
-9.41476e-05
-0.00037845
-0.000583551
-7.70598e-05
0.000402927
0.000883534
0.00123477
0.00155826
0.00188252
0.0017687
0.00123335
0.000713828
0.000239192
0.000168852
8.37697e-05
-7.1078e-07
4.69188e-05
0.00012269
0.000197379
0.000237612
0.000244647
0.000252888
0.000324564
0.000965025
0.00158428
0.00220386
0.00247325
0.0026678
0.00286493
0.00303526
0.00317988
0.00332534
0.00344105
0.00329135
0.00315139
0.00301119
0.00294413
0.00289272
0.00284077
0.00278753
0.00273302
0.00267859
0.00262919
0.00262454
0.00261827
0.00261207
0.00263305
0.00265982
0.00268637
0.00267636
0.00263114
0.00258723
0.00254929
0.00256504
0.00257885
0.00259271
0.00264238
0.00269968
0.00275666
0.00277091
0.002744
0.00271859
0.00269982
0.00274092
0.00277984
0.0028188
0.00274893
0.00265582
0.00256361
0.00245437
0.00232875
0.00220381
0.00208256
0.0019939
0.00190414
0.00181448
0.00156037
0.0012712
0.000983499
0.000645556
0.000234088
-0.000174461
-0.000468036
0.000267199
0.000965206
0.00166404
0.00159372
0.00135877
0.00112985
0.000981328
0.000950666
0.000915832
0.000918902
0.00126008
0.00158899
0.0019181
0.00140058
0.000701965
1.02757e-05
-0.000207665
0.000267746
0.000718233
0.00109495
0.000805242
0.000539347
0.000272797
0.000132882
2.0181e-05
-9.34034e-05
-3.04258e-05
0.000290848
0.000602768
0.000843295
0.000442876
6.53641e-05
-0.00031269
-0.000455504
-0.000547793
-0.000641799
-0.000626239
-0.000450448
-0.000280423
-0.000142527
-0.000293406
-0.000434021
-0.000574899
-0.000533593
-0.000453215
-0.000374266
-9.08943e-05
0.000491637
0.00106326
0.00151827
0.000928025
0.00037483
-0.000179277
-0.000200264
-0.000106775
-1.73578e-05
0.000301436
0.000955808
0.00159799
0.00209218
0.00125996
0.00047465
-0.000311749
0.00010585
0.000781895
0.00144845
0.00172893
0.00144393
0.00117883
0.000881354
0.000298428
-0.000274156
-0.000846703
-0.000247676
0.00060289
0.00144412
0.00196924
0.00203136
0.00210952
0.00218149
0.00220347
0.00222717
0.00225079
0.00212293
0.00196255
0.0018034
0.00170991
0.00171255
0.00171187
0.00172063
0.00181299
0.00190239
0.00199184
0.00199125
0.00197129
0.001952
0.00200986
0.00218069
0.0023475
0.00249523
0.00247153
0.00245374
0.00243577
0.00240042
0.00236134
0.00232241
0.00201876
0.00132744
0.000649919
1.69428e-05
-0.00021628
-0.000463065
-0.000709215
-0.000163836
0.000551803
0.00126111
0.001724
0.0018259
0.00194009
0.00203604
0.00197295
0.00191534
0.00185758
0.00183343
0.00181655
0.00179942
0.00178914
0.00178888
0.00178828
0.00172225
0.00106969
0.000437574
-0.000194808
-0.000407323
-0.000529174
-0.000654028
-0.000476612
0.000143371
0.000747879
0.00127605
0.00111861
0.000984575
0.000849835
0.000385313
-0.000150146
-0.000682834
-0.000756078
-0.00015632
0.000420217
0.000894156
0.000444605
2.66305e-05
-0.00039213
-0.000351308
-0.000211282
-7.47058e-05
-2.53156e-05
-0.000103783
-0.000177879
-0.000238972
-0.000182607
-0.000130244
-7.77807e-05
-1.31404e-05
5.40988e-05
0.000121205
0.00037044
0.000886533
0.00139329
0.00179915
0.00130057
0.000832752
0.000364209
-3.56643e-05
-0.0004205
-0.000805582
-0.00105114
-0.00109238
-0.00114046
-0.00115778
-0.000901744
-0.000655045
-0.000408198
-0.000603422
-0.000894148
-0.00118148
-0.0011758
-0.000740671
-0.000320193
1.30644e-06
-0.00056648
-0.00110418
-0.00164252
-0.00117593
-0.000492136
0.00018395
0.000337854
-0.000273653
-0.000859239
-0.00248985
-0.0134824
-0.0241558
-0.0348328
-0.0455025
0.000885809
-0.000853359
-0.00079124
-0.000488903
-0.000194748
3.7086e-05
-0.000290556
-0.000599411
-0.000908685
-0.00116295
-0.00140517
-0.00164764
-0.00163721
-0.00104566
-0.000473743
9.84441e-05
2.48425e-05
-9.90354e-05
-0.000221169
-2.83279e-05
0.000363875
0.000749232
0.000926194
0.000623889
0.000337601
5.09735e-05
-0.000348764
-0.000757094
-0.00116487
-0.0013795
-0.00147179
-0.00156804
-0.00150348
-0.0010696
-0.000648147
-0.000226565
-0.000183392
-0.000169813
-0.000155271
-0.000266759
-0.000458001
-0.000646501
-0.000856985
-0.00111797
-0.00137713
-0.00163617
-0.00106774
-0.000434884
0.000195446
0.0006838
0.00108208
0.00148305
0.00175594
0.00173491
0.00172349
0.00171177
0.00123927
0.00073094
0.00022411
-0.000201169
-0.000574669
-0.000949613
-0.00122192
-0.00125865
-0.00130302
-0.00134713
-0.000483371
0.000451118
0.0013827
0.00180586
0.00190678
0.0020181
0.00208787
0.00206295
0.00204113
0.00201922
0.00202062
0.00202385
0.00202702
0.0020685
0.00213424
0.00219915
0.00224087
0.00222928
0.00221941
0.0022095
0.00226548
0.00232662
0.00238756
0.00237679
0.00232058
0.00226587
0.00223187
0.00224553
0.00225765
0.00226981
0.00219616
0.00211579
0.00203569
0.00196618
0.00190339
0.00184043
0.00162364
0.00105302
0.000494142
-6.47533e-05
-0.000291092
-0.00049107
-0.000691765
-0.000385085
0.000243155
0.000860675
0.00118783
0.000846918
0.000527633
0.000207861
-4.55577e-05
-0.000293592
-0.000541641
-0.000272875
0.000323512
0.00090904
0.00134281
0.00142721
0.00152272
0.00161782
0.00153357
0.00143518
0.0013373
0.0013427
0.00141361
0.00148238
0.00133741
0.000700707
8.00718e-05
-0.00054068
-0.0007497
-0.000925999
-0.00110323
-0.00081955
-0.00024363
0.000322638
0.000744113
0.000832299
0.000931009
0.00102932
0.000911452
0.000776505
0.000642184
0.000268195
-0.000257736
-0.000778522
-0.00116615
-0.00124755
-0.00133858
-0.00142926
-0.000988549
-0.000505901
-2.48842e-05
0.000202541
0.000268994
0.000340487
0.000311416
5.14363e-05
-0.000201095
-0.000453702
-0.000847381
-0.00125205
-0.00165613
-0.00166082
-0.00141208
-0.00117147
-0.000913228
-0.000614827
-0.000317876
-2.10658e-05
-0.000417197
-0.000868258
-0.00131731
-0.00160802
-0.00179812
-0.00199127
-0.00200503
-0.00160646
-0.00122107
-0.000835507
-0.000602553
-0.000381889
-0.000160978
-0.000329459
-0.000745065
-0.00115268
-0.00149588
-0.00169063
-0.0018899
-0.0020889
-0.00187264
-0.00162336
-0.00137528
-0.00146768
-0.00177626
-0.0020779
-0.00219721
-0.00189677
-0.00160959
-0.00132217
-0.00162633
-0.00197758
-0.00232715
-0.00248596
-0.00252359
-0.00256497
-0.00247256
-0.00207264
-0.00168252
-0.00129233
-0.00169388
-0.00215852
-0.00262092
-0.00277133
-0.00272354
-0.00268192
-0.0025544
-0.00222965
-0.0019112
-0.00159276
-0.00183939
-0.00213113
-0.00242129
-0.00263714
-0.0028057
-0.00297562
-0.00299407
-0.00266419
-0.00234527
-0.0020262
-0.00209983
-0.0021613
-0.00222312
-0.00238522
-0.00261101
-0.0028347
-0.00300276
-0.00304283
-0.00308682
-0.00313066
-0.0027346
-0.00230345
-0.00187365
-0.00192501
-0.00228208
-0.00262955
-0.00290623
-0.00301958
-0.00313788
-0.00325595
-0.00318166
-0.00309195
-0.00300277
-0.00288912
-0.00275997
-0.00263136
-0.00262899
-0.00291707
-0.00319609
-0.00347521
-0.00346364
-0.00342867
-0.00339445
-0.00334468
-0.00328505
-0.00322576
-0.00317403
-0.00313965
-0.00310477
-0.00306993
-0.00320035
-0.00334401
-0.00348718
-0.00357659
-0.0036318
-0.00368802
-0.00372758
-0.00372893
-0.00373144
-0.00373391
-0.00373985
-0.00374568
-0.00375151
-0.00377953
-0.00382167
-0.00386335
-0.00389232
-0.00389205
