0.42082 0.411271 0.43245 0.419797 0.426233 0.420598 0.425643 0.425821 0.426442 0.422053 0.421425 0.424466 0.429472 0.435678 0.428556 0.434056 0.422175 0.430613 0.423837 0.435883 0.42853 0.424257 0.419076 0.438539 0.4206 0.428739 0.429755 0.410943 0.410094 0.430189 0.417892 0.418222 0.432148 0.401801 0.406034 0.425034 0.412999 0.42684 0.403815 0.430827 0.422003 0.412962 0.417621 0.419417 0.41495 0.427826 0.42533 0.402218 0.433067 0.442065 0.421888 0.431397 0.416539 0.425917 0.417863 0.421366 0.423232 0.438202 0.417955 0.428268 
0.425134 0.41546 0.430584 0.418912 0.427114 0.422663 0.420941 0.421391 0.423518 0.429052 0.428449 0.428751 0.429056 0.430507 0.431459 0.416566 0.423475 0.427041 0.420104 0.438286 0.422951 0.414817 0.418164 0.436915 0.425161 0.420257 0.430322 0.414 0.403178 0.422457 0.416966 0.424504 0.42927 0.403315 0.417473 0.423629 0.421717 0.420537 0.400461 0.431901 0.421472 0.41302 0.424408 0.420626 0.413577 0.428304 0.422897 0.401267 0.424857 0.431323 0.419204 0.433027 0.420115 0.420731 0.424092 0.417953 0.425634 0.434415 0.429219 0.431147 
0.42381 0.415342 0.433986 0.422247 0.434267 0.423498 0.422284 0.430234 0.422542 0.424435 0.420473 0.421577 0.430358 0.43471 0.428114 0.424899 0.422719 0.423463 0.42197 0.441912 0.422679 0.419926 0.420469 0.438519 0.430978 0.42557 0.431143 0.411564 0.404941 0.430604 0.42771 0.422306 0.421727 0.406296 0.414643 0.426285 0.418003 0.423955 0.395572 0.427883 0.419007 0.413721 0.421925 0.41853 0.413926 0.429208 0.425449 0.400504 0.431576 0.437371 0.418576 0.432881 0.413938 0.431762 0.424287 0.415072 0.433298 0.43673 0.425154 0.439679 
0.425849 0.411373 0.435203 0.417909 0.426317 0.421783 0.428261 0.428578 0.421122 0.421882 0.422719 0.427145 0.430282 0.439493 0.422275 0.418996 0.42446 0.431509 0.424331 0.438951 0.420581 0.421219 0.417262 0.43909 0.427805 0.423144 0.429527 0.422054 0.415741 0.432407 0.424999 0.422191 0.426973 0.402514 0.413436 0.427615 0.41652 0.425834 0.396601 0.430087 0.418616 0.416309 0.421779 0.420736 0.412688 0.429988 0.42228 0.402275 0.433321 0.43546 0.420014 0.433426 0.421426 0.424149 0.426062 0.408818 0.425351 0.433714 0.420554 0.436226 
0.424356 0.41505 0.432451 0.421417 0.42138 0.426063 0.422594 0.420779 0.423108 0.427868 0.425252 0.42605 0.431701 0.435304 0.427324 0.424531 0.42475 0.429069 0.423583 0.439847 0.425458 0.424612 0.417594 0.438176 0.422399 0.43018 0.423304 0.410962 0.406882 0.428481 0.421266 0.419373 0.424962 0.411482 0.413216 0.419893 0.418168 0.421637 0.398378 0.431698 0.420243 0.416823 0.431544 0.419133 0.415138 0.431935 0.428021 0.395139 0.432132 0.446356 0.411643 0.431538 0.420698 0.425066 0.421851 0.411783 0.422792 0.436889 0.421613 0.443136 
0.419372 0.409391 0.43307 0.418042 0.422383 0.419078 0.422808 0.424528 0.416162 0.425679 0.423974 0.420303 0.428356 0.428672 0.426636 0.411415 0.423405 0.421014 0.418705 0.437528 0.427792 0.418189 0.415939 0.437619 0.421391 0.423259 0.422153 0.41188 0.404729 0.430208 0.418928 0.414132 0.418003 0.403475 0.407934 0.423067 0.418662 0.421061 0.402508 0.428504 0.416017 0.41616 0.417556 0.416425 0.40643 0.417433 0.42112 0.396629 0.426755 0.440075 0.401892 0.436195 0.412972 0.423901 0.421359 0.408091 0.429541 0.434667 0.419102 0.432748 
0.426186 0.414089 0.431872 0.427204 0.429311 0.415311 0.426006 0.433265 0.419369 0.437932 0.423083 0.429497 0.433598 0.434382 0.430383 0.426485 0.425818 0.434097 0.420536 0.435921 0.423172 0.425796 0.420475 0.436195 0.426398 0.427483 0.423 0.417255 0.4044 0.432373 0.420281 0.427508 0.421952 0.407627 0.41465 0.434563 0.416177 0.432717 0.410534 0.435888 0.423614 0.41272 0.42687 0.42861 0.415178 0.427495 0.431323 0.409596 0.436929 0.437169 0.420726 0.427361 0.417151 0.435042 0.41977 0.415817 0.426219 0.441847 0.430305 0.431696 
0.423851 0.411461 0.436927 0.417626 0.42949 0.42887 0.421147 0.419876 0.421728 0.431336 0.425947 0.42336 0.429598 0.435183 0.433569 0.421504 0.424471 0.42815 0.419966 0.441209 0.43098 0.420813 0.422943 0.435701 0.421601 0.427531 0.42716 0.413194 0.406066 0.432521 0.42286 0.422007 0.427584 0.40055 0.415735 0.425568 0.417325 0.425665 0.402928 0.428961 0.42073 0.414635 0.423419 0.416042 0.413755 0.43135 0.422711 0.405646 0.42555 0.439374 0.419542 0.432172 0.422789 0.422605 0.424979 0.413608 0.424503 0.444425 0.433564 0.432382 
0.418905 0.415392 0.430788 0.417562 0.428413 0.423506 0.416924 0.423968 0.42223 0.430255 0.423287 0.424248 0.42628 0.432825 0.423668 0.416359 0.424035 0.426016 0.428312 0.437435 0.424349 0.420093 0.419155 0.437903 0.42364 0.424042 0.425418 0.41741 0.40809 0.435291 0.424086 0.419436 0.425632 0.405954 0.41242 0.428555 0.421988 0.424414 0.40189 0.428055 0.422682 0.410659 0.421365 0.421161 0.416191 0.425939 0.424175 0.403988 0.429758 0.437276 0.412175 0.437865 0.413872 0.423947 0.421201 0.414775 0.422329 0.431373 0.429228 0.432433 
0.418695 0.409922 0.434737 0.425236 0.430556 0.425605 0.424251 0.423604 0.418542 0.431524 0.422845 0.428516 0.439887 0.430225 0.429351 0.424912 0.426346 0.426859 0.424827 0.443792 0.429772 0.415429 0.420415 0.441606 0.424043 0.427586 0.431941 0.41658 0.407713 0.425941 0.429471 0.421369 0.430179 0.411353 0.417196 0.424054 0.422968 0.420947 0.39959 0.433706 0.429413 0.416213 0.426672 0.426167 0.414291 0.426535 0.422796 0.403059 0.431539 0.446126 0.417247 0.440757 0.417569 0.42606 0.423336 0.412717 0.43043 0.43664 0.432189 0.439538 
0.42093 0.418874 0.438104 0.422126 0.432904 0.424952 0.423395 0.430076 0.422569 0.428962 0.420854 0.432187 0.431597 0.43527 0.42891 0.430209 0.421603 0.426506 0.427007 0.439189 0.429188 0.424709 0.421047 0.438241 0.42531 0.424807 0.434952 0.410479 0.408238 0.432552 0.419841 0.427194 0.425929 0.409207 0.416337 0.421022 0.417868 0.431608 0.4075 0.436367 0.42602 0.415056 0.425648 0.422458 0.413677 0.428782 0.423205 0.406566 0.432189 0.44041 0.417064 0.434944 0.421258 0.428392 0.423816 0.421966 0.430454 0.442358 0.433715 0.440848 
0.428873 0.412285 0.432798 0.423116 0.424821 0.419325 0.423936 0.428033 0.417624 0.429726 0.422248 0.425587 0.432745 0.434481 0.423578 0.418992 0.423874 0.435437 0.428409 0.439998 0.424913 0.423736 0.424244 0.439225 0.426445 0.422533 0.420249 0.414717 0.406651 0.426846 0.421477 0.421318 0.421178 0.409195 0.412373 0.427653 0.419695 0.426815 0.399495 0.429468 0.425127 0.414014 0.41791 0.414252 0.409519 0.431637 0.427376 0.401158 0.429457 0.436951 0.413845 0.429494 0.41429 0.423069 0.421365 0.419635 0.42559 0.438872 0.427361 0.43706 
0.424694 0.413111 0.432275 0.428836 0.431169 0.417513 0.42054 0.434444 0.421814 0.430438 0.423711 0.433332 0.427646 0.433757 0.429274 0.421636 0.421429 0.430335 0.423596 0.438174 0.427839 0.42291 0.422303 0.43848 0.429525 0.431391 0.423107 0.415631 0.411532 0.429757 0.421128 0.424729 0.432714 0.411396 0.41846 0.429894 0.424108 0.43002 0.405204 0.43235 0.421115 0.412604 0.419618 0.425865 0.424756 0.432018 0.425085 0.402999 0.432945 0.44214 0.415152 0.429643 0.419212 0.431265 0.423192 0.426473 0.42932 0.444607 0.433511 0.443967 
0.420409 0.416825 0.429031 0.426761 0.428921 0.426314 0.421075 0.424335 0.4204 0.42684 0.425297 0.422925 0.425431 0.432063 0.428157 0.428676 0.423257 0.426091 0.424353 0.436563 0.424547 0.417896 0.423377 0.433962 0.427188 0.421891 0.431852 0.415646 0.406885 0.430478 0.422069 0.421832 0.424017 0.402361 0.409856 0.421298 0.4199 0.426977 0.39983 0.426369 0.419524 0.407449 0.423442 0.420276 0.407558 0.42218 0.419361 0.400286 0.429883 0.438398 0.417875 0.427915 0.424513 0.423548 0.41989 0.421238 0.429838 0.434591 0.424679 0.439204 
0.416276 0.409856 0.432347 0.418924 0.415761 0.418866 0.428081 0.420194 0.414459 0.42236 0.422379 0.422152 0.42362 0.428985 0.423118 0.420471 0.418661 0.430309 0.42065 0.43821 0.422941 0.41724 0.417588 0.434094 0.418118 0.426942 0.425139 0.407356 0.404484 0.425578 0.419251 0.420742 0.422272 0.396726 0.407795 0.417095 0.406622 0.415891 0.403803 0.43216 0.423122 0.402957 0.419781 0.413402 0.413147 0.421239 0.419894 0.394935 0.425039 0.434764 0.412154 0.428769 0.40943 0.423229 0.414354 0.410221 0.42511 0.437551 0.418343 0.435131 
