0.0509634 0.0626896 0.0534308 0.0431035 0.0471477 0.05157 0.0449302 0.0408919 0.0615857 0.0480528 0.0481823 0.0450846 0.0403765 0.0514023 0.0436452 0.048656 0.0387279 0.038411 0.0513727 0.0836768 0.0506211 0.046115 0.0597215 0.0570143 0.0455659 0.0390905 0.0504173 0.0673734 0.0838514 0.0468163 0.046202 0.0440564 0.0515069 0.0906974 0.072866 0.054376 0.0678155 0.0522741 0.093009 0.0464592 0.0607683 0.0669749 0.0532962 0.0514306 0.063831 0.0405889 0.0545818 0.0967581 0.0411669 0.0846701 0.052727 0.0380346 0.0635211 0.0503196 0.0476268 0.0557501 0.0475539 0.0809433 0.0444691 0.073874 
0.0438702 0.0535973 0.0619791 0.0464021 0.0457278 0.0432952 0.0425373 0.0634229 0.0530468 0.0528889 0.0417007 0.0413257 0.0449107 0.057205 0.049163 0.049775 0.0434163 0.0566471 0.0410194 0.0831458 0.0420554 0.0443996 0.0491148 0.0738806 0.0430418 0.0638579 0.0464271 0.0449416 0.0721769 0.0706399 0.0430827 0.0588954 0.0444321 0.0775418 0.0593364 0.0484454 0.0553252 0.0603453 0.0711309 0.0822096 0.0393817 0.0544697 0.0412993 0.0405035 0.0428819 0.0552053 0.0553439 0.0759406 0.0558001 0.0937852 0.0459407 0.0490315 0.0509001 0.0431982 0.0423482 0.0562236 0.0355242 0.0958047 0.047402 0.0746729 
0.0921349 0.111637 0.0656183 0.0947984 0.0889574 0.089243 0.0871119 0.0758143 0.0919331 0.0699933 0.0739813 0.0842348 0.0835894 0.0819925 0.0740757 0.0750077 0.0862647 0.071448 0.0738165 0.0467074 0.0796955 0.0846483 0.085976 0.0701659 0.0935919 0.063998 0.091132 0.098134 0.12451 0.0707155 0.0926127 0.0669426 0.0869358 0.119577 0.11651 0.0854426 0.115963 0.082186 0.140535 0.0673126 0.100502 0.112199 0.0867799 0.0902197 0.105336 0.0683315 0.0854651 0.15035 0.0844474 0.0493548 0.104023 0.0739307 0.114638 0.0835504 0.0914644 0.118842 0.101295 0.0539356 0.086403 0.0595033 
0.042251 0.0667217 0.0527357 0.0584929 0.0509667 0.0483524 0.0439316 0.0826595 0.0631263 0.0506775 0.0439812 0.0507888 0.0564186 0.0548808 0.0477581 0.0460292 0.0593242 0.0589155 0.040939 0.0852005 0.054878 0.0469164 0.0615447 0.0707964 0.043887 0.0606508 0.048902 0.0587772 0.075981 0.054663 0.0552062 0.0443636 0.0513141 0.082325 0.0748669 0.0493619 0.0584323 0.0478953 0.0799258 0.0643228 0.0627904 0.0698264 0.0571377 0.054424 0.0551737 0.053454 0.0499081 0.086768 0.0551344 0.0761577 0.0578764 0.0507661 0.0572627 0.0554418 0.0548097 0.0617059 0.0495572 0.0815008 0.0405665 0.0697216 
0.047326 0.053467 0.060288 0.03798 0.0513964 0.0413573 0.0338382 0.0648644 0.0461011 0.0520691 0.0434339 0.0621501 0.0564506 0.0637521 0.0492096 0.0404357 0.0532453 0.0499541 0.0549972 0.0985834 0.0454836 0.0444515 0.0506885 0.0814593 0.051652 0.0688144 0.05026 0.0471007 0.0624034 0.058948 0.040891 0.0453268 0.0476664 0.0743485 0.0575801 0.0556153 0.0518632 0.0489449 0.0746516 0.0626372 0.0428917 0.0542977 0.0619966 0.0418295 0.0510249 0.0516965 0.0579309 0.0751983 0.067988 0.0844026 0.0473221 0.058846 0.0502637 0.0663682 0.0509424 0.0503207 0.043519 0.0968304 0.0437704 0.0877121 
0.0806888 0.0881977 0.0522457 0.086775 0.0594098 0.0814425 0.0683333 0.0621516 0.0772011 0.0604746 0.0699624 0.0697201 0.0559958 0.0591474 0.0614582 0.0759471 0.06658 0.0512147 0.0658164 0.0493421 0.0759941 0.0733123 0.0816272 0.0416415 0.0681963 0.051078 0.0789224 0.0778216 0.110528 0.0492502 0.0642395 0.06507 0.0732873 0.128951 0.107386 0.0697576 0.096987 0.0626686 0.13152 0.0483493 0.0681621 0.0875092 0.0747843 0.08067 0.0864707 0.0560833 0.0659035 0.130523 0.0610066 0.050012 0.0738743 0.0614897 0.0828985 0.0541703 0.0754789 0.098519 0.0722384 0.0407644 0.0702671 0.0511041 
0.0929025 0.119505 0.0640189 0.0820949 0.0776845 0.0884369 0.08935 0.0715996 0.0865798 0.0868856 0.0901419 0.0735399 0.0881289 0.0648796 0.0878551 0.0792882 0.0896529 0.0799576 0.0860684 0.0558682 0.0902323 0.0856093 0.0911281 0.054308 0.0895951 0.0725065 0.0836518 0.110472 0.134452 0.0709359 0.0896618 0.0877521 0.0944513 0.129541 0.120619 0.081198 0.120296 0.0743639 0.15254 0.0547072 0.0931602 0.110064 0.0862256 0.095285 0.0979824 0.0709618 0.0842676 0.145922 0.0781137 0.051786 0.0904492 0.0654167 0.104289 0.0704814 0.0987913 0.107477 0.0971427 0.0567835 0.096 0.060838 
0.13551 0.0817896 0.149651 0.110929 0.130249 0.124893 0.12138 0.133903 0.122366 0.148773 0.133139 0.145719 0.122245 0.140604 0.120647 0.132306 0.133185 0.147998 0.143592 0.173851 0.120129 0.11263 0.11 0.163823 0.12745 0.142538 0.131263 0.108501 0.0679886 0.141038 0.121134 0.140368 0.131363 0.0648043 0.0976831 0.12495 0.100695 0.140594 0.079644 0.146032 0.11258 0.0953533 0.141299 0.104608 0.106724 0.144284 0.132115 0.0572176 0.145787 0.190431 0.11364 0.138767 0.106553 0.13795 0.131628 0.103616 0.124457 0.178906 0.12594 0.17612 
0.0445202 0.0543989 0.0698492 0.0435696 0.0478274 0.0484886 0.0407587 0.0668962 0.0474482 0.0450348 0.0474305 0.0562067 0.0473196 0.0679181 0.0490027 0.0449758 0.0451445 0.0709615 0.0528542 0.0737297 0.0437956 0.0375482 0.0479094 0.0821654 0.0445943 0.0638808 0.0513856 0.0546114 0.0733673 0.0673977 0.0442867 0.0383045 0.0406655 0.0841001 0.0599538 0.047578 0.0481856 0.045917 0.0844445 0.0709738 0.048175 0.0530871 0.0555855 0.0478337 0.0486506 0.0580675 0.043358 0.0860852 0.0519481 0.0914795 0.0424145 0.0595669 0.0531558 0.0514743 0.0372542 0.0509232 0.0426234 0.082218 0.0406305 0.0940804 
0.0499338 0.0447894 0.0822785 0.0558919 0.0727197 0.0521917 0.0636643 0.0885999 0.0459075 0.0777001 0.0464276 0.0809045 0.0650307 0.0897625 0.0587233 0.0619839 0.0639379 0.0772741 0.070521 0.104174 0.0557527 0.0711141 0.0602465 0.108129 0.0702615 0.088131 0.0521821 0.0416172 0.0501706 0.0848135 0.0568115 0.0661942 0.0554073 0.0596037 0.0442666 0.0655576 0.0424056 0.0635365 0.0467696 0.0806761 0.0435128 0.0475384 0.0783844 0.0459839 0.0505592 0.0681378 0.0652619 0.0621222 0.0673981 0.110807 0.0459334 0.071949 0.0442323 0.0699749 0.0633945 0.0416194 0.0663916 0.108693 0.0589168 0.108235 
0.0642062 0.0483097 0.082929 0.0491732 0.0604912 0.0509302 0.0489843 0.0779528 0.0522837 0.0729223 0.06105 0.0664483 0.0690019 0.0854357 0.0663843 0.0580493 0.068559 0.0713149 0.0629945 0.107631 0.0550586 0.0626621 0.0521932 0.0983483 0.0649423 0.0809708 0.06954 0.051742 0.0680912 0.0918305 0.0543141 0.0666648 0.0693391 0.0692146 0.046516 0.0540249 0.048287 0.0561756 0.0549536 0.0981046 0.0575915 0.0548572 0.0661376 0.0436895 0.0455065 0.0858256 0.065055 0.0712641 0.0623057 0.102653 0.0469199 0.0891961 0.0451901 0.0779841 0.0605754 0.045734 0.051653 0.111398 0.0509171 0.116746 
0.0440539 0.0676365 0.0397971 0.0549162 0.0581959 0.0544871 0.0533995 0.0461693 0.0642699 0.0410095 0.0492186 0.0511483 0.0419979 0.0513704 0.0375273 0.0536522 0.04755 0.0407013 0.0489994 0.0660611 0.0522099 0.05811 0.0512419 0.0482091 0.0479291 0.0386535 0.0507838 0.0769575 0.0903584 0.0459032 0.0567914 0.0544162 0.0509005 0.0840992 0.0772707 0.0637208 0.0604034 0.0504249 0.097954 0.0506945 0.0455487 0.0744187 0.0446292 0.056418 0.0723727 0.0425779 0.056841 0.101654 0.0438518 0.0689491 0.0597216 0.044517 0.0697604 0.0408005 0.0539207 0.0627823 0.0393661 0.0602453 0.0490475 0.0694131 
0.0435121 0.0534292 0.078077 0.037084 0.0385463 0.0471472 0.0465929 0.0624806 0.0426384 0.0603619 0.0444549 0.0617565 0.064612 0.0754047 0.0484652 0.0489195 0.0515578 0.0720194 0.0607382 0.0987647 0.0444471 0.0623138 0.061195 0.0901716 0.0448364 0.0706465 0.0465437 0.0492371 0.0614568 0.0640471 0.0416264 0.0517817 0.0636779 0.070233 0.0504241 0.050446 0.048577 0.0590939 0.071441 0.0737301 0.0419107 0.0548577 0.0537997 0.0504994 0.0400247 0.0648313 0.0436688 0.0733945 0.0585645 0.109445 0.0520195 0.0767504 0.0503298 0.0547404 0.0485945 0.0504289 0.0440862 0.0957741 0.0500685 0.0804171 
0.0574838 0.0491498 0.0951428 0.0617503 0.0567081 0.0489903 0.055884 0.0877593 0.0442995 0.0752242 0.0553915 0.0700086 0.0720661 0.0886804 0.0702252 0.0626622 0.0717015 0.0799736 0.0717188 0.104121 0.0465068 0.056824 0.0527627 0.120373 0.0651256 0.0915609 0.0592954 0.0419615 0.0623866 0.103113 0.0536049 0.0793545 0.0835864 0.0661872 0.0476924 0.0598543 0.0500932 0.0782863 0.0633925 0.0856177 0.0469523 0.05207 0.0723244 0.0620647 0.0440084 0.0918585 0.0765053 0.0658372 0.0747371 0.114804 0.0606782 0.0854466 0.0391347 0.0885463 0.0387925 0.0417103 0.0558113 0.116257 0.0608633 0.101769 
0.0566884 0.0477481 0.0718898 0.058632 0.0540735 0.0537489 0.0552963 0.0781526 0.0505917 0.0730748 0.0546228 0.0642945 0.0528479 0.0862041 0.0517849 0.0590318 0.0528975 0.0737575 0.0819704 0.0968763 0.052198 0.0519722 0.0534613 0.101928 0.0671895 0.0814507 0.0575194 0.0474048 0.0568379 0.0933757 0.0458471 0.0487858 0.0536869 0.0701609 0.0585421 0.0600021 0.0440045 0.0680727 0.0673309 0.0899234 0.0535653 0.0548976 0.0646991 0.0534261 0.0481183 0.0828587 0.0660596 0.0633568 0.0758643 0.125133 0.042663 0.0805492 0.046068 0.079303 0.0602342 0.0459365 0.0637059 0.120285 0.0530396 0.102481 
