0.448403 0.43605 0.45393 0.443732 0.449977 0.441718 0.443304 0.443481 0.437668 0.444468 0.440975 0.448603 0.446634 0.445887 0.444251 0.442196 0.449789 0.45123 0.444808 0.457091 0.44491 0.442779 0.439611 0.455569 0.446224 0.445869 0.451051 0.438734 0.433927 0.446089 0.449468 0.44388 0.448573 0.428777 0.43875 0.441359 0.436443 0.446917 0.430222 0.440021 0.440142 0.433809 0.440098 0.433386 0.43654 0.444537 0.441008 0.425577 0.45119 0.455519 0.437284 0.455141 0.440574 0.445485 0.44011 0.441187 0.447048 0.45055 0.449429 0.455833 
0.445239 0.435759 0.4553 0.443071 0.448562 0.445181 0.443673 0.443394 0.445384 0.446596 0.444286 0.444247 0.444533 0.452097 0.44287 0.446288 0.442902 0.446232 0.446398 0.456053 0.4447 0.442535 0.443237 0.459309 0.444225 0.446431 0.445316 0.438091 0.43156 0.450383 0.441613 0.440981 0.448679 0.431 0.439457 0.441981 0.435919 0.450358 0.428032 0.448399 0.446166 0.43621 0.437338 0.437631 0.441316 0.450417 0.444259 0.432858 0.445772 0.448685 0.435688 0.449903 0.439514 0.445301 0.447563 0.432501 0.44932 0.454432 0.444485 0.453357 
0.440791 0.434346 0.444568 0.438068 0.441404 0.438443 0.439764 0.447501 0.44168 0.451851 0.441177 0.442904 0.445702 0.450945 0.449633 0.444725 0.441761 0.449766 0.442992 0.458403 0.447894 0.440922 0.445164 0.453172 0.446399 0.439692 0.448535 0.439086 0.439964 0.448261 0.438593 0.446144 0.44717 0.433695 0.435756 0.448143 0.439402 0.441696 0.42535 0.442919 0.443546 0.4403 0.440238 0.436909 0.437812 0.449524 0.450836 0.425153 0.447861 0.45479 0.438379 0.453354 0.434159 0.453717 0.445927 0.43675 0.446094 0.449797 0.441903 0.455258 
0.446983 0.439623 0.453009 0.446387 0.455151 0.442921 0.448975 0.443327 0.43861 0.445994 0.442425 0.448609 0.446034 0.45743 0.446235 0.449488 0.444667 0.453221 0.450644 0.452598 0.447878 0.446542 0.44719 0.456837 0.447102 0.448338 0.449447 0.434391 0.442467 0.450848 0.448042 0.446122 0.450337 0.433006 0.43683 0.444708 0.447179 0.45188 0.429277 0.451682 0.447419 0.437394 0.440306 0.440419 0.447809 0.455087 0.448914 0.429124 0.454475 0.454768 0.44422 0.456052 0.446631 0.444718 0.446484 0.437695 0.445737 0.455575 0.4485 0.453002 
0.44526 0.437837 0.450755 0.435509 0.447193 0.444002 0.442002 0.446966 0.438306 0.443363 0.450329 0.441417 0.452105 0.449352 0.445143 0.443295 0.447776 0.444707 0.446428 0.459008 0.445433 0.432033 0.439624 0.445154 0.441864 0.435242 0.442734 0.437717 0.433987 0.450355 0.442688 0.44448 0.443098 0.427115 0.43861 0.441873 0.440336 0.442176 0.423301 0.446863 0.442381 0.433257 0.444295 0.442156 0.432135 0.451106 0.444998 0.435603 0.455596 0.456541 0.435874 0.448495 0.440191 0.447468 0.446715 0.43637 0.441782 0.459077 0.444561 0.455159 
0.442538 0.434731 0.445614 0.435097 0.44382 0.442331 0.440064 0.443842 0.438458 0.439571 0.440611 0.448264 0.442317 0.451779 0.444893 0.43725 0.445563 0.44677 0.437514 0.453686 0.445801 0.437546 0.446299 0.455567 0.435353 0.44521 0.448868 0.437428 0.436071 0.446488 0.441637 0.444019 0.448442 0.430279 0.440434 0.45101 0.44038 0.444831 0.423509 0.450231 0.444912 0.432626 0.438431 0.438051 0.43532 0.448966 0.450653 0.428332 0.44809 0.453265 0.436865 0.447384 0.438958 0.439517 0.445723 0.428518 0.449063 0.459334 0.445885 0.451232 
0.439328 0.439594 0.448866 0.441511 0.44326 0.446585 0.447038 0.447299 0.439204 0.450375 0.443526 0.446702 0.44162 0.447324 0.444714 0.44345 0.439695 0.449254 0.448325 0.453506 0.445385 0.44164 0.437145 0.449014 0.442725 0.44288 0.447787 0.438046 0.429203 0.446422 0.438284 0.442609 0.44689 0.437645 0.440129 0.441572 0.440396 0.445484 0.428267 0.445564 0.43954 0.433447 0.436398 0.439258 0.437968 0.446222 0.441625 0.430144 0.443888 0.45468 0.442255 0.446166 0.437587 0.443263 0.441535 0.445451 0.45262 0.456396 0.448857 0.457752 
0.438071 0.432262 0.444134 0.442309 0.43999 0.440092 0.444868 0.444683 0.438851 0.447481 0.444515 0.450397 0.4485 0.450382 0.447877 0.446995 0.444316 0.446083 0.439598 0.454143 0.445405 0.442502 0.446629 0.454229 0.443918 0.437854 0.443932 0.436634 0.430843 0.449282 0.439924 0.432787 0.445985 0.429811 0.435731 0.446844 0.438839 0.439292 0.427939 0.444321 0.443486 0.434348 0.442459 0.438052 0.439897 0.447747 0.445879 0.42606 0.445886 0.457633 0.4359 0.454078 0.439398 0.449628 0.441154 0.436164 0.447422 0.451517 0.448464 0.458001 
0.440454 0.438974 0.447677 0.444028 0.449717 0.447237 0.445945 0.446235 0.439634 0.45221 0.436753 0.448151 0.444852 0.450354 0.440826 0.441205 0.43916 0.448951 0.44363 0.450976 0.442495 0.442246 0.442133 0.451806 0.447332 0.449277 0.441426 0.438016 0.428255 0.450437 0.443316 0.443874 0.448235 0.434557 0.436798 0.440776 0.439717 0.439109 0.426204 0.444547 0.441332 0.434306 0.438764 0.437565 0.443959 0.439674 0.442015 0.425381 0.453011 0.461092 0.442953 0.455518 0.435792 0.448784 0.445681 0.441485 0.438317 0.459246 0.445568 0.453431 
0.444666 0.430008 0.453127 0.443622 0.448049 0.447905 0.446874 0.447419 0.446869 0.445963 0.442528 0.453923 0.451726 0.451366 0.444773 0.447815 0.441085 0.4517 0.447951 0.454805 0.447061 0.443856 0.447211 0.460619 0.443815 0.445862 0.449252 0.437811 0.435897 0.453162 0.447238 0.443321 0.451571 0.430416 0.443229 0.447302 0.443977 0.447646 0.434229 0.454458 0.448048 0.442187 0.443831 0.447135 0.442876 0.454302 0.442956 0.430601 0.450516 0.460353 0.442387 0.455473 0.441877 0.442868 0.442519 0.444358 0.44431 0.461939 0.451514 0.455609 
0.441889 0.436411 0.446033 0.438187 0.443658 0.441019 0.444963 0.445951 0.436235 0.444216 0.441736 0.44487 0.444539 0.452717 0.447371 0.443625 0.438773 0.446335 0.443234 0.45695 0.447825 0.439937 0.440554 0.454174 0.441254 0.442884 0.447537 0.434532 0.431979 0.450975 0.445896 0.437609 0.442767 0.434217 0.433079 0.445604 0.440605 0.450235 0.419021 0.449095 0.437558 0.440052 0.439493 0.433252 0.436413 0.444289 0.439188 0.423769 0.453417 0.453014 0.437967 0.44869 0.441916 0.441953 0.442144 0.436417 0.444131 0.449135 0.440139 0.449434 
0.443102 0.430838 0.450563 0.439259 0.442047 0.443891 0.444157 0.448699 0.440577 0.44058 0.440524 0.443411 0.445269 0.448849 0.450582 0.441074 0.445338 0.44547 0.441758 0.455679 0.446721 0.439737 0.444362 0.45036 0.441097 0.438917 0.444442 0.438527 0.427624 0.449236 0.443676 0.439289 0.443937 0.428567 0.43875 0.448067 0.434155 0.447712 0.422125 0.445516 0.440323 0.435651 0.442229 0.435654 0.430865 0.445581 0.444971 0.426249 0.445363 0.448587 0.443557 0.453967 0.441624 0.44446 0.44274 0.437435 0.445411 0.456879 0.446883 0.451806 
0.447325 0.43884 0.450839 0.441064 0.449912 0.446762 0.448135 0.442462 0.442145 0.452353 0.444627 0.447228 0.453485 0.452303 0.451445 0.438247 0.443647 0.451464 0.444275 0.45797 0.45076 0.44658 0.439705 0.454231 0.447256 0.450196 0.443608 0.434893 0.431477 0.442041 0.442511 0.442895 0.452838 0.4261 0.436646 0.447777 0.437275 0.447568 0.432064 0.44907 0.441285 0.443772 0.443383 0.441897 0.436328 0.449266 0.446425 0.424885 0.444568 0.456413 0.437633 0.45369 0.432901 0.446167 0.441626 0.444027 0.447388 0.453763 0.447401 0.452827 
0.434918 0.430558 0.45081 0.441836 0.445803 0.439635 0.436112 0.443976 0.440508 0.447074 0.445172 0.449351 0.442977 0.45197 0.443249 0.443391 0.436472 0.441405 0.444494 0.453554 0.439946 0.435203 0.444222 0.453167 0.445221 0.437814 0.443061 0.440576 0.428216 0.44175 0.441362 0.435982 0.444136 0.431405 0.439404 0.450058 0.439771 0.435738 0.420729 0.450456 0.437533 0.435023 0.436562 0.44077 0.436235 0.448348 0.445216 0.426282 0.447474 0.457161 0.43691 0.446011 0.440979 0.44289 0.439316 0.434175 0.444376 0.451191 0.443224 0.452243 
0.444197 0.443252 0.448078 0.445886 0.448157 0.438178 0.445237 0.444776 0.436635 0.444134 0.437535 0.444502 0.447028 0.450876 0.442206 0.443124 0.435472 0.44808 0.441408 0.460283 0.441482 0.440869 0.437231 0.453147 0.445987 0.44406 0.447434 0.438142 0.433948 0.449803 0.447494 0.44868 0.440735 0.43377 0.436733 0.438871 0.438388 0.445585 0.434425 0.444719 0.442994 0.442514 0.441627 0.441175 0.438099 0.44443 0.443425 0.42774 0.451122 0.458797 0.441054 0.454093 0.440426 0.445036 0.446499 0.442677 0.447598 0.459606 0.447249 0.452646 
